Connected!
linha fdp!!!!
0.270.651826,0.308333,0.257576,0.211167,0.23385,0.427989,0.972441,0.862205,0.374016,0.13983,0,0,1,0,0,0,0,0,0,0,0,0,0,0,0,0,0,0,0,0,0,0,0,0,0,0,0,0,0,0,0,0,0,0,0,1,0,0,0,0,0,0,0,0,2
java.lang.NumberFormatException: multiple points
linha fdp!!!!
0.477739,0.411111,0.287879,0.030064,0.236434,0.0.383192,0.308333,0.106061,0,0.223514,0.173809,0.917323,0.913386,0.515748,0.885125,1,0,0,0,0,0,0,0,0,0,0,0,0,0,0,0,0,0,0,1,0,0,0,0,0,0,0,0,0,0,0,0,0,0,0,0,0,0,0,0,0,0,0,0,2
java.lang.NumberFormatException: multiple points
linha fdp!!!!
0.495748,0.183333,0.136364,0.09592,0.24031,0.526205,0.900.533767,0.030556,0.151515,0.273443,0.282946,0.620346,0.826772,0.870079,0.57874,0.781681,1,0,0,0,0,0,0,0,0,0,0,0,0,0,0,1,0,0,0,0,0,0,0,0,0,0,0,0,0,0,0,0,0,0,0,0,0,0,0,0,0,0,0,0,10.531766,0.069444,0.151515,0.258411,0.290698,0.616552,0.846457,0.862205,0.551181,0.785585,1,0,0,0,0,0,0,0,0,0,0,0,0,0,0,1,0,0,0,0,0,0,0,0,0,0,0,0,0,0,0,0,0,0,0,0,0,0,0,0,0,0,0,0,1
java.lang.NumberFormatException: multiple points
linha fdp!!!!
0.444722,0.020.522261,0.847222,0.363636,0.090909,0.30491,0.754953,0.574803,0.862205,0.822835,0.67545,1,0,0,0,0,0,0,0,0,0,0,0,0,0,0,0,0,0,0,0,0,0,0,0,0,0,0,1,0,0,0,0,0,0,0,0,0,0,0,0,0,0,0,0,20.527264,0.833333,0.378788,0.107373,0.325581,0.751159,0.566929,0.870079,0.84252,0.679214,1,0,0,0,0,0,0,0,0,0,0,0,0,0,0,0,0,0,0,0,0,0,0,0,0,0,0,1,0,0,0,0,0,0,0,0,0,0,0,0,0,0,0,0,2
java.lang.NumberFormatException: multiple points
linha fdp!!!!
0.569785,0.680556,0.130.574787,0.4,0.19697,0.339298,0.338501,0.793171,0.940945,0.933071,0.492126,0.409452,1,0,0,0,0,0,0,0,0,0,0,0,0,0,0,0,0,0,0,0,0,0,0,0,0,0,0,0,0,0,0,0,1,0,0,0,0,0,0,0,0,0,0,0,1
java.lang.NumberFormatException: multiple points
linha fdp!!!!
0.548274,0.263889,0.136364,0.193271,0.260982,0.704089,0.92126,0.89370.422211,0.191667,0.242424,0.279885,0.258398,0.181397,0.925197,0.811024,0.385827,0.402203,1,0,0,0,0,0,0,0,0,0,0,0,0,0,0,1,0,0,0,0,0,0,0,0,0,0,0,0,0,0,0,0,0,0,0,0,0,0,0,0,0,0,0,0,20.41921,0.116667,0.090909,0.298497,0.24677,0.177884,0.870079,0.893701,0.555118,0.399275,1,0,0,0,0,0,0,0,0,0,0,0,0,0,0,1,0,0,0,0,0,0,0,0,0,0,0,0,0,0,0,0,0,0,0,0,0,0,0,0,0,0,0,0,2
java.lang.NumberFormatException: multiple points
linha fdp!!!!
0.468234,0.138889,0.227273,0.319256,0.200258,0.2470140.464732,0.138889,0.242424,0.334288,0.196382,0.242939,0.885827,0.799213,0.42126,0.33877,1,0,0,0,0,0,0,0,0,0,0,0,0,0,0,1,0,0,0,0,0,0,0,0,0,0,0,0,0,0,0,0,0,0,0,0,0,0,0,0,0,0,0,0,20.461231,0.158333,0.257576,0.34932,0.187339,0.239708,0.905512,0.799213,0.393701,0.335146,1,0,0,0,0,0,0,0,0,0,0,0,0,0,0,1,0,0,0,0,0,0,0,0,0,0,0,0,0,0,0,0,0,0,0,0,0,0,0,0,0,0,0,0,2
java.lang.NumberFormatException: multiple points
linha fdp!!!!
0.587794,0.127778,0.242424,0.107373,0.27907,0.780526,0.87790.427714,0.569444,0.121212,0.163207,0.235142,0.219193,0.850394,0.972441,0.65748,0.10665,1,0,0,0,0,0,0,0,0,0,0,0,0,0,0,1,0,0,0,0,0,0,0,0,0,0,0,0,0,0,0,0,0,0,0,0,0,0,0,0,0,0,0,0,20.427714,0.522222,0.151515,0.173228,0.239018,0.214978,0.870079,0.976378,0.629921,0.102468,1,0,0,0,0,0,0,0,0,0,0,0,0,0,0,1,0,0,0,0,0,0,0,0,0,0,0,0,0,0,0,0,0,0,0,0,0,0,0,0,0,0,0,0,2
java.lang.NumberFormatException: multiple points
linha fdp!!!!
0.563282,0.05,0.250.627314,0.980556,0.166667,0.085898,0.236434,0.473655,0.791339,0.870079,0.622047,0.417538,1,0,0,0,0,0,0,0,0,0,0,0,0,0,0,0,0,0,0,0,0,0,0,0,0,0,0,1,0,0,0,0,0,0,0,0,0,0,0,0,0,0,0,0,1
java.lang.NumberFormatException: multiple points
linha fdp!!!!
0.552276,0.736111,0.121212,0.167502,0.224806,0.8020230.588794,0.669444,0.30303,0.328561,0.302326,0.840382,0.69685,0.992126,0.818898,0.242437,1,0,0,0,0,0,0,0,0,0,0,0,0,0,0,0,0,0,0,0,0,0,0,0,0,0,0,0,0,0,0,0,1,0,0,0,0,0,0,0,0,0,0,0,20.593797,0.65,0.30303,0.34932,0.315245,0.844597,0.716535,0.996063,0.80315,0.238394,1,0,0,0,0,0,0,0,0,0,0,0,0,0,0,0,0,0,0,0,0,0,0,0,0,0,0,0,0,0,0,0,1,0,0,0,0,0,0,0,0,0,0,0,2
java.lang.NumberFormatException: multiple points
learning evaluation instances,Wall Time (Actual Time),Avg Delay (ms),outRate (inst/s),classified instances,classifications correct (percent),Kappa Statistic (percent),Kappa Temporal Statistic (percent),Kappa M Statistic (percent),F1 Score (percent),F1 Score for class 0 (percent),F1 Score for class 1 (percent),F1 Score for class 2 (percent),F1 Score for class 3 (percent),F1 Score for class 4 (percent),F1 Score for class 5 (percent),F1 Score for class 6 (percent),Precision (percent),Precision for class 0 (percent),Precision for class 1 (percent),Precision for class 2 (percent),Precision for class 3 (percent),Precision for class 4 (percent),Precision for class 5 (percent),Precision for class 6 (percent),Recall (percent),Recall for class 0 (percent),Recall for class 1 (percent),Recall for class 2 (percent),Recall for class 3 (percent),Recall for class 4 (percent),Recall for class 5 (percent),Recall for class 6 (percent),model training instances,model serialized size (bytes),ensemble size,[avg] model training instances,[err] model training instances,[avg] model serialized size (bytes),[err] model serialized size (bytes),[avg] tree size (nodes),[err] tree size (nodes),[avg] tree size (leaves),[err] tree size (leaves),[avg] active learning leaves,[err] active learning leaves,[avg] tree depth,[err] tree depth,[avg] active leaf byte size estimate,[err] active leaf byte size estimate,[avg] inactive leaf byte size estimate,[err] inactive leaf byte size estimate,[avg] byte size estimate overhead,[err] byte size estimate overhead
299750.0,120.01000213623047,18.0,2497.70849609375,299700.0,77.22222222222223,58.64256699879922,-390.83261432269234,47.760108971808144,51.572670796751794,?,69.799455937243,83.95054352696452,76.97630246020259,40.87301587301587,30.58592654892066,34.35883093273668,62.04504850492603,0.0,79.92060962535857,77.58731465400408,71.82159584792606,61.8,69.40203562340967,73.78378378378379,44.12496455279598,0.0,61.95364089663538,91.45076647280516,82.92813641900122,30.533596837944664,19.615246314275442,22.393364928909953,0.0,1.0,25.0,223875.6,104335.94675973376,1.0,0.0,49.199999999999996,40.91352669554003,20.679999999999996,22.7499450548787,20.679999999999996,22.7499450548787,5.399999999999999,4.031128874149275,0.0,0.0,0.0,0.0,1.0,0.0
