Connected!
linha fdp!!!!
0.568284,0.647222,0.212121,0.456693,0.3380.504752,0.080556,0.30303,0.068003,0.26615,0.473374,0.822835,0.755906,0.440945,0.344068,1,0,0,0,0,0,0,0,0,0,0,0,0,0,0,0,0,0,0,0,0,0,0,0,0,0,1,0,0,0,0,0,0,0,0,0,0,0,0,0,0,0,0,0,10.502751,0.355556,0.121212,0.322835,0.30491,0.385134,0.92126,0.925197,0.523622,0.378224,1,0,0,0,0,0,0,0,0,0,0,0,0,0,0,1,0,0,0,0,0,0,0,0,0,0,0,0,0,0,0,0,0,0,0,0,0,0,0,0,0,0,0,0,2
java.lang.NumberFormatException: multiple points
linha fdp!!!!
0.592796,0.094444,0.333333,0.04796,0.20.558279,0.047222,0.106061,0.287759,0.414729,0.725868,0.84252,0.885827,0.57874,0.714764,1,0,0,0,0,0,0,0,0,0,0,0,0,0,0,1,0,0,0,0,0,0,0,0,0,0,0,0,0,0,0,0,0,0,0,0,0,0,0,0,0,0,0,0,10.558279,0.983333,0.136364,0.307802,0.414729,0.722074,0.811024,0.885827,0.622047,0.718528,1,0,0,0,0,0,0,0,0,0,0,0,0,0,0,1,0,0,0,0,0,0,0,0,0,0,0,0,0,0,0,0,0,0,0,0,0,0,0,0,0,0,0,0,1
java.lang.NumberFormatException: multiple points
linha fdp!!!!
0.57979,0.355556,0.30303,0.2398,0.435401,0.882254,0.976378,0.88189,0.374016,0.0.50075,0.905556,0.181818,0.04796,0.249354,0.809751,0.748031,0.889764,0.692913,0.640178,1,0,0,0,0,0,0,0,0,0,0,0,0,0,0,0,0,0,0,0,0,0,0,0,0,0,0,1,0,0,0,0,0,0,0,0,0,0,0,0,0,0,0,0,20.502251,0.941667,0.227273,0.060845,0.244186,0.805958,0.728346,0.850394,0.665354,0.643943,1,0,0,0,0,0,0,0,0,0,0,0,0,0,0,0,0,0,0,0,0,0,0,0,0,0,0,1,0,0,0,0,0,0,0,0,0,0,0,0,0,0,0,0,2
java.lang.NumberFormatException: multiple points
linha fdp!!!!
0.505750.584292,0.613889,0.227273,0.399427,0.354005,0.801742,0.787402,0.996063,0.732283,0.435104,1,0,0,0,0,0,0,0,0,0,0,0,0,0,0,0,0,0,0,0,0,0,0,0,0,0,0,0,0,0,0,0,1,0,0,0,0,0,0,0,0,0,0,0,2
java.lang.NumberFormatException: multiple points
linha fdp!!!!
0.577789,0.075,0.106061,0.459556,0.346253,0.741324,0.858268,0.8850.433217,0.897222,0.075758,0.09592,0.22739,0.337642,0.818898,0.925197,0.653543,0.607417,1,0,0,0,0,0,0,0,0,0,0,0,0,0,0,1,0,0,0,0,0,0,0,0,0,0,0,0,0,0,0,0,0,0,0,0,0,0,0,0,0,0,0,0,20.435718,0.95,0.045455,0.115963,0.24031,0.333427,0.838583,0.925197,0.625984,0.60421,1,0,0,0,0,0,0,0,0,0,0,0,0,0,0,1,0,0,0,0,0,0,0,0,0,0,0,0,0,0,0,0,0,0,0,0,0,0,0,0,0,0,0,0,2
java.lang.NumberFormatException: multiple points
linha fdp!!!!
0.587794,0.519444,0.19697,0.644238,0.414729,0.799635,0.8700.513757,0.897222,0.106061,0,0.223514,0.843333,0.795276,0.917323,0.669291,0.664575,1,0,0,0,0,0,0,0,0,0,0,0,0,0,0,0,0,0,0,0,0,0,0,0,0,0,0,0,0,0,0,0,0,1,0,0,0,0,0,0,0,0,0,0,20.515758,0.775,0.227273,0,0.223514,0.846003,0.69685,0.948819,0.799213,0.667782,1,0,0,0,0,0,0,0,0,0,0,0,0,0,0,0,0,0,0,0,0,0,0,0,0,0,0,0,0,0,0,0,0,1,0,0,0,0,0,0,0,0,0,0,2
java.lang.NumberFormatException: multiple points
linha fdp!!!!
0.572786,0.280556,0.272727,0.154617,0.264858,0.717859,0.972441,0.838583,0.30.398199,0.013889,0.075758,0.021475,0.217054,0.279472,0.838583,0.905512,0.606299,0.238952,1,0,0,0,0,0,0,0,0,0,0,0,0,0,0,0,0,0,0,1,0,0,0,0,0,0,0,0,0,0,0,0,0,0,0,0,0,0,0,0,0,0,0,0,20.398699,0.063889,0.121212,0.021475,0.223514,0.275678,0.850394,0.877953,0.566929,0.235466,1,0,0,0,0,0,0,0,0,0,0,0,0,0,0,0,0,0,0,1,0,0,0,0,0,0,0,0,0,0,0,0,0,0,0,0,0,0,0,0,0,0,0,0,2
java.lang.NumberFormatException: multiple points
linha fdp!!!!
0.430715,0.102778,0.136364,0.2398,0.228682,0.1825210.551776,0.075,0.151515,0.198282,0.249354,0.621329,0.850394,0.862205,0.543307,0.558204,1,0,0,0,0,0,0,0,0,0,0,0,0,0,0,0,0,0,0,0,0,0,0,0,0,0,1,0,0,0,0,0,0,0,0,0,0,0,0,0,0,0,0,0,10.550275,0.1,0.181818,0.182534,0.245478,0.624842,0.862205,0.838583,0.503937,0.55458,1,0,0,0,0,0,0,0,0,0,0,0,0,0,0,0,0,0,0,0,0,0,0,0,0,0,1,0,0,0,0,0,0,0,0,0,0,0,0,0,0,0,0,0,1
java.lang.NumberFormatException: multiple points
linha fdp!!!!
0.68084,0.116667,0.106061,0.482462,0.335917,0.826331,0.870079,0.8850.564782,0.002778,0.181818,0.021475,0.231266,0.47239,0.799213,0.858268,0.598425,0.277569,1,0,0,0,0,0,0,0,0,0,0,0,0,0,0,0,0,0,0,0,0,0,0,0,0,0,0,0,0,0,0,0,1,0,0,0,0,0,0,0,0,0,0,0,10.564782,0,0.166667,0.042949,0.239018,0.468175,0.80315,0.866142,0.602362,0.275477,1,0,0,0,0,0,0,0,0,0,0,0,0,0,0,0,0,0,0,0,0,0,0,0,0,0,0,0,0,0,0,0,1,0,0,0,0,0,0,0,0,0,0,0,1
java.lang.NumberFormatException: multiple points
linha fdp!!!!
0.697349,0.205556,0.0.664332,0.225,0.045455,0.14388,0.235142,0.759871,0.877953,0.92126,0.574803,0.393141,1,0,0,0,0,0,0,0,0,0,0,0,0,0,0,0,0,0,0,0,0,0,0,0,0,0,1,0,0,0,0,0,0,0,0,0,0,0,0,0,0,0,0,0,20.663832,0.272222,0.030303,0.136006,0.23385,0.755936,0.874016,0.929134,0.594488,0.388959,1,0,0,0,0,0,0,0,0,0,0,0,0,0,0,0,0,0,0,0,0,0,0,0,0,0,1,0,0,0,0,0,0,0,0,0,0,0,0,0,0,0,0,0,2
java.lang.NumberFormatException: multiple points
linha fdp!!!!
0.695348,0.186111,0.242424,0.042949,0.25323,0.640.702351,0.141667,0.181818,0.09592,0.262274,0.413236,0.889764,0.84252,0.472441,0.326223,1,0,0,0,0,0,0,0,0,0,0,0,0,0,0,0,0,0,0,0,0,0,0,0,0,0,0,0,0,0,0,0,1,0,0,0,0,0,0,0,0,0,0,0,10.698849,0.169444,0.227273,0.088762,0.25323,0.409021,0.909449,0.818898,0.417323,0.328733,1,0,0,0,0,0,0,0,0,0,0,0,0,0,0,0,0,0,0,0,0,0,0,0,0,0,0,0,0,0,0,0,1,0,0,0,0,0,0,0,0,0,0,0,1
java.lang.NumberFormatException: multiple points
linha fdp!!!!
0.713357,0.8,0.180.441221,0.847222,0.060606,0.04796,0.22739,0.03597,0.822835,0.933071,0.65748,0.164366,1,0,0,0,0,0,0,0,0,0,0,0,0,0,0,0,0,0,0,0,0,0,0,0,0,0,1,0,0,0,0,0,0,0,0,0,0,0,0,0,0,0,0,0,20.443222,0.202778,0.106061,0.088762,0.232558,0.028242,0.901575,0.889764,0.515748,0.166597,1,0,0,0,0,0,0,0,0,0,0,0,0,0,0,0,0,0,0,0,0,0,0,0,0,0,0,0,0,0,0,0,0,1,0,0,0,0,0,0,0,0,0,0,5
java.lang.NumberFormatException: multiple points
linha fdp!!!!
0.227114,0.830556,0.30303,0.085898,0.284238,0.147956,0.633858,0.897638,0.811024,0.0690.507754,0.8,0.212121,0.171797,0.211886,0.20177,0.712598,0.937008,0.775591,0.217622,0,0,1,0,0,0,0,0,0,0,0,0,0,0,0,0,0,0,0,0,0,0,0,0,0,0,0,0,0,0,0,0,0,0,0,1,0,0,0,0,0,0,0,0,20.511256,0.788889,0.212121,0.171797,0.22093,0.203597,0.708661,0.944882,0.783465,0.214415,0,0,1,0,0,0,0,0,0,0,0,0,0,0,0,0,0,0,0,0,0,0,0,0,0,0,0,0,0,0,0,0,0,0,0,1,0,0,0,0,0,0,0,0,2
java.lang.NumberFormatException: multiple points
linha fdp!!!!
0.538760.517759,0.838889,0.287879,0.150322,0.24677,0.375439,0.645669,0.897638,0.799213,0.20842,0,0,1,0,0,0,0,0,0,0,0,0,0,0,0,0,0,0,0,0,0,0,0,0,0,0,0,1,0,0,0,0,0,0,0,0,0,0,0,0,0,0,0,0,2
java.lang.NumberFormatException: multiple points
learning evaluation instances,Wall Time (Actual Time),Avg Delay (ms),outRate (inst/s),classified instances,classifications correct (percent),Kappa Statistic (percent),Kappa Temporal Statistic (percent),Kappa M Statistic (percent),F1 Score (percent),F1 Score for class 0 (percent),F1 Score for class 1 (percent),F1 Score for class 2 (percent),F1 Score for class 3 (percent),F1 Score for class 4 (percent),F1 Score for class 5 (percent),F1 Score for class 6 (percent),Precision (percent),Precision for class 0 (percent),Precision for class 1 (percent),Precision for class 2 (percent),Precision for class 3 (percent),Precision for class 4 (percent),Precision for class 5 (percent),Precision for class 6 (percent),Recall (percent),Recall for class 0 (percent),Recall for class 1 (percent),Recall for class 2 (percent),Recall for class 3 (percent),Recall for class 4 (percent),Recall for class 5 (percent),Recall for class 6 (percent),model training instances,model serialized size (bytes)
109150.0,120.03700256347656,54.0,909.3029174804688,109100.0,90.71952337305224,81.72121187738688,-101.85406698564567,75.51035216718266,69.93000824310217,2.7777777777777777,86.69994710394076,93.67757558491508,90.59955588452996,73.51129363449694,72.64755480607083,61.72839506172839,74.63243981518366,2.564102564102564,92.73338048090524,90.51918735891647,85.76576576576576,72.46963562753037,89.60066555740433,88.77434135166094,65.78503299012571,3.0303030303030303,81.40365036006953,97.06433663454017,96.01075750784402,74.58333333333333,61.08905275099262,47.31379731379731,0.0,1.0
