Connected!
linha fdp!!!!
0.085543,0.213889,0.333330.094047,0.905556,0.257576,0.021475,0.23385,0.073627,0.692913,0.862205,0.716535,0.092848,0,0,0,1,0,0,0,0,0,0,0,0,0,0,0,0,0,1,0,0,0,0,0,0,0,0,0,0,0,0,0,0,0,0,0,0,0,0,0,0,0,0,0,0,60.103052,0.869444,0.424242,0.04796,0.257106,0.065477,0.527559,0.811024,0.811024,0.086156,0,0,0,1,0,0,0,0,0,0,0,0,0,1,0,0,0,0,0,0,0,0,0,0,0,0,0,0,0,0,0,0,0,0,0,0,0,0,0,0,0,0,0,0,6
java.lang.NumberFormatException: multiple points
linha fdp!!!!
0.22061,0.90.747374,0.666667,0.121212,0.030064,0.228682,0.695939,0.811024,0.972441,0.704724,0.506901,0,0,1,0,0,0,0,0,0,0,0,0,0,0,0,0,0,0,0,0,0,0,0,0,0,0,0,0,0,0,0,0,0,0,0,0,0,0,0,0,0,1,0,0,70.753877,0.680556,0.151515,0.088762,0.236434,0.696501,0.787402,0.976378,0.728346,0.519448,0,0,1,0,0,0,0,0,0,0,0,0,0,0,0,0,0,0,0,0,0,0,0,0,0,0,0,0,0,0,0,0,0,0,0,0,0,0,0,0,0,1,0,0,7
java.lang.NumberFormatException: multiple points
linha fdp!!!!
0.68034,0.783333,0.181818,0.212598,0.276486,0.07742,0.740157,0.948819,0.759843,0.1670.278139,0.708333,0.212121,0.24481,0.28553,0.155965,0.73622,0.976378,0.783465,0.200892,0,0,1,0,0,1,0,0,0,0,0,0,0,0,0,0,0,0,0,0,0,0,0,0,0,0,0,0,0,0,0,0,0,0,0,0,0,0,0,0,0,0,0,0,30.332666,0.094444,0.333333,0.021475,0.228682,0.217788,0.830709,0.732283,0.401575,0.077792,0,0,1,0,0,0,0,0,0,0,0,0,0,1,0,0,0,0,0,0,0,0,0,0,0,0,0,0,0,0,0,0,0,0,0,0,0,0,0,0,0,0,0,0,3
java.lang.NumberFormatException: multiple points
linha fdp!!!!
0.57979,0.358333,0.136364,0.068003,0.228680.497749,0,0.212121,0,0.223514,0.555852,0.783465,0.84252,0.594488,0.867559,1,0,0,0,0,0,0,0,0,0,0,0,0,0,0,0,0,0,0,0,0,0,0,1,0,0,0,0,0,0,0,0,0,0,0,0,0,0,0,0,0,0,0,0,20.497749,0.038889,0.212121,0.021475,0.232558,0.552339,0.811024,0.826772,0.551181,0.871602,1,0,0,0,0,0,0,0,0,0,0,0,0,0,0,0,0,0,0,0,0,0,0,0,0,0,0,0,0,0,0,0,1,0,0,0,0,0,0,0,0,0,0,0,2
java.lang.NumberFormatException: multiple points
linha fdp!!!!
0.582791,0.163889,0.060606,0.559771,0.4018090.433717,0.966667,0.272727,0.021475,0.235142,0.249684,0.724409,0.818898,0.633858,0.467726,1,0,0,0,0,0,0,0,0,0,0,0,0,0,0,0,0,0,0,0,0,0,0,1,0,0,0,0,0,0,0,0,0,0,0,0,0,0,0,0,0,0,0,0,20.434217,0,0.287879,0.021475,0.235142,0.24575,0.744094,0.791339,0.57874,0.46438,1,0,0,0,0,0,0,0,0,0,0,0,0,0,0,0,0,0,0,0,0,0,0,1,0,0,0,0,0,0,0,0,0,0,0,0,0,0,0,0,0,0,0,0,2
java.lang.NumberFormatException: multiple points
linha fdp!!!!
0.523762,0.413889,0.0.541271,0.180556,0.075758,0.125268,0.267442,0.550091,0.885827,0.905512,0.551181,0.714624,1,0,0,0,0,0,0,0,0,0,0,0,0,0,0,0,0,0,0,0,0,0,0,0,0,0,0,0,0,0,0,0,0,1,0,0,0,0,0,0,0,0,0,0,20.53927,0.255556,0.121212,0.107373,0.262274,0.546017,0.917323,0.893701,0.496063,0.710721,1,0,0,0,0,0,0,0,0,0,0,0,0,0,0,0,0,0,0,0,0,0,0,0,0,0,0,0,0,0,0,0,0,1,0,0,0,0,0,0,0,0,0,0,2
java.lang.NumberFormatException: multiple points
linha fdp!!!!
0.550275,0.113889,0.227273,0.064424,0.223514,0.673458,0.80.558279,0.327778,0.121212,0.163207,0.280362,0.673036,0.92126,0.917323,0.511811,0.62805,1,0,0,0,0,0,0,0,0,0,0,0,0,0,0,0,0,0,0,0,0,0,0,0,0,0,0,0,0,0,0,0,1,0,0,0,0,0,0,0,0,0,0,0,10.556778,0.336111,0.121212,0.151754,0.280362,0.669383,0.925197,0.917323,0.511811,0.626934,1,0,0,0,0,0,0,0,0,0,0,0,0,0,0,0,0,0,0,0,0,0,0,0,0,0,0,0,0,0,0,0,1,0,0,0,0,0,0,0,0,0,0,0,2
java.lang.NumberFormatException: multiple points
linha fdp!!!!
0.550775,0.966667,0.19697,0,0.223514,0.0.447724,0.183333,0.075758,0.068003,0.22093,0.405367,0.885827,0.905512,0.555118,0.310888,1,0,0,0,0,0,0,0,0,0,0,0,0,0,0,1,0,0,0,0,0,0,0,0,0,0,0,0,0,0,0,0,0,0,0,0,0,0,0,0,0,0,0,0,20.446723,0.311111,0.075758,0.060845,0.231266,0.401574,0.901575,0.92126,0.547244,0.306706,1,0,0,0,0,0,0,0,0,0,0,0,0,0,0,1,0,0,0,0,0,0,0,0,0,0,0,0,0,0,0,0,0,0,0,0,0,0,0,0,0,0,0,0,2
java.lang.NumberFormatException: multiple points
linha fdp!!!!
0.324662,0.316667,0.045455,0.064424,0.228682,0.021076,0.88189,0.929134,0.57874,0.0.516758,0.608333,0.181818,0.107373,0.273902,0.565407,0.811024,0.992126,0.708661,0.499512,1,0,0,0,0,0,0,0,0,0,0,0,0,0,0,0,0,0,0,0,0,0,0,0,0,0,0,0,0,0,0,0,0,1,0,0,0,0,0,0,0,0,0,0,20.518259,0.597222,0.166667,0.125268,0.277778,0.561332,0.822835,0.988189,0.692913,0.495469,1,0,0,0,0,0,0,0,0,0,0,0,0,0,0,0,0,0,0,0,0,0,0,0,0,0,0,0,0,0,0,0,0,1,0,0,0,0,0,0,0,0,0,0,2
java.lang.NumberFormatException: multiple points
linha fdp!!!!
0.504252,0.972222,0.106061,0.0.471736,0.266667,0.166667,0.26199,0.260982,0.311929,0.937008,0.88189,0.452756,0.352014,1,0,0,0,0,0,0,0,0,0,0,0,0,0,0,1,0,0,0,0,0,0,0,0,0,0,0,0,0,0,0,0,0,0,0,0,0,0,0,0,0,0,0,0,20.469735,0.313889,0.121212,0.250537,0.255814,0.307714,0.92126,0.913386,0.507874,0.349087,1,0,0,0,0,0,0,0,0,0,0,0,0,0,0,1,0,0,0,0,0,0,0,0,0,0,0,0,0,0,0,0,0,0,0,0,0,0,0,0,0,0,0,0,2
java.lang.NumberFormatException: multiple points
linha fdp!!!!
0.553277,0.638889,0.181818,0.287759,0.295866,0.815091,0.791339,0.988180.64032,0.183333,0.19697,0.204009,0.270026,0.477167,0.913386,0.84252,0.437008,0.673358,1,0,0,0,0,0,0,0,0,0,0,0,0,0,0,0,0,0,0,0,0,0,0,0,0,0,0,0,0,0,0,0,1,0,0,0,0,0,0,0,0,0,0,0,20.638819,0.158333,0.166667,0.224052,0.270026,0.480399,0.897638,0.850394,0.472441,0.669455,1,0,0,0,0,0,0,0,0,0,0,0,0,0,0,0,0,0,0,0,0,0,0,0,0,0,0,0,0,0,0,0,1,0,0,0,0,0,0,0,0,0,0,0,2
java.lang.NumberFormatException: multiple points
linha fdp!!!!
0.646823,0.330556,0.106061,0.137437,0.2820.451226,0.044444,0.212121,0.154617,0.251938,0.203738,0.814961,0.822835,0.53937,0.344207,1,0,0,0,0,0,0,0,0,0,0,0,0,0,0,0,0,0,0,0,0,0,0,0,0,0,0,0,0,0,0,0,1,0,0,0,0,0,0,0,0,0,0,0,20.449725,0.072222,0.212121,0.173228,0.249354,0.202051,0.838583,0.818898,0.507874,0.340443,1,0,0,0,0,0,0,0,0,0,0,0,0,0,0,0,0,0,0,0,0,0,0,0,0,0,0,0,0,0,0,0,1,0,0,0,0,0,0,0,0,0,0,0,2
java.lang.NumberFormatException: multiple points
linha fdp!!!!
0.576288,0,0.045455,0.429492,0.268734,0.771954,0.846457,0.921260.394697,0.133333,0.30303,0.228346,0.213178,0.08023,0.877953,0.755906,0.374016,0.147916,1,0,0,0,0,0,0,0,0,0,0,0,0,0,0,0,0,0,0,0,0,0,0,0,0,0,0,0,0,0,0,0,1,0,0,0,0,0,0,0,0,0,0,0,20.390195,0.122222,0.318182,0.24481,0.209302,0.08009,0.866142,0.744094,0.374016,0.145964,1,0,0,0,0,0,0,0,0,0,0,0,0,0,0,0,0,0,0,0,0,0,0,0,0,0,0,0,0,0,0,0,1,0,0,0,0,0,0,0,0,0,0,0,2
java.lang.NumberFormatException: multiple points
linha fdp!!!!
0.694847,0.130556,0.166667,0.408733,0.352713,0.851482,0.88189,0.854331,0.496063,0.2761750.621811,0,0.106061,0.021475,0.22739,0.674722,0.826772,0.897638,0.610236,0.356476,1,0,0,0,0,0,0,0,0,0,0,0,0,0,0,0,0,0,0,0,0,0,0,0,0,0,0,0,0,0,0,0,1,0,0,0,0,0,0,0,0,0,0,0,20.622311,0.936111,0.106061,0,0.223514,0.670507,0.80315,0.905512,0.649606,0.358706,1,0,0,0,0,0,0,0,0,0,0,0,0,0,0,0,0,0,0,0,0,0,0,0,0,0,0,0,0,0,0,0,1,0,0,0,0,0,0,0,0,0,0,0,2
java.lang.NumberFormatException: multiple points
linha fdp!!!!
0.442221,0.172222,0.0.707354,0.711111,0.106061,0.221188,0.310078,0.695237,0.80315,0.964567,0.704724,0.144152,1,0,0,0,0,0,0,0,0,0,0,0,0,0,0,0,0,0,0,0,0,0,0,0,0,0,0,0,0,0,0,0,1,0,0,0,0,0,0,0,0,0,0,0,20.709355,0.705556,0.121212,0.2398,0.329457,0.699452,0.799213,0.964567,0.712598,0.143036,1,0,0,0,0,0,0,0,0,0,0,0,0,0,0,0,0,0,0,0,0,0,0,0,0,0,0,0,0,0,0,0,1,0,0,0,0,0,0,0,0,0,0,0,2
java.lang.NumberFormatException: multiple points
linha fdp!!!!
0.701351,0.905556,0.106061,0.303508,0.257106,0.845159,0.795276,0.90.715358,0.2,0.075758,0.167502,0.257106,0.848251,0.889764,0.905512,0.543307,0.041126,1,0,0,0,0,0,0,0,0,0,0,0,0,0,0,0,0,0,0,0,0,0,0,0,0,1,0,0,0,0,0,0,0,0,0,0,0,0,0,0,0,0,0,0,10.714357,0.219444,0.121212,0.151754,0.254522,0.852466,0.909449,0.885827,0.496063,0.037362,1,0,0,0,0,0,0,0,0,0,0,0,0,0,0,0,0,0,0,0,0,0,0,0,0,1,0,0,0,0,0,0,0,0,0,0,0,0,0,0,0,0,0,0,1
java.lang.NumberFormatException: multiple points
linha fdp!!!!
0.370185,0.363889,0.166667,0.021475,0.0.677839,0.155556,0.242424,0,0.223514,0.358297,0.901575,0.80315,0.409449,0.376551,1,0,0,0,0,0,0,0,0,0,0,0,0,0,0,0,0,0,0,0,0,0,0,0,0,1,0,0,0,0,0,0,0,0,0,0,0,0,0,0,0,0,0,0,10.674837,0.116667,0.212121,0.021475,0.217054,0.354082,0.874016,0.822835,0.468504,0.379339,1,0,0,0,0,0,0,0,0,0,0,0,0,0,0,0,0,0,0,0,0,0,0,0,0,1,0,0,0,0,0,0,0,0,0,0,0,0,0,0,0,0,0,0,1
java.lang.NumberFormatException: multiple points
linha fdp!!!!
0.468234,0.390.423212,0.705556,0.575758,0.319256,0.497416,0.139525,0.437008,0.917323,0.952756,0.230169,0,0,1,0,0,0,0,0,0,0,0,0,0,0,0,0,0,0,0,0,0,0,0,0,0,0,0,0,0,0,0,1,0,0,0,0,0,0,0,0,0,0,0,0,20.434717,0.688889,0.575758,0.334288,0.510336,0.141352,0.456693,0.929134,0.937008,0.230308,0,0,1,0,0,0,0,0,0,0,0,0,0,0,0,0,0,0,0,0,0,0,0,0,0,0,0,0,0,0,0,1,0,0,0,0,0,0,0,0,0,0,0,0,2
java.lang.NumberFormatException: multiple points
learning evaluation instances,Wall Time (Actual Time),Avg Delay (ms),outRate (inst/s),classified instances,classifications correct (percent),Kappa Statistic (percent),Kappa Temporal Statistic (percent),Kappa M Statistic (percent),F1 Score (percent),F1 Score for class 0 (percent),F1 Score for class 1 (percent),F1 Score for class 2 (percent),F1 Score for class 3 (percent),F1 Score for class 4 (percent),F1 Score for class 5 (percent),F1 Score for class 6 (percent),Precision (percent),Precision for class 0 (percent),Precision for class 1 (percent),Precision for class 2 (percent),Precision for class 3 (percent),Precision for class 4 (percent),Precision for class 5 (percent),Precision for class 6 (percent),Recall (percent),Recall for class 0 (percent),Recall for class 1 (percent),Recall for class 2 (percent),Recall for class 3 (percent),Recall for class 4 (percent),Recall for class 5 (percent),Recall for class 6 (percent),model training instances,model serialized size (bytes),ensemble size,[avg] model training instances,[err] model training instances,[avg] model serialized size (bytes),[err] model serialized size (bytes),[avg] tree size (nodes),[err] tree size (nodes),[avg] tree size (leaves),[err] tree size (leaves),[avg] active learning leaves,[err] active learning leaves,[avg] tree depth,[err] tree depth,[avg] active leaf byte size estimate,[err] active leaf byte size estimate,[avg] inactive leaf byte size estimate,[err] inactive leaf byte size estimate,[avg] byte size estimate overhead,[err] byte size estimate overhead
126700.0,120.04900360107422,47.0,1055.40234375,126650.0,85.65495459928938,70.75725092690706,-248.58019953952416,59.01739189280638,67.18343635182865,?,77.90311322071759,89.74312590448625,88.3764123200743,87.49040675364542,69.29905111723295,55.72678050812161,65.10334089981666,0.0,80.43879374963963,89.09308590242443,84.66785290628707,89.76377952755905,60.53475935828877,51.22511485451761,69.40083977834233,0.0,75.52241229969684,90.40272125372046,92.42473292327614,85.32934131736528,81.03078024337866,61.09589041095891,0.0,1.0,25.0,1155.8000000000002,755.8479785424227,1.0,0.0,0.9599999999999999,0.19999999999999998,0.9599999999999999,0.19999999999999998,0.9599999999999999,0.19999999999999998,0.0,0.0,0.0,0.0,0.0,0.0,1.0,0.0
