Connected!
linha fdp!!!!
0.546773,0.075,0.121212,0.167502,0.211880.404702,0.230556,0.060606,0.077309,0.245478,0.2043,0.885827,0.917323,0.562992,0.869929,1,0,0,0,0,0,0,0,0,0,0,0,0,0,0,1,0,0,0,0,0,0,0,0,0,0,0,0,0,0,0,0,0,0,0,0,0,0,0,0,0,0,0,0,20.401701,0.238889,0.090909,0.085898,0.235142,0.200365,0.901575,0.905512,0.527559,0.867419,1,0,0,0,0,0,0,0,0,0,0,0,0,0,0,1,0,0,0,0,0,0,0,0,0,0,0,0,0,0,0,0,0,0,0,0,0,0,0,0,0,0,0,0,2
java.lang.NumberFormatException: multiple points
linha fdp!!!!
0.50070.546773,0.333333,0.19697,0.171797,0.26615,0.763102,0.948819,0.901575,0.452756,0.55695,1,0,0,0,0,0,0,0,0,0,0,0,0,0,0,0,0,0,0,0,0,0,0,0,0,0,0,0,0,0,0,0,1,0,0,0,0,0,0,0,0,0,0,0,2
java.lang.NumberFormatException: multiple points
linha fdp!!!!
0.50075,0.911111,0.393939,0.095920.356678,0.35,0.030303,0.125268,0.25323,0.169453,0.877953,0.933071,0.594488,0.682699,1,0,0,0,0,0,0,0,0,0,0,0,0,0,0,0,0,0,0,0,0,1,0,0,0,0,0,0,0,0,0,0,0,0,0,0,0,0,0,0,0,0,0,0,20.353677,0.363889,0.212121,0.198282,0.24031,0.172826,0.952756,0.909449,0.452756,0.673358,1,0,0,0,0,0,0,0,0,0,0,0,0,0,0,0,0,0,0,0,0,1,0,0,0,0,0,0,0,0,0,0,0,0,0,0,0,0,0,0,0,0,0,0,2
java.lang.NumberFormatException: multiple points
linha fdp!!!!
0.604302,0.875,0.212121,0.04796,0.236434,0.0.407704,0.169444,0.075758,0.107373,0.228682,0.24322,0.88189,0.901575,0.555118,0.737488,1,0,0,0,0,0,0,0,0,0,0,0,0,0,0,0,0,0,0,0,0,0,0,0,0,0,0,0,0,0,0,0,1,0,0,0,0,0,0,0,0,0,0,0,20.405703,0.261111,0.151515,0.107373,0.224806,0.240832,0.929134,0.885827,0.468504,0.734839,1,0,0,0,0,0,0,0,0,0,0,0,0,0,0,0,0,0,0,0,0,0,0,0,0,0,0,0,0,0,0,0,1,0,0,0,0,0,0,0,0,0,0,0,2
java.lang.NumberFormatException: multiple points
linha fdp!!!!
0.589295,0.6305560.512256,0.919444,0.181818,0.042949,0.244186,0.578474,0.748031,0.88189,0.681102,0.839816,1,0,0,0,0,0,0,0,0,0,0,0,0,0,0,0,0,0,0,0,0,0,0,0,0,0,0,0,0,0,0,0,1,0,0,0,0,0,0,0,0,0,0,0,20.512256,0.941667,0.19697,0.060845,0.244186,0.575523,0.751969,0.870079,0.661417,0.836052,1,0,0,0,0,0,0,0,0,0,0,0,0,0,0,0,0,0,0,0,0,0,0,0,0,0,0,0,0,0,0,0,1,0,0,0,0,0,0,0,0,0,0,0,2
java.lang.NumberFormatException: multiple points
linha fdp!!!!
0.485243,0.725,0.075758,0.259127,0.241602,0.36010.527264,0.783333,0.106061,0.107373,0.24031,0.743431,0.791339,0.948819,0.704724,0.727868,1,0,0,0,0,0,0,0,0,0,0,0,0,0,0,0,0,0,0,1,0,0,0,0,0,0,0,0,0,0,0,0,0,0,0,0,0,0,0,0,0,0,0,0,20.528764,0.733333,0.106061,0.121689,0.244186,0.747225,0.799213,0.956693,0.704724,0.725359,1,0,0,0,0,0,0,0,0,0,0,0,0,0,0,0,0,0,0,1,0,0,0,0,0,0,0,0,0,0,0,0,0,0,0,0,0,0,0,0,0,0,0,0,2
java.lang.NumberFormatException: multiple points
linha fdp!!!!
0.444222,0.419444,0.106061,0.021475,0.224806,0.386961,0.905512,0.90.52076,0.516667,0.030303,0.423765,0.335917,0.505269,0.862205,0.944882,0.61811,0.430643,1,0,0,0,0,0,0,0,0,0,0,0,0,0,0,1,0,0,0,0,0,0,0,0,0,0,0,0,0,0,0,0,0,0,0,0,0,0,0,0,0,0,0,0,20.52076,0.375,0.015152,0.413028,0.335917,0.501194,0.870079,0.937008,0.602362,0.42646,1,0,0,0,0,0,0,0,0,0,0,0,0,0,0,1,0,0,0,0,0,0,0,0,0,0,0,0,0,0,0,0,0,0,0,0,0,0,0,0,0,0,0,0,2
java.lang.NumberFormatException: multiple points
linha fdp!!!!
0.576788,0.825,0.030.638319,0.375,0,0.042949,0.223514,0.566812,0.862205,0.937008,0.614173,0.222362,1,0,0,0,0,0,0,0,0,0,0,0,0,0,0,0,0,0,0,0,0,0,0,0,0,0,1,0,0,0,0,0,0,0,0,0,0,0,0,0,0,0,0,0,20.637819,0.25,0.015152,0.04796,0.223514,0.562878,0.866142,0.933071,0.602362,0.218319,1,0,0,0,0,0,0,0,0,0,0,0,0,0,0,0,0,0,0,0,0,0,0,0,0,0,1,0,0,0,0,0,0,0,0,0,0,0,0,0,0,0,0,0,2
java.lang.NumberFormatException: multiple points
linha fdp!!!!
0.714357,0.077778,0.151515,0.23121,0.332041,0.712941,0.850394,0.850.723862,0.752778,0.272727,0.299213,0.321705,0.570465,0.661417,0.956693,0.834646,0.176077,1,0,0,0,0,0,0,0,0,0,0,0,0,0,0,0,0,0,0,0,0,0,0,0,0,0,0,0,0,0,0,0,0,0,0,0,0,0,0,0,0,0,1,0,10.727364,0.736111,0.121212,0.307802,0.333333,0.56639,0.783465,0.96063,0.724409,0.180259,1,0,0,0,0,0,0,0,0,0,0,0,0,0,0,0,0,0,0,0,0,0,0,0,0,0,0,0,0,0,0,0,0,0,0,0,0,0,0,0,0,0,0,1,1
java.lang.NumberFormatException: multiple points
linha fdp!!!!
0.548774,0.994444,0.075758,0.510379,0.470284,0.140087,0.830709,0.905512,0.614173,0.3600.453727,0.95,0.515152,0.14388,0.31137,0.179149,0.515748,0.65748,0.637795,0.236582,0,0,1,0,0,0,0,0,0,0,0,0,0,0,0,0,0,0,0,0,0,0,0,0,0,0,0,1,0,0,0,0,0,0,0,0,0,0,0,0,0,0,0,0,20.457229,0.95,0.515152,0.154617,0.329457,0.180975,0.519685,0.665354,0.641732,0.233654,0,0,1,0,0,0,0,0,0,0,0,0,0,0,0,0,0,0,0,0,0,0,0,0,0,0,0,1,0,0,0,0,0,0,0,0,0,0,0,0,0,0,0,0,2
java.lang.NumberFormatException: multiple points
learning evaluation instances,Wall Time (Actual Time),Avg Delay (ms),outRate (inst/s),classified instances,classifications correct (percent),Kappa Statistic (percent),Kappa Temporal Statistic (percent),Kappa M Statistic (percent),F1 Score (percent),F1 Score for class 0 (percent),F1 Score for class 1 (percent),F1 Score for class 2 (percent),F1 Score for class 3 (percent),F1 Score for class 4 (percent),F1 Score for class 5 (percent),F1 Score for class 6 (percent),Precision (percent),Precision for class 0 (percent),Precision for class 1 (percent),Precision for class 2 (percent),Precision for class 3 (percent),Precision for class 4 (percent),Precision for class 5 (percent),Precision for class 6 (percent),Recall (percent),Recall for class 0 (percent),Recall for class 1 (percent),Recall for class 2 (percent),Recall for class 3 (percent),Recall for class 4 (percent),Recall for class 5 (percent),Recall for class 6 (percent),model training instances,model serialized size (bytes),ensemble size,change detections,[avg] model training instances,[err] model training instances,[avg] model serialized size (bytes),[err] model serialized size (bytes),[avg] tree size (nodes),[err] tree size (nodes),[avg] tree size (leaves),[err] tree size (leaves),[avg] active learning leaves,[err] active learning leaves,[avg] tree depth,[err] tree depth,[avg] active leaf byte size estimate,[err] active leaf byte size estimate,[avg] inactive leaf byte size estimate,[err] inactive leaf byte size estimate,[avg] byte size estimate overhead,[err] byte size estimate overhead
88050.0,120.01399993896484,68.0,733.6644287109375,88000.0,90.30454545454546,81.83287869028415,-40.56013179571658,74.62300347996789,69.47386678111563,?,87.36251310622724,93.63164756616796,80.16453382084096,84.01874023945861,76.08695652173914,61.527680448493335,70.04365849561832,0.0,88.98148923695452,92.84190352209446,76.8287341217696,79.82195845697329,73.29842931937172,78.53309481216458,68.91327055548795,0.0,85.80139724589104,94.43494252873563,83.80315336837076,88.68131868131867,79.09604519774011,50.576036866359445,0.0,1.0,25.0,1701.0,5787.639999999999,3825.1790794680446,1.0,0.0,1.36,1.036018017861337,1.16,0.5537749241945383,1.16,0.5537749241945383,0.2,0.5,0.0,0.0,0.0,0.0,1.0,0.0
