Connected!
linha fdp!!!!
0.186093,0.222222,0.181818,0,0.223514,0.11873,0.929134,0.858268,0.4370080.741871,0.938889,0.287879,0.531854,0.293282,0.320922,0.688976,0.826772,0.673228,0.137599,0,0,1,0,0,0,0,0,0,0,0,0,0,0,0,0,0,0,0,0,0,0,0,0,0,0,0,0,0,0,0,0,0,0,0,1,0,0,0,0,0,0,0,0,10.447724,0.091667,0.075758,0.021475,0.224806,0.130954,0.862205,0.901575,0.57874,0.310609,0,0,1,0,0,0,0,0,0,0,0,0,0,0,0,0,0,0,0,0,1,0,0,0,0,0,0,0,0,0,0,0,0,0,0,0,0,0,0,0,0,0,0,0,5
java.lang.NumberFormatException: multiple points
linha fdp!!!!
0.317659,0.163889,0.045455,0.107373,0.210594,0.10.482741,0.966667,0.272727,0.107373,0.312661,0.500913,0.724409,0.818898,0.633858,0.823365,1,0,0,0,0,0,0,0,0,0,0,0,0,0,0,0,0,0,0,0,0,0,0,0,0,0,0,0,0,0,0,0,1,0,0,0,0,0,0,0,0,0,0,0,10.482741,0.938889,0.181818,0.121689,0.303618,0.496839,0.76378,0.877953,0.661417,0.827548,1,0,0,0,0,0,0,0,0,0,0,0,0,0,0,0,0,0,0,0,0,0,0,0,0,0,0,0,0,0,0,0,1,0,0,0,0,0,0,0,0,0,0,0,1
java.lang.NumberFormatException: multiple points
linha fdp!!!!
0.617309,0.290.370185,0.977778,0.242424,0,0.223514,0.205283,0.751969,0.830709,0.61811,0.704168,1,0,0,0,0,0,0,0,0,0,0,0,0,0,0,0,0,0,0,1,0,0,0,0,0,0,0,0,0,0,0,0,0,0,0,0,0,0,0,0,0,0,0,0,20.371686,0.975,0.272727,0.021475,0.237726,0.204019,0.728346,0.811024,0.61811,0.701798,1,0,0,0,0,0,0,0,0,0,0,0,0,0,0,1,0,0,0,0,0,0,0,0,0,0,0,0,0,0,0,0,0,0,0,0,0,0,0,0,0,0,0,0,2
java.lang.NumberFormatException: multiple points
linha fdp!!!!
0.569785,0.891667,0.333333,0.287759,0.414729,0.827736,0.61811,0.80.483242,0.088889,0.136364,0.182534,0.28553,0.472109,0.858268,0.866142,0.53937,0.726195,1,0,0,0,0,0,0,0,0,0,0,0,0,0,0,0,0,0,0,0,0,0,0,0,0,0,0,0,0,0,0,0,1,0,0,0,0,0,0,0,0,0,0,0,20.481741,0.180556,0.181818,0.167502,0.286822,0.467894,0.909449,0.850394,0.456693,0.72271,1,0,0,0,0,0,0,0,0,0,0,0,0,0,0,0,0,0,0,0,0,0,0,0,0,0,0,0,0,0,0,0,1,0,0,0,0,0,0,0,0,0,0,0,2
java.lang.NumberFormatException: multiple points
linha fdp!!!!
0.569785,0.641667,0.1515150.531766,0.133333,0.106061,0.064424,0.235142,0.497401,0.877953,0.885827,0.543307,0.591384,1,0,0,0,0,0,0,0,0,0,0,0,0,0,0,1,0,0,0,0,0,0,0,0,0,0,0,0,0,0,0,0,0,0,0,0,0,0,0,0,0,0,0,0,20.529765,0.130556,0.136364,0.064424,0.229974,0.493326,0.877953,0.866142,0.515748,0.587341,1,0,0,0,0,0,0,0,0,0,0,0,0,0,0,1,0,0,0,0,0,0,0,0,0,0,0,0,0,0,0,0,0,0,0,0,0,0,0,0,0,0,0,0,2
java.lang.NumberFormatException: multiple points
linha fdp!!!!
0.546773,0.125,0.121212,0.10.498249,0.413889,0.227273,0.04796,0.229974,0.455107,0.940945,0.937008,0.488189,0.275059,1,0,0,0,0,0,0,0,0,0,0,0,0,0,0,1,0,0,0,0,0,0,0,0,0,0,0,0,0,0,0,0,0,0,0,0,0,0,0,0,0,0,0,0,2
java.lang.NumberFormatException: multiple points
linha fdp!!!!
0.658829,0.930556,0.0.548274,0.061111,0.106061,0,0.223514,0.316706,0.850394,0.885827,0.574803,0.091872,1,0,0,0,0,0,0,0,0,0,0,0,0,0,0,0,0,0,0,0,0,0,0,1,0,0,0,0,0,0,0,0,0,0,0,0,0,0,0,0,0,0,0,0,1
java.lang.NumberFormatException: multiple points
linha fdp!!!!
0.634817,0.658333,0.19697,0.085898,0.236434,0.0.6008,0.105556,0.045455,0.14388,0.237726,0.451173,0.862205,0.917323,0.590551,0.059111,1,0,0,0,0,0,0,0,0,0,0,0,0,0,0,0,0,0,0,0,0,0,0,0,0,1,0,0,0,0,0,0,0,0,0,0,0,0,0,0,0,0,0,0,1
java.lang.NumberFormatException: multiple points
linha fdp!!!!
0.570285,0.183333,0.121212,0.085898,0.215762,0.30.653827,0.147222,0.075758,0.060845,0.219638,0.742167,0.877953,0.901575,0.559055,0.299875,1,0,0,0,0,0,0,0,0,0,0,0,0,0,0,0,0,0,0,0,0,0,0,0,0,1,0,0,0,0,0,0,0,0,0,0,0,0,0,0,0,0,0,0,20.653327,0.088889,0.060606,0.04796,0.223514,0.746101,0.862205,0.905512,0.57874,0.299317,1,0,0,0,0,0,0,0,0,0,0,0,0,0,0,0,0,0,0,0,0,0,0,0,0,1,0,0,0,0,0,0,0,0,0,0,0,0,0,0,0,0,0,0,2
java.lang.NumberFormatException: multiple points
linha fdp!!!!
0.670335,0.163889,0.060606,0.339298,0.196382,0.761276,0.80.661831,0.825,0.090909,0,0.223514,0.797527,0.795276,0.937008,0.688976,0.214136,1,0,0,0,0,0,0,0,0,0,0,0,0,0,0,0,0,0,0,0,0,0,0,0,0,0,1,0,0,0,0,0,0,0,0,0,0,0,0,0,0,0,0,0,20.663832,0.797222,0.075758,0,0.223514,0.801602,0.811024,0.944882,0.677165,0.215112,1,0,0,0,0,0,0,0,0,0,0,0,0,0,0,0,0,0,0,0,0,0,0,0,0,0,1,0,0,0,0,0,0,0,0,0,0,0,0,0,0,0,0,0,2
java.lang.NumberFormatException: multiple points
linha fdp!!!!
0.496248,0.39720.651326,0.933333,0.333333,0.14388,0.262274,0.355065,0.653543,0.80315,0.685039,0.392026,1,0,0,0,0,0,0,0,0,0,0,0,0,0,0,0,0,0,0,0,0,0,0,0,0,0,0,0,0,0,0,0,1,0,0,0,0,0,0,0,0,0,0,0,1
java.lang.NumberFormatException: multiple points
learning evaluation instances,Wall Time (Actual Time),Avg Delay (ms),outRate (inst/s),classified instances,classifications correct (percent),Kappa Statistic (percent),Kappa Temporal Statistic (percent),Kappa M Statistic (percent),F1 Score (percent),F1 Score for class 0 (percent),F1 Score for class 1 (percent),F1 Score for class 2 (percent),F1 Score for class 3 (percent),F1 Score for class 4 (percent),F1 Score for class 5 (percent),F1 Score for class 6 (percent),Precision (percent),Precision for class 0 (percent),Precision for class 1 (percent),Precision for class 2 (percent),Precision for class 3 (percent),Precision for class 4 (percent),Precision for class 5 (percent),Precision for class 6 (percent),Recall (percent),Recall for class 0 (percent),Recall for class 1 (percent),Recall for class 2 (percent),Recall for class 3 (percent),Recall for class 4 (percent),Recall for class 5 (percent),Recall for class 6 (percent),model training instances,model serialized size (bytes),ensemble size,[avg] model training instances,[err] model training instances,[avg] model serialized size (bytes),[err] model serialized size (bytes),[avg] tree size (nodes),[err] tree size (nodes),[avg] tree size (leaves),[err] tree size (leaves),[avg] active learning leaves,[err] active learning leaves,[avg] tree depth,[err] tree depth,[avg] active leaf byte size estimate,[err] active leaf byte size estimate,[avg] inactive leaf byte size estimate,[err] inactive leaf byte size estimate,[avg] byte size estimate overhead,[err] byte size estimate overhead
334850.0,120.03099822998047,16.0,2789.696044921875,334800.0,78.26762246117084,60.883499265177065,-404.892096315314,51.21460611627767,50.22899667656161,?,72.23056367115298,85.4529560798297,75.72834118142491,55.476673427991884,9.020368574199807,13.324505503600099,61.75138742171391,0.0,81.07174145819137,78.89598694080043,68.67925838483438,84.6749226006192,53.861003861003866,65.0767987065481,42.3304258518623,0.0,65.12809986021915,93.19860169240465,84.38993174061433,41.251885369532424,4.922371206774876,7.422091093490687,0.0,1.0,25.0,287224.3600000001,118995.0350385399,1.0,0.0,84.07999999999997,60.60728779060594,41.88000000000001,31.03267095605318,41.88000000000001,31.03267095605318,9.080000000000002,3.925557285278105,0.0,0.0,0.0,0.0,1.0,0.0
