Connected!
linha fdp!!!!
0.394197,0.725,0.333333,0.0880.124562,0.430556,0.106061,0.021475,0.222222,0.175355,0.897638,0.948819,0.574803,0.155305,0,0,0,1,1,0,0,0,0,0,0,0,0,0,0,0,0,0,0,0,0,0,0,0,0,0,0,0,0,0,0,0,0,0,0,0,0,0,0,0,0,0,0,0,40.129065,0.908333,0.212121,0,0.223514,0.17409,0.724409,0.877953,0.700787,0.15154,0,0,0,1,0,0,0,0,0,0,0,0,0,0,0,0,0,0,0,0,1,0,0,0,0,0,0,0,0,0,0,0,0,0,0,0,0,0,0,0,0,0,0,0,4
java.lang.NumberFormatException: multiple points
linha fdp!!!!
0.487744,0.263889,0.10.407204,0.311111,0.136364,0.107373,0.273902,0.246733,0.925197,0.909449,0.5,0.734142,1,0,0,0,0,0,0,0,0,0,0,0,0,0,0,0,0,0,0,0,0,0,0,0,0,0,0,0,0,0,0,0,1,0,0,0,0,0,0,0,0,0,0,0,20.404702,0.322222,0.19697,0.09592,0.267442,0.244345,0.952756,0.893701,0.437008,0.731633,1,0,0,0,0,0,0,0,0,0,0,0,0,0,0,0,0,0,0,0,0,0,0,0,0,0,0,0,0,0,0,0,1,0,0,0,0,0,0,0,0,0,0,0,2
java.lang.NumberFormatException: multiple points
linha fdp!!!!
0.527264,0.011111,0.181818,0.319256,0.29845,0.554166,0.80315,0.858268,0.50.695848,0.233333,0.136364,0.530422,0.286822,0.561473,0.917323,0.885827,0.492126,0.380454,1,0,0,0,0,0,0,0,0,0,0,0,0,0,0,0,0,0,0,0,0,0,0,0,0,0,1,0,0,0,0,0,0,0,0,0,0,0,0,0,0,0,0,0,10.692846,0.25,0.212121,0.510379,0.312661,0.564283,0.944882,0.858268,0.413386,0.38143,1,0,0,0,0,0,0,0,0,0,0,0,0,0,0,0,0,0,0,0,0,0,0,0,0,0,1,0,0,0,0,0,0,0,0,0,0,0,0,0,0,0,0,0,1
java.lang.NumberFormatException: multiple points
linha fdp!!!!
0.571286,0.319444,0.060606,0.579814,0.320413,0.70.597799,0.15,0.212121,0.41446,0.401809,0.629479,0.897638,0.822835,0.437008,0.542172,1,0,0,0,0,0,0,0,0,0,0,0,0,0,0,0,0,0,0,0,0,0,0,0,0,0,0,0,0,0,0,0,1,0,0,0,0,0,0,0,0,0,0,0,10.592796,0.15,0.227273,0.407301,0.388889,0.631024,0.897638,0.814961,0.429134,0.543706,1,0,0,0,0,0,0,0,0,0,0,0,0,0,0,0,0,0,0,0,0,0,0,0,0,0,0,0,0,0,0,0,1,0,0,0,0,0,0,0,0,0,0,0,1
java.lang.NumberFormatException: multiple points
linha fdp!!!!
0.423712,0.119444,0.166667,0.303508,0.3604650.545273,0.697222,0.151515,0.289191,0.29199,0.826893,0.779528,0.972441,0.73622,0.873275,1,0,0,0,0,0,0,0,0,0,0,0,0,0,0,0,0,0,0,0,0,0,0,0,0,0,0,0,0,0,0,0,1,0,0,0,0,0,0,0,0,0,0,0,20.548274,0.686111,0.166667,0.304939,0.299742,0.830125,0.779528,0.976378,0.744094,0.876342,1,0,0,0,0,0,0,0,0,0,0,0,0,0,0,0,0,0,0,0,0,0,0,0,0,0,0,0,0,0,0,0,1,0,0,0,0,0,0,0,0,0,0,0,2
java.lang.NumberFormatException: multiple points
learning evaluation instances,Wall Time (Actual Time),Avg Delay (ms),outRate (inst/s),classified instances,classifications correct (percent),Kappa Statistic (percent),Kappa Temporal Statistic (percent),Kappa M Statistic (percent),F1 Score (percent),F1 Score for class 0 (percent),F1 Score for class 1 (percent),F1 Score for class 2 (percent),F1 Score for class 3 (percent),F1 Score for class 4 (percent),F1 Score for class 5 (percent),F1 Score for class 6 (percent),Precision (percent),Precision for class 0 (percent),Precision for class 1 (percent),Precision for class 2 (percent),Precision for class 3 (percent),Precision for class 4 (percent),Precision for class 5 (percent),Precision for class 6 (percent),Recall (percent),Recall for class 0 (percent),Recall for class 1 (percent),Recall for class 2 (percent),Recall for class 3 (percent),Recall for class 4 (percent),Recall for class 5 (percent),Recall for class 6 (percent),model training instances,model serialized size (bytes)
37700.0,120.13200378417969,159.0,313.8214416503906,37650.0,94.37981407702523,88.26796857833548,11.501463822668338,83.26611308817716,70.69331960118026,3.773584905660378,92.48330176452995,96.64863150801673,65.717674970344,91.04166666666667,74.3940990516333,68.73315363881402,72.10979187582988,3.0303030303030303,94.32638535841383,95.78488372093024,69.59798994974874,85.60235063663075,76.73913043478261,79.6875,69.33142357157813,5.0,90.7108634008018,97.52809887604495,62.247191011235955,97.21913236929922,72.1881390593047,60.426540284360186,0.0,1.0
