Connected!
[newChuckSize]:0
thread is open, sizeMB2000
[newChuckSize]:2000
thread is open, sizeMB2000
thread is open, sizeMB2000
thread is open, sizeMB2000
print extradionario!!!!
0.658329,0.75,0.121212,0.150322,0.2286820.664832,0.808333,0.227273,0.182534,0.25969,0.556976,0.692913,0.929134,0.787402,0.293183,0,0,1,0,0,0,0,0,0,0,0,0,0,0,0,0,0,0,0,0,0,0,0,0,0,0,1,0,0,0,0,0,0,0,0,0,0,0,0,0,0,0,0,0,10.51926,0.133333,0.227273,0.090909,0.286822,0.074751,0.88189,0.811024,0.444882,0.029555,0,0,1,0,0,0,0,0,0,0,0,0,0,0,0,0,0,0,0,0,0,0,0,0,0,0,0,0,0,0,0,0,0,0,1,0,0,0,0,0,0,0,0,0,2
java.lang.NumberFormatException: multiple points
thread is open, sizeMB2000
thread is open, sizeMB2000
thread is open, sizeMB500
print extradionario!!!!
0.531766,0.033333,0.106061,0.369363,0.294574,0.5630.702851,0.311111,0.136364,0.496063,0.317829,0.504004,0.925197,0.909449,0.5,0.363864,1,0,0,0,0,0,0,0,0,0,0,0,0,0,0,0,0,0,0,0,0,0,0,0,0,0,0,0,0,0,0,0,0,0,0,0,0,0,0,0,0,1,0,0,10.69935,0.338889,0.090909,0.516822,0.308786,0.506253,0.905512,0.925197,0.543307,0.363864,1,0,0,0,0,0,0,0,0,0,0,0,0,0,0,0,0,0,0,0,0,0,0,0,0,0,0,0,0,0,0,0,0,0,0,0,0,0,0,0,0,1,0,0,1
java.lang.NumberFormatException: multiple points
[newChuckSize]:500
thread is open, sizeMB2000
print extradionario!!!!
0.554777,0,0,0.386543,0.25323,0.600253,0.858268,0.93700.653327,0.305556,0.121212,0.298497,0.20801,0.567936,0.92126,0.909449,0.507874,0.520145,1,0,0,0,0,0,0,0,0,0,0,0,0,0,0,0,0,0,0,0,0,0,0,0,0,0,1,0,0,0,0,0,0,0,0,0,0,0,0,0,0,0,0,0,10.653327,0.141667,0.045455,0.317108,0.211886,0.568779,0.870079,0.913386,0.582677,0.522097,1,0,0,0,0,0,0,0,0,0,0,0,0,0,0,0,0,0,0,0,0,0,0,0,0,0,1,0,0,0,0,0,0,0,0,0,0,0,0,0,0,0,0,0,1
java.lang.NumberFormatException: multiple points
print extradionario!!!!
0.571286,0.875,0.181818,0.516106,0.359173,0.839530.581291,0.075,0.045455,0.413028,0.286822,0.782071,0.858268,0.913386,0.594488,0.918165,1,0,0,0,0,0,0,0,0,0,0,0,0,0,0,0,0,0,0,0,0,0,0,0,0,0,0,0,0,0,0,0,1,0,0,0,0,0,0,0,0,0,0,0,20.581291,0.125,0.030303,0.391553,0.286822,0.777996,0.866142,0.92126,0.594488,0.914122,1,0,0,0,0,0,0,0,0,0,0,0,0,0,0,0,0,0,0,0,0,0,0,0,0,0,0,0,0,0,0,0,1,0,0,0,0,0,0,0,0,0,0,0,2
java.lang.NumberFormatException: multiple points
thread is open, sizeMB2000
[newChuckSize]:2000
thread is open, sizeMB2000
print extradionario!!!!
0.476738,0.186111,0.181818,0.202577,0.20.445723,0.313889,0.121212,0.021475,0.219638,0.359562,0.92126,0.913386,0.507874,0.247038,1,0,0,0,0,0,0,0,0,0,0,0,0,0,0,1,0,0,0,0,0,0,0,0,0,0,0,0,0,0,0,0,0,0,0,0,0,0,0,0,0,0,0,0,20.443722,0.6,0.106061,0.021475,0.21447,0.355346,0.838583,0.972441,0.669291,0.242855,1,0,0,0,0,0,0,0,0,0,0,0,0,0,0,1,0,0,0,0,0,0,0,0,0,0,0,0,0,0,0,0,0,0,0,0,0,0,0,0,0,0,0,0,2
java.lang.NumberFormatException: multiple points
thread is open, sizeMB2000
print extradionario!!!!
0.457229,0.119444,0.318182,0.184681,0.223510.373687,0.977778,0.19697,0.137437,0.290698,0.056484,0.779528,0.858268,0.622047,0.251499,1,0,0,0,0,0,0,0,0,0,0,0,0,0,0,0,0,0,0,0,0,0,0,0,0,0,0,0,0,0,0,0,1,0,0,0,0,0,0,0,0,0,0,0,20.374687,0.936111,0.106061,0.151754,0.288114,0.054798,0.80315,0.905512,0.649606,0.247316,1,0,0,0,0,0,0,0,0,0,0,0,0,0,0,0,0,0,0,0,0,0,0,0,0,0,0,0,0,0,0,0,1,0,0,0,0,0,0,0,0,0,0,0,2
java.lang.NumberFormatException: multiple points
thread is open, sizeMB2000
thread is open, sizeMB2000
print extradionario!!!!
0.536768,0.25,0.227273,0.1932710.498749,0.972222,0.151515,0.211167,0.29199,0.313053,0.795276,0.88189,0.625984,0.280775,1,0,0,0,0,0,0,0,0,0,0,0,0,0,0,1,0,0,0,0,0,0,0,0,0,0,0,0,0,0,0,0,0,0,0,0,0,0,0,0,0,0,0,0,20.49975,0.977778,0.151515,0.228346,0.294574,0.310243,0.795276,0.874016,0.622047,0.276593,1,0,0,0,0,0,0,0,0,0,0,0,0,0,0,1,0,0,0,0,0,0,0,0,0,0,0,0,0,0,0,0,0,0,0,0,0,0,0,0,0,0,0,0,2
java.lang.NumberFormatException: multiple points
thread is open, sizeMB2000
thread is open, sizeMB2000
thread is open, sizeMB2000
print extradionario!!!!
0.543272,0.083333,0.257576,0.365784,0.286822,0.094703,0.838583,0.795276,0.472441,0.250.587294,0.011111,0.060606,0,0.223514,0.502599,0.846457,0.913386,0.610236,0.046006,1,0,0,0,0,0,0,0,0,0,0,0,0,0,0,0,0,0,0,0,0,0,0,0,0,0,1,0,0,0,0,0,0,0,0,0,0,0,0,0,0,0,0,0,10.587294,0.933333,0.075758,0,0.223514,0.498525,0.822835,0.917323,0.637795,0.046145,1,0,0,0,0,0,0,0,0,0,0,0,0,0,0,0,0,0,0,0,0,0,0,0,0,0,1,0,0,0,0,0,0,0,0,0,0,0,0,0,0,0,0,0,1
java.lang.NumberFormatException: multiple points
thread is open, sizeMB2000
print extradionario!!!!
0.55978,0.172222,0.060606,0,0.223514,0.140368,0.80.690845,0.808333,0.227273,0,0.223514,0.759028,0.688976,0.929134,0.787402,0.044472,1,0,0,0,0,0,0,0,0,0,0,0,0,0,0,0,0,0,0,0,0,0,0,0,0,0,0,0,0,0,0,0,0,0,0,0,0,0,0,0,0,1,0,0,20.698849,0.8,0.257576,0.021475,0.244186,0.763243,0.677165,0.933071,0.80315,0.047679,1,0,0,0,0,0,0,0,0,0,0,0,0,0,0,0,0,0,0,0,0,0,0,0,0,0,0,0,0,0,0,0,0,0,0,0,0,0,0,0,0,1,0,0,2
java.lang.NumberFormatException: multiple points
thread is open, sizeMB2000
print extradionario!!!!
0.713857,0.383333,0.090909,0.29920.690845,0.452778,0.090909,0.250537,0.257106,0.662077,0.889764,0.952756,0.586614,0.098703,1,0,0,0,0,0,0,0,0,0,0,0,0,0,0,0,0,0,0,0,0,0,0,0,0,0,0,0,0,0,0,0,1,0,0,0,0,0,0,0,0,0,0,0,20.690845,0.494444,0.106061,0.261274,0.257106,0.658423,0.877953,0.96063,0.610236,0.101213,1,0,0,0,0,0,0,0,0,0,0,0,0,0,0,0,0,0,0,0,0,0,0,0,0,0,0,0,0,0,0,0,1,0,0,0,0,0,0,0,0,0,0,0,2
java.lang.NumberFormatException: multiple points
thread is open, sizeMB2000
thread is open, sizeMB2000
print extradionario!!!!
0.484742,0.005556,0.19697,0.0.526763,0.052778,0.212121,0.499642,0.621447,0.163974,0.822835,0.826772,0.535433,0.101213,0,0,1,0,0,0,0,0,0,0,0,0,0,0,0,0,0,0,0,0,0,0,0,0,0,0,0,0,0,0,0,0,0,0,0,0,1,0,0,0,0,0,0,0,20.526263,0.05,0.19697,0.480315,0.604651,0.162287,0.822835,0.834646,0.543307,0.097588,0,0,1,0,0,0,0,0,0,0,0,0,0,0,0,0,0,0,0,0,0,0,0,0,0,0,0,0,0,0,0,0,0,0,0,0,1,0,0,0,0,0,0,0,2
java.lang.NumberFormatException: multiple points
thread is open, sizeMB2000
thread is open, sizeMB2000
print extradionario!!!!
0.597799,0.383333,0.5,0.0.184592,0.969444,0.409091,0.34932,0.315245,0.102852,0.629921,0.724409,0.610236,0.140248,0,0,0,1,0,0,0,0,0,0,0,0,0,1,0,0,0,0,0,0,0,0,0,0,0,0,0,0,0,0,0,0,0,0,0,0,0,0,0,0,0,0,0,0,30.186093,0.930556,0.30303,0.354331,0.338501,0.105381,0.669291,0.822835,0.692913,0.138436,0,0,0,1,0,0,0,0,0,0,0,0,0,1,0,0,0,0,0,0,0,0,0,0,0,0,0,0,0,0,0,0,0,0,0,0,0,0,0,0,0,0,0,0,3
java.lang.NumberFormatException: multiple points
thread is open, sizeMB2000
thread is open, sizeMB2000
thread is open, sizeMB2000
learning evaluation instances,Wall Time (Actual Time),Avg Delay (ms),outRate (inst/s),classified instances,classifications correct (percent),Kappa Statistic (percent),Kappa Temporal Statistic (percent),Kappa M Statistic (percent),F1 Score (percent),F1 Score for class 0 (percent),F1 Score for class 1 (percent),F1 Score for class 2 (percent),F1 Score for class 3 (percent),F1 Score for class 4 (percent),F1 Score for class 5 (percent),F1 Score for class 6 (percent),Precision (percent),Precision for class 0 (percent),Precision for class 1 (percent),Precision for class 2 (percent),Precision for class 3 (percent),Precision for class 4 (percent),Precision for class 5 (percent),Precision for class 6 (percent),Recall (percent),Recall for class 0 (percent),Recall for class 1 (percent),Recall for class 2 (percent),Recall for class 3 (percent),Recall for class 4 (percent),Recall for class 5 (percent),Recall for class 6 (percent),model training instances,model serialized size (bytes)
108813.0,121.81900024414062,2113.0,893.2350463867188,108000.0,89.225,81.40228736185786,-53.765856236786504,75.36152103491351,69.41985628147066,?,86.51150356719185,92.74537695590328,87.42212993177098,74.08854166666667,72.32142857142858,70.45413425004524,71.88803872033374,0.0,92.19729344729345,89.67880743814354,83.03747534516765,76.17135207496653,78.64077669902912,83.49056603773585,67.11553167337252,0.0,81.4862610556797,96.02909473892079,92.29564672721578,72.11660329531053,66.94214876033058,60.93896713615023,0.0,1.0
