Connected!
[newChuckSize]:0
thread is open, sizeMB500
[newChuckSize]:500
print extradionario!!!!
0.483742,0.030556,0.106061,0.26199,0.317829,0.372067,0.838583,0.885827,0.0.207104,0.883333,0.393939,0.194703,0.399225,0.156808,0.570866,0.818898,0.779528,0.118918,0,0,0,1,0,0,0,0,0,0,0,0,0,1,0,0,0,0,0,0,0,0,0,0,0,0,0,0,0,0,0,0,0,0,0,0,0,0,0,0,0,0,0,0,6
java.lang.NumberFormatException: multiple points
thread is open, sizeMB500
print extradionario!!!!
0.255128,0.816667,0.409091,0.215462,0.488372,0.186736,0.535433,0.874016,0.870079,0.0960.527264,0.058333,0.151515,0.193271,0.191214,0.780807,0.84252,0.862205,0.555118,0.523351,1,0,0,0,0,0,0,0,0,0,0,0,0,0,0,0,0,0,0,0,0,0,0,0,0,0,0,0,0,0,0,0,1,0,0,0,0,0,0,0,0,0,0,0,2
java.lang.NumberFormatException: multiple points
print extradionario!!!!
0.553277,0.125,0.060606,0,0.223514,0.835605,0.870079,0.909449,0.574803,0.470.383692,0.491667,0.075758,0.23622,0.245478,0.145005,0.874016,0.956693,0.610236,0.776244,1,0,0,0,0,0,0,0,0,0,0,0,0,0,0,0,0,0,0,0,0,0,0,0,0,0,0,0,0,0,0,0,1,0,0,0,0,0,0,0,0,0,0,0,20.384192,0.5,0.090909,0.23622,0.24677,0.142616,0.877953,0.96063,0.614173,0.774014,1,0,0,0,0,0,0,0,0,0,0,0,0,0,0,0,0,0,0,0,0,0,0,0,0,0,0,0,0,0,0,0,1,0,0,0,0,0,0,0,0,0,0,0,2
java.lang.NumberFormatException: multiple points
print extradionario!!!!
0.482741,0.330556,0.106060.350675,0.452778,0.090909,0,0.223514,0.15737,0.889764,0.952756,0.590551,0.711697,1,0,0,0,0,0,0,0,0,0,0,0,0,0,0,0,0,0,0,1,0,0,0,0,0,0,0,0,0,0,0,0,0,0,0,0,0,0,0,0,0,0,0,0,20.351176,0.891667,0.19697,0.042949,0.239018,0.155965,0.73622,0.893701,0.708661,0.699707,1,0,0,0,0,0,0,0,0,0,0,0,0,0,0,0,0,0,0,0,0,1,0,0,0,0,0,0,0,0,0,0,0,0,0,0,0,0,0,0,0,0,0,0,2
java.lang.NumberFormatException: multiple points
print extradionario!!!!
0.592796,0.072222,0.090909,0.021475,0.232558,0.916959,0.854331,0.0.589295,0.875,0.030303,0.14388,0.231266,0.88127,0.84252,0.933071,0.633858,0.467029,1,0,0,0,0,0,0,0,0,0,0,0,0,0,0,0,0,0,0,0,0,0,0,0,0,0,0,0,0,0,0,0,1,0,0,0,0,0,0,0,0,0,0,0,20.589295,0.163889,0.060606,0.154617,0.236434,0.877055,0.877953,0.909449,0.562992,0.470933,1,0,0,0,0,0,0,0,0,0,0,0,0,0,0,0,0,0,0,0,0,0,0,0,0,0,0,0,0,0,0,0,1,0,0,0,0,0,0,0,0,0,0,0,2
java.lang.NumberFormatException: multiple points
thread is open, sizeMB500
print extradionario!!!!
0.460.489245,0.430556,0.106061,0.258411,0.248062,0.507236,0.897638,0.948819,0.574803,0.864352,1,0,0,0,0,0,0,0,0,0,0,0,0,0,0,0,0,0,0,0,0,0,0,0,0,0,0,0,0,0,0,0,0,1,0,0,0,0,0,0,0,0,0,0,2
java.lang.NumberFormatException: multiple points
print extradionario!!!!
0.34067,0.091667,0.075758,0.221188,0.231266,0.1670.65983,0.075,0.106061,0.077309,0.231266,0.66011,0.854331,0.88189,0.562992,0.192388,1,0,0,0,0,0,0,0,0,0,0,0,0,0,0,0,0,0,0,0,0,0,1,0,0,0,0,0,0,0,0,0,0,0,0,0,0,0,0,0,0,0,0,0,10.65983,0,0.121212,0.068003,0.231266,0.661796,0.818898,0.885827,0.606299,0.192528,1,0,0,0,0,0,0,0,0,0,0,0,0,0,0,0,0,0,0,0,0,0,1,0,0,0,0,0,0,0,0,0,0,0,0,0,0,0,0,0,0,0,0,0,1
java.lang.NumberFormatException: multiple points
print extradionario!!!!
0.376688,0.061111,0.166667,0.231926,0.255814,0.204581,0.838583,0.850394,0.543307,0.590.331166,0.266667,0.136364,0.395132,0.27907,0.120556,0.92126,0.897638,0.492126,0.533807,1,0,0,0,0,0,0,0,0,0,0,0,0,0,0,0,0,0,0,0,0,1,0,0,0,0,0,0,0,0,0,0,0,0,0,0,0,0,0,0,0,0,0,0,20.329665,0.227778,0.106061,0.375089,0.275194,0.118168,0.905512,0.897638,0.519685,0.532134,1,0,0,0,0,0,0,0,0,0,0,0,0,0,0,0,0,0,0,0,0,1,0,0,0,0,0,0,0,0,0,0,0,0,0,0,0,0,0,0,0,0,0,0,2
java.lang.NumberFormatException: multiple points
print extradionario!!!!
0.558279,0.55,0.151515,0.09592,0.24031,0.772095,0.854331,0.980.486243,0.908333,0.242424,0.021475,0.236434,0.511592,0.712598,0.870079,0.704724,0.847205,1,0,0,0,0,0,0,0,0,0,0,0,0,0,0,0,0,0,0,0,0,0,0,0,0,0,0,0,0,0,0,0,1,0,0,0,0,0,0,0,0,0,0,0,20.489245,0.919444,0.257576,0.042949,0.25323,0.50836,0.704724,0.854331,0.69685,0.84372,1,0,0,0,0,0,0,0,0,0,0,0,0,0,0,0,0,0,0,0,0,0,0,0,0,0,0,0,0,0,0,0,1,0,0,0,0,0,0,0,0,0,0,0,2
java.lang.NumberFormatException: multiple points
print extradionario!!!!
0.358679,0.2,0.181818,0.136000.538769,0.083333,0.136364,0.121689,0.249354,0.643108,0.858268,0.866142,0.543307,0.844277,1,0,0,0,0,0,0,0,0,0,0,0,0,0,0,1,0,0,0,0,0,0,0,0,0,0,0,0,0,0,0,0,0,0,0,0,0,0,0,0,0,0,0,0,20.538769,0.983333,0.106061,0.137437,0.258398,0.639595,0.818898,0.893701,0.61811,0.848041,1,0,0,0,0,0,0,0,0,0,0,0,0,0,0,0,0,0,0,0,0,0,0,1,0,0,0,0,0,0,0,0,0,0,0,0,0,0,0,0,0,0,0,0,2
java.lang.NumberFormatException: multiple points
print extradionario!!!!
0.577789,0.125,0.19697,0.336435,0.439276,0.786286,0.877953,0.8260.57929,0.180556,0.348485,0.060845,0.242894,0.716032,0.92126,0.732283,0.279528,0.379757,1,0,0,0,0,0,0,0,0,0,0,0,0,0,0,0,0,0,0,0,0,0,0,0,0,0,0,0,0,0,0,0,1,0,0,0,0,0,0,0,0,0,0,0,10.573287,0.2,0.363636,0.04796,0.25323,0.719123,0.940945,0.732283,0.251969,0.380594,1,0,0,0,0,0,0,0,0,0,0,0,0,0,0,0,0,0,0,0,0,0,0,0,0,0,0,0,0,0,0,0,1,0,0,0,0,0,0,0,0,0,0,0,1
java.lang.NumberFormatException: multiple points
thread is open, sizeMB500
print extradionario!!!!
0.692846,0.316667,0.19697,0.503221,0.0.550275,0.030556,0.121212,0.292054,0.303618,0.568919,0.834646,0.88189,0.590551,0.758957,1,0,0,0,0,0,0,0,0,0,0,0,0,0,0,1,0,0,0,0,0,0,0,0,0,0,0,0,0,0,0,0,0,0,0,0,0,0,0,0,0,0,0,0,20.550275,0.016667,0.106061,0.271296,0.303618,0.564845,0.834646,0.889764,0.598425,0.755054,1,0,0,0,0,0,0,0,0,0,0,0,0,0,0,1,0,0,0,0,0,0,0,0,0,0,0,0,0,0,0,0,0,0,0,0,0,0,0,0,0,0,0,0,2
java.lang.NumberFormatException: multiple points
print extradionario!!!!
0.494247,0.111111,0.121212,0.021475,0.22739,0.425880.661831,0.888889,0.121212,0.432355,0.232558,0.541801,0.783465,0.917323,0.681102,0.575352,1,0,0,0,0,0,0,0,0,0,0,0,0,0,0,0,0,0,0,0,0,0,0,0,0,0,0,0,0,0,0,0,1,0,0,0,0,0,0,0,0,0,0,0,10.661831,0.933333,0.090909,0.423049,0.232558,0.542925,0.814961,0.913386,0.645669,0.576607,1,0,0,0,0,0,0,0,0,0,0,0,0,0,0,0,0,0,0,0,0,0,0,0,0,0,0,0,0,0,0,0,1,0,0,0,0,0,0,0,0,0,0,0,1
java.lang.NumberFormatException: multiple points
thread is open, sizeMB500
print extradionario!!!!
0.528764,0.2,0.030303,0.020.33917,0.147222,0.151515,0.167502,0.260982,0.077701,0.889764,0.862205,0.5,0.026488,1,0,0,0,0,0,0,0,0,0,0,0,0,0,0,0,0,0,0,0,0,0,0,0,0,0,0,0,0,0,0,0,1,0,0,0,0,0,0,0,0,0,0,0,20.337169,0.208333,0.151515,0.154617,0.255814,0.073627,0.917323,0.870079,0.472441,0.030392,1,0,0,0,0,0,0,0,0,0,0,0,0,0,0,0,0,0,0,0,0,0,0,0,0,0,0,0,0,0,0,0,1,0,0,0,0,0,0,0,0,0,0,0,2
java.lang.NumberFormatException: multiple points
thread is open, sizeMB500
print extradionario!!!!
0.428214,0.113889,0.257576,0.171797,0.0.518759,0.213889,0.121212,0,0.223514,0.610791,0.909449,0.885827,0.5,0.432455,1,0,0,0,0,0,0,0,0,0,0,0,0,0,0,0,0,0,0,0,0,0,0,0,0,0,1,0,0,0,0,0,0,0,0,0,0,0,0,0,0,0,0,0,1
java.lang.NumberFormatException: multiple points
thread is open, sizeMB500
thread is open, sizeMB500
thread is open, sizeMB500
thread is open, sizeMB500
print extradionario!!!!
0.505753,0.044444,0.181818,0.184681,0.242894,0.421526,0.8228350.502751,0.488889,0.106061,0.150322,0.258398,0.404805,0.88189,0.96063,0.606299,0.323156,1,0,0,0,0,0,0,0,0,0,0,0,0,0,0,1,0,0,0,0,0,0,0,0,0,0,0,0,0,0,0,0,0,0,0,0,0,0,0,0,0,0,0,0,2
java.lang.NumberFormatException: multiple points
thread is open, sizeMB500
thread is open, sizeMB500
thread is open, sizeMB500
print extradionario!!!!
0.623812,0.930556,0.166667,0.0600.622311,0.375,0,0.021475,0.223514,0.598707,0.862205,0.937008,0.614173,0.200195,1,0,0,0,0,0,0,0,0,0,0,0,0,0,0,0,0,0,0,0,0,0,0,0,0,1,0,0,0,0,0,0,0,0,0,0,0,0,0,0,0,0,0,0,1
java.lang.NumberFormatException: multiple points
thread is open, sizeMB500
thread is open, sizeMB500
print extradionario!!!!
0.710355,0.905556,0.106061,0.171797,0.302326,0.48054,0.795276,0.913386,0.665354,0.270.606803,0.136111,0.075758,0.2398,0.276486,0.198117,0.874016,0.901575,0.562992,0.392862,1,0,0,0,0,0,0,0,0,0,0,0,0,0,0,0,0,0,0,0,0,0,0,0,0,0,0,0,0,0,0,0,1,0,0,0,0,0,0,0,0,0,0,0,1
java.lang.NumberFormatException: multiple points
thread is open, sizeMB500
thread is open, sizeMB500
thread is open, sizeMB500
thread is open, sizeMB500
print extradionario!!!!
0.698349,0.547222,0.19697,0.214746,0.297158,0.503021,0.850394,0.988189,0.6535430.51926,0.797222,0.30303,0.343593,0.24031,0.180132,0.633858,0.925197,0.834646,0.192806,0,0,1,0,0,0,0,0,0,0,0,0,0,0,0,0,0,0,0,0,0,0,0,0,0,0,0,0,0,0,0,0,0,0,0,1,0,0,0,0,0,0,0,0,2
java.lang.NumberFormatException: multiple points
thread is open, sizeMB500
thread is open, sizeMB500
thread is open, sizeMB500
thread is open, sizeMB500
thread is open, sizeMB500
BYTES READ -1
learning evaluation instances,Wall Time (Actual Time),Avg Delay (ms),outRate (inst/s),classified instances,classifications correct (percent),Kappa Statistic (percent),Kappa Temporal Statistic (percent),Kappa M Statistic (percent),F1 Score (percent),F1 Score for class 0 (percent),F1 Score for class 1 (percent),F1 Score for class 2 (percent),F1 Score for class 3 (percent),F1 Score for class 4 (percent),F1 Score for class 5 (percent),F1 Score for class 6 (percent),Precision (percent),Precision for class 0 (percent),Precision for class 1 (percent),Precision for class 2 (percent),Precision for class 3 (percent),Precision for class 4 (percent),Precision for class 5 (percent),Precision for class 6 (percent),Recall (percent),Recall for class 0 (percent),Recall for class 1 (percent),Recall for class 2 (percent),Recall for class 3 (percent),Recall for class 4 (percent),Recall for class 5 (percent),Recall for class 6 (percent),model training instances,model serialized size (bytes),ensemble size,[avg] model training instances,[err] model training instances,[avg] model serialized size (bytes),[err] model serialized size (bytes),[avg] tree size (nodes),[err] tree size (nodes),[avg] tree size (leaves),[err] tree size (leaves),[avg] active learning leaves,[err] active learning leaves,[avg] tree depth,[err] tree depth,[avg] active leaf byte size estimate,[err] active leaf byte size estimate,[avg] inactive leaf byte size estimate,[err] inactive leaf byte size estimate,[avg] byte size estimate overhead,[err] byte size estimate overhead
312001.0,119.41100311279297,167.0,2612.8330078125,312000.0,78.43044871794872,61.254454022452556,-366.56267332224115,50.92967975266873,54.26820856103478,?,70.34242254728098,85.36707817190208,79.37493310499839,47.70337576092972,33.35084033613445,43.7495885721809,63.159573963651106,0.0,80.0761455708208,79.33861160499406,72.27506627163574,66.92546583850931,66.52697747511786,76.97475098447997,47.57130111880571,0.0,62.71860938959165,92.38701485879002,88.02164933770118,37.05932932072227,22.253373050639567,30.559131874195327,0.0,1.0,25.0,235340.56000000008,114005.29737914233,1.0,0.0,59.27999999999998,48.734416312636114,25.359999999999992,26.897769424247798,25.359999999999992,26.897769424247798,6.36,4.53578365151308,0.0,0.0,0.0,0.0,1.0,0.0
