Connected!
[newChuckSize]:0
thread is open, sizeMB25
[newChuckSize]:25
thread is open, sizeMB25
print extradionario!!!!
0.47924,0.088889,0.227273,0.27917,0.31910.21961,0.311111,0.560606,0.228346,0.479328,0.116622,0.996063,0.681102,0.047244,0.046006,0,0,0,1,0,0,1,0,0,0,0,0,0,0,0,0,0,0,0,0,0,0,0,0,0,0,0,0,0,0,0,0,0,0,0,0,0,0,0,0,0,0,0,0,40.192096,0.358333,0.515152,0.184681,0.408269,0.108754,0.992126,0.783465,0.181102,0.033459,0,0,0,1,0,0,1,0,0,0,0,0,0,0,0,0,0,0,0,0,0,0,0,0,0,0,0,0,0,0,0,0,0,0,0,0,0,0,0,0,0,0,0,0,4
java.lang.NumberFormatException: multiple points
thread is open, sizeMB25
print extradionario!!!!
0.178589,0.277778,0.348485,0,0.223514,0.16861,0.984252,0.799213,0.0.644322,0.408333,0.166667,0.489621,0.200258,0.105381,0.925197,0.940945,0.527559,0.22278,0,1,0,0,0,0,0,0,0,0,0,0,0,0,0,0,0,0,0,0,0,0,0,0,0,1,0,0,0,0,0,0,0,0,0,0,0,0,0,0,0,0,0,0,10.654827,0.930556,0.409091,0.42806,0.342377,0.056203,0.590551,0.76378,0.69685,0.249547,0,0,1,0,0,0,0,0,0,0,0,0,0,0,0,0,0,0,0,0,0,0,0,0,0,0,0,0,0,0,0,0,0,0,0,0,1,0,0,0,0,0,0,0,2
java.lang.NumberFormatException: multiple points
thread is open, sizeMB25
thread is open, sizeMB25
thread is open, sizeMB25
print extradionario!!!!
0.566283,0.088889,0.227273,0,0.223514,0.877195,0.0.530265,0.375,0.015152,0.410165,0.270026,0.64367,0.870079,0.937008,0.602362,0.75129,1,0,0,0,0,0,0,0,0,0,0,0,0,0,0,1,0,0,0,0,0,0,0,0,0,0,0,0,0,0,0,0,0,0,0,0,0,0,0,0,0,0,0,0,20.531766,0.188889,0.045455,0.395132,0.273902,0.639876,0.874016,0.92126,0.582677,0.755193,1,0,0,0,0,0,0,0,0,0,0,0,0,0,0,1,0,0,0,0,0,0,0,0,0,0,0,0,0,0,0,0,0,0,0,0,0,0,0,0,0,0,0,0,2
java.lang.NumberFormatException: multiple points
thread is open, sizeMB25
thread is open, sizeMB25
print extradionario!!!!
0.41971,0.505556,0.121212,0.088762,0.2370.686343,0,0.106061,0.567645,0.498708,0.609667,0.826772,0.893701,0.610236,0.325387,1,0,0,0,0,0,0,0,0,0,0,0,0,0,0,0,0,0,0,0,0,0,0,0,0,0,0,0,0,0,0,0,1,0,0,0,0,0,0,0,0,0,0,0,10.686343,0,0.136364,0.556908,0.498708,0.612196,0.818898,0.88189,0.606299,0.326642,1,0,0,0,0,0,0,0,0,0,0,0,0,0,0,0,0,0,0,0,0,0,0,0,0,0,0,0,0,0,0,0,1,0,0,0,0,0,0,0,0,0,0,0,1
java.lang.NumberFormatException: multiple points
print extradionario!!!!
0.328664,0.00.656328,0.194444,0.19697,0.228346,0.270026,0.658705,0.92126,0.838583,0.425197,0.373066,1,0,0,0,0,0,0,0,0,0,0,0,0,0,0,0,0,0,0,0,0,0,0,0,0,0,0,0,0,0,0,0,1,0,0,0,0,0,0,0,0,0,0,0,10.652826,0.208333,0.181818,0.212598,0.260982,0.661655,0.92126,0.854331,0.444882,0.375157,1,0,0,0,0,0,0,0,0,0,0,0,0,0,0,0,0,0,0,0,0,0,0,0,0,0,0,0,0,0,0,0,1,0,0,0,0,0,0,0,0,0,0,0,1
java.lang.NumberFormatException: multiple points
thread is open, sizeMB25
thread is open, sizeMB25
thread is open, sizeMB25
print extradionario!!!!
0.568284,0.075,0.30303,0.2280.550275,0.975,0.151515,0.355762,0.308786,0.60222,0.799213,0.88189,0.625984,0.789907,1,0,0,0,0,0,0,0,0,0,0,0,0,0,0,1,0,0,0,0,0,0,0,0,0,0,0,0,0,0,0,0,0,0,0,0,0,0,0,0,0,0,0,0,20.551776,0.013889,0.136364,0.375089,0.316537,0.598005,0.822835,0.877953,0.598425,0.786003,1,0,0,0,0,0,0,0,0,0,0,0,0,0,0,1,0,0,0,0,0,0,0,0,0,0,0,0,0,0,0,0,0,0,0,0,0,0,0,0,0,0,0,0,2
java.lang.NumberFormatException: multiple points
thread is open, sizeMB25
thread is open, sizeMB25
thread is open, sizeMB25
print extradionario!!!!
0.574787,0.625,0.030303,0.608447,0.368217,0.830828,0.850394,0.948819,0.63770.681341,0.163889,0.212121,0.274875,0.232558,0.515807,0.905512,0.830709,0.437008,0.540499,1,0,0,0,0,0,0,0,0,0,0,0,0,0,0,0,0,0,0,0,0,0,0,0,0,0,1,0,0,0,0,0,0,0,0,0,0,0,0,0,0,0,0,0,10.67984,0.013889,0.136364,0.289191,0.232558,0.517212,0.822835,0.877953,0.598425,0.542172,1,0,0,0,0,0,0,0,0,0,0,0,0,0,0,0,0,0,0,0,0,0,0,0,0,0,0,0,0,0,0,0,1,0,0,0,0,0,0,0,0,0,0,0,1
java.lang.NumberFormatException: multiple points
thread is open, sizeMB25
thread is open, sizeMB25
thread is open, sizeMB25
print extradionario!!!!
0.494247,0.0.466233,0.177778,0.257576,0.335719,0.268734,0.245047,0.917323,0.799213,0.377953,0.297365,1,0,0,0,0,0,0,0,0,0,0,0,0,0,0,1,0,0,0,0,0,0,0,0,0,0,0,0,0,0,0,0,0,0,0,0,0,0,0,0,0,0,0,0,20.461731,0.175,0.272727,0.319256,0.257106,0.242377,0.917323,0.791339,0.366142,0.293601,1,0,0,0,0,0,0,0,0,0,0,0,0,0,0,1,0,0,0,0,0,0,0,0,0,0,0,0,0,0,0,0,0,0,0,0,0,0,0,0,0,0,0,0,2
java.lang.NumberFormatException: multiple points
thread is open, sizeMB25
thread is open, sizeMB25
thread is open, sizeMB25
print extradionario!!!!
0.418709,0.055556,0.181818,0,0.223514,0.337502,0.834646,0.846457,0.54720.577789,0.686111,0.151515,0.579814,0.370801,0.833357,0.787402,0.976378,0.732283,0.532553,1,0,0,0,0,0,0,0,0,0,0,0,0,0,0,0,0,0,0,0,0,0,0,0,0,0,0,0,0,0,0,0,1,0,0,0,0,0,0,0,0,0,0,0,20.581291,0.730556,0.181818,0.601288,0.359173,0.837432,0.744094,0.968504,0.771654,0.530183,1,0,0,0,0,0,0,0,0,0,0,0,0,0,0,0,0,0,0,0,0,0,0,0,0,0,0,0,0,0,0,0,1,0,0,0,0,0,0,0,0,0,0,0,2
java.lang.NumberFormatException: multiple points
thread is open, sizeMB25
thread is open, sizeMB25
thread is open, sizeMB25
thread is open, sizeMB25
learning evaluation instances,Wall Time (Actual Time),Avg Delay (ms),outRate (inst/s),classified instances,classifications correct (percent),Kappa Statistic (percent),Kappa Temporal Statistic (percent),Kappa M Statistic (percent),F1 Score (percent),F1 Score for class 0 (percent),F1 Score for class 1 (percent),F1 Score for class 2 (percent),F1 Score for class 3 (percent),F1 Score for class 4 (percent),F1 Score for class 5 (percent),F1 Score for class 6 (percent),Precision (percent),Precision for class 0 (percent),Precision for class 1 (percent),Precision for class 2 (percent),Precision for class 3 (percent),Precision for class 4 (percent),Precision for class 5 (percent),Precision for class 6 (percent),Recall (percent),Recall for class 0 (percent),Recall for class 1 (percent),Recall for class 2 (percent),Recall for class 3 (percent),Recall for class 4 (percent),Recall for class 5 (percent),Recall for class 6 (percent),model training instances,model serialized size (bytes)
35801.0,120.05500030517578,82.0,298.2049865722656,35800.0,94.94134078212291,88.30804672988455,2.266594711278969,82.84713013828377,70.83301869854256,?,91.2169664667999,96.77482831224543,69.8224852071006,92.42298084929226,84.97652582159624,49.438202247191015,74.44500101212607,0.0,93.13003060877452,96.12978889757623,73.75,89.66074313408724,80.44444444444444,88.0,67.55531566857422,0.0,89.38091611358938,97.42858274892032,66.29213483146067,95.36082474226805,90.04975124378109,34.375,0.0,1.0
