Connected!
linha fdp!!!!
0.447224,0.302778,0.287879,0.042949,0.219638,0.389349,0.9760.430715,0.1,0.257576,0.021475,0.223514,0.183785,0.854331,0.791339,0.448819,0.314373,1,0,0,0,0,0,0,0,0,0,0,0,0,0,0,0,0,0,0,0,0,0,0,0,0,0,1,0,0,0,0,0,0,0,0,0,0,0,0,0,0,0,0,0,5
java.lang.NumberFormatException: multiple points
linha fdp!!!!
0.727864,0.197222,0.181818,0.0.357179,0.941667,0.272727,0.221188,0.375969,0.077701,0.704724,0.834646,0.669291,0.047679,0,0,1,0,0,0,0,0,0,0,0,0,0,1,0,0,0,0,0,0,0,0,0,0,0,0,0,0,0,0,0,0,0,0,0,0,0,0,0,0,0,0,0,0,6
java.lang.NumberFormatException: multiple points
linha fdp!!!!
0.485743,0.794444,0.303030.622811,0.819444,0.242424,0.34932,0.179587,0.292398,0.677165,0.92126,0.791339,0.08532,0,0,1,0,0,0,0,0,0,0,0,0,0,0,0,0,0,0,0,0,0,0,0,0,0,1,0,0,0,0,0,0,0,0,0,0,0,0,0,0,0,0,0,0,1
java.lang.NumberFormatException: multiple points
linha fdp!!!!
0.109555,0.316667,0.121212,0,0.223514,0.186595,0.925197,0.913380.263632,0.933333,0.166667,0.137437,0.297158,0.214978,0.767717,0.885827,0.665354,0.059111,0,0,0,1,0,0,0,0,0,0,0,0,0,1,0,0,0,0,0,0,0,0,0,0,0,0,0,0,0,0,0,0,0,0,0,0,0,0,0,0,0,0,0,0,6
java.lang.NumberFormatException: multiple points
linha fdp!!!!
0.20.445223,0.838889,0.257576,0.258411,0.293282,0.258536,0.669291,0.905512,0.783465,0.327339,0,0,1,0,0,0,0,0,0,0,0,0,0,1,0,0,0,0,0,0,0,0,0,0,0,0,0,0,0,0,0,0,0,0,0,0,0,0,0,0,0,0,0,0,6
java.lang.NumberFormatException: multiple points
linha fdp!!!!
0.0.486243,0.233333,0.106061,0.021475,0.217054,0.655332,0.905512,0.897638,0.515748,0.64938,1,0,0,0,0,0,0,0,0,0,0,0,0,0,0,0,0,0,0,0,0,0,0,0,0,0,0,0,0,0,0,0,0,1,0,0,0,0,0,0,0,0,0,0,2
java.lang.NumberFormatException: multiple points
linha fdp!!!!
0.447224,0.411111,0.180.513757,0.919444,0.287879,0.060845,0.257106,0.690319,0.677165,0.838583,0.704724,0.633347,1,0,0,0,0,0,0,0,0,0,0,0,0,0,0,0,0,0,0,0,0,0,0,0,0,0,0,1,0,0,0,0,0,0,0,0,0,0,0,0,0,0,0,0,2
java.lang.NumberFormatException: multiple points
linha fdp!!!!
0.57979,0.338889,0.060606,0.167502,0.249354,0.84820.558279,0.238889,0.227273,0.211167,0.295866,0.806941,0.948819,0.84252,0.389764,0.538408,1,0,0,0,0,0,0,0,0,0,0,0,0,0,0,0,0,0,0,0,0,0,0,0,0,0,0,0,0,0,0,0,1,0,0,0,0,0,0,0,0,0,0,0,2
java.lang.NumberFormatException: multiple points
linha fdp!!!!
0.502251,0.325,0.1660.415208,0.113889,0.151515,0.137437,0.276486,0.281158,0.870079,0.862205,0.519685,0.682281,1,0,0,0,0,0,0,0,0,0,0,0,0,0,0,1,0,0,0,0,0,0,0,0,0,0,0,0,0,0,0,0,0,0,0,0,0,0,0,0,0,0,0,0,2
java.lang.NumberFormatException: multiple points
linha fdp!!!!
0.551776,0.955556,0.166667,0.380816,0.397933,0.695799,0.779528,0.877953,0.645669,0.7309350.554777,0.330556,0.363636,0.212598,0.375969,0.86188,0.992126,0.834646,0.287402,0.577443,1,0,0,0,0,0,0,0,0,0,0,0,0,0,0,0,0,0,0,0,0,0,0,0,0,0,0,0,0,0,0,0,0,1,0,0,0,0,0,0,0,0,0,0,2
java.lang.NumberFormatException: multiple points
linha fdp!!!!
0.446223,0.975,0.1510.572786,0.319444,0.060606,0.645669,0.264858,0.801461,0.893701,0.929134,0.566929,0.853339,1,0,0,0,0,0,0,0,0,0,0,0,0,0,0,0,0,0,0,0,0,0,0,0,0,0,0,0,0,0,0,0,1,0,0,0,0,0,0,0,0,0,0,0,2
java.lang.NumberFormatException: multiple points
linha fdp!!!!
0.45970.463232,0.791667,0.378788,0.042949,0.25969,0.282984,0.559055,0.905512,0.88189,0.449045,1,0,0,0,0,0,0,0,0,0,0,0,0,0,0,0,0,0,0,0,0,0,0,0,0,0,0,0,0,0,0,0,0,1,0,0,0,0,0,0,0,0,0,0,1
java.lang.NumberFormatException: multiple points
linha fdp!!!!
0.367684,0.425,0.19697,0.0850.653327,0.897222,0.106061,0.510379,0.211886,0.558241,0.791339,0.917323,0.673228,0.559459,1,0,0,0,0,0,0,0,0,0,0,0,0,0,0,0,0,0,0,0,0,0,1,0,0,0,0,0,0,0,0,0,0,0,0,0,0,0,0,0,0,0,0,0,10.653327,0.927778,0.106061,0.502505,0.211886,0.559224,0.80315,0.909449,0.653543,0.560296,1,0,0,0,0,0,0,0,0,0,0,0,0,0,0,0,0,0,0,0,0,0,1,0,0,0,0,0,0,0,0,0,0,0,0,0,0,0,0,0,0,0,0,0,1
java.lang.NumberFormatException: multiple points
linha fdp!!!!
0.704352,0.988889,0.151515,0.455261,0.303618,0.4760.569785,0.3,0.030303,0.269148,0.26615,0.746944,0.877953,0.929134,0.586614,0.819462,1,0,0,0,0,0,0,0,0,0,0,0,0,0,0,1,0,0,0,0,0,0,0,0,0,0,0,0,0,0,0,0,0,0,0,0,0,0,0,0,0,0,0,0,2
java.lang.NumberFormatException: multiple points
linha fdp!!!!
0.564782,0,0,0.173228,0.231266,0.660.466233,0.15,0.030303,0.060845,0.228682,0.370943,0.866142,0.92126,0.590551,0.321762,1,0,0,0,0,0,0,0,0,0,0,0,0,0,0,1,0,0,0,0,0,0,0,0,0,0,0,0,0,0,0,0,0,0,0,0,0,0,0,0,0,0,0,0,20.465233,0.158333,0.151515,0.04796,0.226098,0.368554,0.893701,0.866142,0.496063,0.317719,1,0,0,0,0,0,0,0,0,0,0,0,0,0,0,1,0,0,0,0,0,0,0,0,0,0,0,0,0,0,0,0,0,0,0,0,0,0,0,0,0,0,0,0,2
java.lang.NumberFormatException: multiple points
linha fdp!!!!
0.564782,0.294444,0.227273,0.115963,0.2360.586293,0.663889,0.19697,0.429492,0.275194,0.828158,0.771654,0.988189,0.751969,0.6873,1,0,0,0,0,0,0,0,0,0,0,0,0,0,0,0,0,0,0,0,0,0,0,0,0,0,0,0,0,0,0,0,1,0,0,0,0,0,0,0,0,0,0,0,10.589295,0.675,0.212121,0.408017,0.282946,0.829704,0.755906,0.984252,0.767717,0.685348,1,0,0,0,0,0,0,0,0,0,0,0,0,0,0,0,0,0,0,0,0,0,0,0,0,0,0,0,0,0,0,0,1,0,0,0,0,0,0,0,0,0,0,0,1
java.lang.NumberFormatException: multiple points
linha fdp!!!!
0.41971,0.616667,0.19690.488244,0.963889,0.090909,0.021475,0.229974,0.559927,0.818898,0.905512,0.629921,0.456155,1,0,0,0,0,0,0,0,0,0,0,0,0,0,0,0,0,0,0,0,0,0,0,0,0,0,1,0,0,0,0,0,0,0,0,0,0,0,0,0,0,0,0,0,1
java.lang.NumberFormatException: multiple points
linha fdp!!!!
0.553277,0.775,0.151515,0.2790.543272,0.202778,0.075758,0.198282,0.24031,0.633132,0.889764,0.905512,0.547244,0.555695,1,0,0,0,0,0,0,0,0,0,0,0,0,0,0,0,0,0,0,0,0,0,0,0,0,0,0,0,0,0,0,0,1,0,0,0,0,0,0,0,0,0,0,0,1
java.lang.NumberFormatException: multiple points
linha fdp!!!!
0.494747,0.455556,0.181818,0.173228,0.284238,0.388787,0.909449,0.956693,0.559055,0.352850.416708,0.886111,0.212121,0.107373,0.242894,0.143178,0.720472,0.889764,0.720472,0.336261,1,0,0,0,0,0,0,0,0,0,0,0,0,0,0,0,0,0,0,0,0,0,0,0,0,0,0,0,0,0,0,0,1,0,0,0,0,0,0,0,0,0,0,0,2
java.lang.NumberFormatException: multiple points
linha fdp!!!!
0.50.430215,0.163889,0.318182,0.090909,0.26615,0.165941,0.909449,0.748031,0.326772,0.293601,1,0,0,0,0,0,0,0,0,0,0,0,0,0,0,0,0,0,0,0,0,0,0,0,0,0,0,0,0,0,0,0,1,0,0,0,0,0,0,0,0,0,0,0,2
java.lang.NumberFormatException: multiple points
linha fdp!!!!
0.664832,0.525,0.121212,0.453114,0.333333,0.0.538269,0.130556,0.257576,0.042949,0.23385,0.588872,0.88189,0.791339,0.42126,0.060365,1,0,0,0,0,0,0,0,0,0,0,0,0,0,0,0,0,0,0,0,0,0,0,0,0,0,0,0,0,0,0,0,1,0,0,0,0,0,0,0,0,0,0,0,1
java.lang.NumberFormatException: multiple points
linha fdp!!!!
0.578289,0.736111,0.378788,0.23622,0.357881,0.778137,0.57874,0.948819,0.89370.451226,0.411111,0.090909,0.173228,0.236434,0.266826,0.897638,0.944882,0.570866,0.106929,1,0,0,0,0,0,0,0,0,0,0,0,0,0,0,1,0,0,0,0,0,0,0,0,0,0,0,0,0,0,0,0,0,0,0,0,0,0,0,0,0,0,0,0,2
java.lang.NumberFormatException: multiple points
linha fdp!!!!
0.0.547774,0.205556,0.121212,0.304939,0.306202,0.482226,0.905512,0.889764,0.507874,0.306845,1,0,0,0,0,0,0,0,0,0,0,0,0,0,0,0,0,0,0,0,0,0,0,0,0,0,0,0,0,0,0,0,1,0,0,0,0,0,0,0,0,0,0,0,2
java.lang.NumberFormatException: multiple points
linha fdp!!!!
0.496248,0.116667,0.0.631816,0.644444,0.378788,0.416607,0.496124,0.79289,0.677165,0.996063,0.822835,0.173986,1,0,0,0,0,0,0,0,0,0,0,0,0,0,0,0,0,0,0,0,0,0,0,0,0,0,0,0,0,0,0,0,1,0,0,0,0,0,0,0,0,0,0,0,2
java.lang.NumberFormatException: multiple points
linha fdp!!!!
0.645323,0.8,0.166667,0.182534,0.277778,0.745539,0.0.472736,0.472222,0.151515,0.14388,0.23385,0.341436,0.893701,0.964567,0.586614,0.228217,1,0,0,0,0,0,0,0,0,0,0,0,0,0,0,0,0,0,0,0,0,0,0,0,0,0,0,0,0,0,0,0,1,0,0,0,0,0,0,0,0,0,0,0,2
java.lang.NumberFormatException: multiple points
linha fdp!!!!
0.591796,0.20.628314,0.058333,0.090909,0.198282,0.248062,0.757201,0.850394,0.893701,0.582677,0.177889,1,0,0,0,0,0,0,0,0,0,0,0,0,0,0,0,0,0,0,0,0,0,0,0,0,0,0,0,0,0,0,0,1,0,0,0,0,0,0,0,0,0,0,0,10.627314,0.155556,0.075758,0.212598,0.255814,0.753126,0.877953,0.901575,0.555118,0.180678,1,0,0,0,0,0,0,0,0,0,0,0,0,0,0,0,0,0,0,0,0,0,0,0,0,0,0,0,0,0,0,0,1,0,0,0,0,0,0,0,0,0,0,0,1
java.lang.NumberFormatException: multiple points
linha fdp!!!!
0.58029,0.266667,0.30303,0.068003,0.249354,0.647323,0.90.481741,0.144444,0.075758,0.030064,0.22093,0.228467,0.877953,0.897638,0.555118,0.349923,1,0,0,0,0,0,0,0,0,0,0,0,0,0,0,0,0,0,0,0,0,0,0,0,0,0,0,0,0,0,0,0,1,0,0,0,0,0,0,0,0,0,0,0,2
java.lang.NumberFormatException: multiple points
linha fdp!!!!
0.591296,0.0.677339,0.275,0.106061,0.271296,0.307494,0.822257,0.917323,0.905512,0.511811,0.266137,1,0,0,0,0,0,0,0,0,0,0,0,0,0,0,0,0,0,0,0,0,0,0,0,0,0,0,0,0,0,0,0,1,0,0,0,0,0,0,0,0,0,0,0,2
java.lang.NumberFormatException: multiple points
linha fdp!!!!
0.672336,0.988889,0.19697,0.42806,0.293282,0.593368,0.779528,0.85030.608804,0.986111,0.121212,0.171797,0.24677,0.713503,0.814961,0.885827,0.61811,0.372369,1,0,0,0,0,0,0,0,0,0,0,0,0,0,0,0,0,0,0,0,0,0,0,0,0,1,0,0,0,0,0,0,0,0,0,0,0,0,0,0,0,0,0,0,10.608804,0,0.121212,0.193271,0.24677,0.716875,0.822835,0.889764,0.610236,0.370138,1,0,0,0,0,0,0,0,0,0,0,0,0,0,0,0,0,0,0,0,0,0,0,0,0,1,0,0,0,0,0,0,0,0,0,0,0,0,0,0,0,0,0,0,1
java.lang.NumberFormatException: multiple points
linha fdp!!!!
0.61931,0.075,0.121212,0,0.223514,0.53323,0.854331,0.87400.56078,0.319444,0.257576,0.107373,0.27261,0.315442,0.972441,0.870079,0.374016,0.107208,1,0,0,0,0,0,0,0,0,0,0,0,0,0,0,0,0,0,0,0,0,0,0,0,0,0,0,0,0,0,0,0,0,1,0,0,0,0,0,0,0,0,0,0,2
java.lang.NumberFormatException: multiple points
linha fdp!!!!
0.50.593297,0.344444,0.045455,0,0.223514,0.421245,0.885827,0.933071,0.574803,0.082811,1,0,0,0,0,0,0,0,0,0,0,0,0,0,0,0,0,0,0,0,0,0,1,0,0,0,0,0,0,0,0,0,0,0,0,0,0,0,0,0,0,0,0,0,2
java.lang.NumberFormatException: multiple points
linha fdp!!!!
0.661831,0.238889,0.060606,0.10952,0.228682,0.738513,0.885827,0.917323,0.50.587294,0.241667,0.060606,0.228346,0.275194,0.3701,0.889764,0.917323,0.559055,0.050467,1,0,0,0,0,0,0,0,0,0,0,0,0,0,0,0,0,0,0,0,0,0,0,0,0,0,0,0,0,0,0,0,1,0,0,0,0,0,0,0,0,0,0,0,10.585793,0.25,0.090909,0.212598,0.271318,0.366728,0.901575,0.909449,0.535433,0.054371,1,0,0,0,0,0,0,0,0,0,0,0,0,0,0,0,0,0,0,0,0,0,0,0,0,0,0,0,0,0,0,0,1,0,0,0,0,0,0,0,0,0,0,0,1
java.lang.NumberFormatException: multiple points
linha fdp!!!!
0.662831,0.75,0.060606,0.125268,0.257106,0.804693,0.8188980.651326,0.119444,0.151515,0.04796,0.223514,0.760854,0.874016,0.862205,0.515748,0.284957,1,0,0,0,0,0,0,0,0,0,0,0,0,0,0,0,0,0,0,0,0,0,0,0,0,0,1,0,0,0,0,0,0,0,0,0,0,0,0,0,0,0,0,0,2
java.lang.NumberFormatException: multiple points
linha fdp!!!!
0.666833,0.691667,0.060606,0.198282,0.249354,0.821132,0.830709,0.9527560.590795,0.366667,0.090909,0.121689,0.250646,0.446396,0.909449,0.933071,0.547244,0.047679,1,0,0,0,0,0,0,0,0,0,0,0,0,0,0,0,0,0,0,0,0,0,0,0,0,0,0,0,0,0,0,0,1,0,0,0,0,0,0,0,0,0,0,0,20.587794,0.330556,0.181818,0.107373,0.244186,0.442321,0.944882,0.901575,0.46063,0.051025,1,0,0,0,0,0,0,0,0,0,0,0,0,0,0,0,0,0,0,0,0,0,0,0,0,0,0,0,0,0,0,0,1,0,0,0,0,0,0,0,0,0,0,0,2
java.lang.NumberFormatException: multiple points
linha fdp!!!!
0.443222,0.130556,0.333333,0.088762,0.293282,0.018828,0.874016,0.730.649325,0.133333,0.090909,0.202577,0.346253,0.583392,0.877953,0.889764,0.547244,0.100376,1,0,0,0,0,0,0,0,0,0,0,0,0,0,0,0,0,0,0,0,0,0,0,0,0,0,0,0,0,0,0,0,1,0,0,0,0,0,0,0,0,0,0,0,20.647824,0.2,0.136364,0.184681,0.342377,0.58016,0.909449,0.877953,0.492126,0.096194,1,0,0,0,0,0,0,0,0,0,0,0,0,0,0,0,0,0,0,0,0,0,0,0,0,0,0,0,0,0,0,0,1,0,0,0,0,0,0,0,0,0,0,0,2
java.lang.NumberFormatException: multiple points
linha fdp!!!!
0.581291,0.230556,0.166667,0.077309,0.0.716358,0.075,0.166667,0.150322,0.25323,0.516088,0.846457,0.854331,0.53937,0.301129,1,0,0,0,0,0,0,0,0,0,0,0,0,0,0,0,0,0,0,0,0,0,0,0,0,0,0,0,0,0,0,0,0,0,0,0,0,0,0,0,0,1,0,0,1
java.lang.NumberFormatException: multiple points
linha fdp!!!!
0.683342,0.905556,0.136364,0.24481,0.223514,0.772798,0.779528,0.905512,0.670.590795,0.891667,0.090909,0.021475,0.226098,0.502599,0.80315,0.92126,0.665354,0.058692,1,0,0,0,0,0,0,0,0,0,0,0,0,0,0,0,0,0,0,0,0,0,1,0,0,0,0,0,0,0,0,0,0,0,0,0,0,0,0,0,0,0,0,0,10.592796,0.841667,0.166667,0.042949,0.235142,0.498525,0.744094,0.925197,0.732283,0.059111,1,0,0,0,0,0,0,0,0,0,0,0,0,0,0,0,0,0,0,0,0,0,1,0,0,0,0,0,0,0,0,0,0,0,0,0,0,0,0,0,0,0,0,0,1
java.lang.NumberFormatException: multiple points
linha fdp!!!!
0.731366,0.202778,0.30303,0.14388,0.335917,0.60222,0.940945,0.7790.684342,0.847222,0.409091,0.219041,0.412145,0.586343,0.527559,0.838583,0.84252,0.1422,1,0,0,0,0,0,0,0,0,0,0,0,0,0,0,0,0,0,0,0,0,0,0,0,0,0,0,0,0,0,0,0,1,0,0,0,0,0,0,0,0,0,0,0,2
java.lang.NumberFormatException: multiple points
linha fdp!!!!
0.696348,0.025,0.151515,0.317108,0.262274,0.858648,0.8220.578289,0.091667,0.166667,0.150322,0.228682,0.177884,0.858268,0.850394,0.523622,0.349087,1,0,0,0,0,0,0,0,0,0,0,0,0,0,0,0,0,0,0,0,0,0,0,0,0,0,0,0,0,0,0,0,1,0,0,0,0,0,0,0,0,0,0,0,20.576288,0.083333,0.19697,0.128848,0.263566,0.174231,0.850394,0.830709,0.507874,0.34602,1,0,0,0,0,0,0,0,0,0,0,0,0,0,0,0,0,0,0,0,0,0,0,0,0,0,0,0,0,0,0,0,1,0,0,0,0,0,0,0,0,0,0,0,2
java.lang.NumberFormatException: multiple points
linha fdp!!!!
0.705353,0.727778,0.242424,0.34932,0.444444,0.605171,0.70.561281,0.258333,0.136364,0.137437,0.26615,0.114655,0.92126,0.893701,0.492126,0.331521,1,0,0,0,0,0,0,0,0,0,0,0,0,0,0,0,0,0,0,0,0,0,0,0,0,0,0,0,0,0,0,0,1,0,0,0,0,0,0,0,0,0,0,0,2
java.lang.NumberFormatException: multiple points
linha fdp!!!!
0.662831,0.875,0.242424,0.107370.715358,0.038889,0.060606,0.334288,0.257106,0.834621,0.850394,0.909449,0.602362,0.077095,1,0,0,0,0,0,0,0,0,0,0,0,0,0,0,0,0,0,0,0,0,0,0,0,0,1,0,0,0,0,0,0,0,0,0,0,0,0,0,0,0,0,0,0,1
java.lang.NumberFormatException: multiple points
linha fdp!!!!
0.682841,0.9,0.030303,0.064424,0.236434,0.461852,0.84252,0.920.69985,0.325,0.030303,0.060845,0.231266,0.893916,0.877953,0.933071,0.590551,0.038617,1,0,0,0,0,0,0,0,0,0,0,0,0,0,0,0,0,0,0,0,0,0,0,0,0,1,0,0,0,0,0,0,0,0,0,0,0,0,0,0,0,0,0,0,1
java.lang.NumberFormatException: multiple points
linha fdp!!!!
0.635818,0.04160.592296,0.155556,0.106061,0.167502,0.275194,0.161023,0.885827,0.889764,0.531496,0.392165,1,0,0,0,0,0,0,0,0,0,0,0,0,0,0,0,0,0,0,0,0,0,0,0,0,0,0,0,0,0,0,0,1,0,0,0,0,0,0,0,0,0,0,0,20.590795,0.125,0.106061,0.151754,0.271318,0.156808,0.874016,0.885827,0.543307,0.390632,1,0,0,0,0,0,0,0,0,0,0,0,0,0,0,0,0,0,0,0,0,0,0,0,0,0,0,0,0,0,0,0,1,0,0,0,0,0,0,0,0,0,0,0,2
java.lang.NumberFormatException: multiple points
linha fdp!!!!
0.676838,0.141667,0.045455,0.030064,0.224806,0.72230.434217,0.066667,0.227273,0,0.223514,0.193761,0.830709,0.814961,0.507874,0.284818,0,0,1,0,0,0,0,0,0,0,0,0,0,0,0,0,0,0,0,0,0,0,0,1,0,0,0,0,0,0,0,0,0,0,0,0,0,0,0,0,0,0,0,0,2
java.lang.NumberFormatException: multiple points
linha fdp!!!!
0.688344,0.491667,0.181818,0.107373,0.253230.728864,0.936111,0.181818,0.14388,0.282946,0.803147,0.76378,0.88189,0.665354,0.102049,1,0,0,0,0,0,0,0,0,0,0,0,0,0,0,0,0,0,0,0,0,0,0,0,0,0,0,0,0,0,0,0,0,0,0,0,0,0,0,0,0,1,0,0,1
java.lang.NumberFormatException: multiple points
linha fdp!!!!
0.356678,0.913889,0.5,0.0.369185,0.891667,0.439394,0.269148,0.463824,0.110299,0.527559,0.779528,0.775591,0.17064,0,0,1,0,0,0,0,0,0,0,0,0,0,0,0,0,0,0,0,0,0,0,0,0,0,0,0,0,0,0,0,0,0,0,0,0,1,0,0,0,0,0,0,0,2
java.lang.NumberFormatException: multiple points
linha fdp!!!!
0.390195,0.180556,0.484848,0.128848,0.368217,0.113812,0.909449,0.625984,0.13770.493247,0.419444,0.181818,0,0.223514,0.20725,0.925197,0.944882,0.527559,0.336122,0,0,1,0,0,0,0,0,0,0,0,0,0,0,0,0,1,0,0,0,0,0,0,0,0,0,0,0,0,0,0,0,0,0,0,0,0,0,0,0,0,0,0,0,1
java.lang.NumberFormatException: multiple points
linha fdp!!!!
0.511756,0.597222,0.50.469735,0.222222,0.060606,0,0.223514,0.081073,0.885827,0.913386,0.559055,0.096612,1,0,0,0,0,0,0,0,0,0,0,0,0,0,0,0,0,0,0,0,0,0,0,0,0,0,1,0,0,0,0,0,0,0,0,0,0,0,0,0,0,0,0,0,20.469735,0.955556,0.045455,0.021475,0.224806,0.07742,0.838583,0.92126,0.625984,0.097031,1,0,0,0,0,0,0,0,0,0,0,0,0,0,0,0,0,0,0,0,0,0,0,0,0,0,1,0,0,0,0,0,0,0,0,0,0,0,0,0,0,0,0,0,2
java.lang.NumberFormatException: multiple points
linha fdp!!!!
0.364682,0.016667,0.10.558279,0.472222,0.19697,0.346457,0.338501,0.250246,0.901575,0.964567,0.574803,0.272689,0,0,1,0,0,0,0,0,0,0,0,0,0,0,0,0,0,0,0,0,0,0,0,0,0,0,0,0,0,0,0,0,0,0,0,1,0,0,0,0,0,0,0,0,20.558279,0.511111,0.19697,0.34932,0.338501,0.253759,0.877953,0.980315,0.614173,0.275199,0,0,1,0,0,0,0,0,0,0,0,0,0,0,0,0,0,0,0,0,0,0,0,0,0,0,0,0,0,0,0,0,0,0,0,1,0,0,0,0,0,0,0,0,2
java.lang.NumberFormatException: multiple points
linha fdp!!!!
0.654327,0.10.522261,0.925,0.242424,0.04796,0.25323,0.178586,0.720472,0.858268,0.685039,0.342116,0,0,1,0,0,0,0,0,0,0,0,0,0,0,0,0,0,0,0,0,0,0,0,0,0,0,0,0,0,0,0,0,0,0,0,1,0,0,0,0,0,0,0,0,20.523762,0.919444,0.212121,0.068003,0.25969,0.177322,0.732283,0.874016,0.688976,0.34128,0,0,1,0,0,0,0,0,0,0,0,0,0,0,0,0,0,0,0,0,0,0,0,0,0,0,0,0,0,0,0,0,0,0,0,1,0,0,0,0,0,0,0,0,2
java.lang.NumberFormatException: multiple points
linha fdp!!!!
0.114057,0.722222,0.393939,0.1073730.046023,0.102778,0.242424,0.021475,0.235142,0.046368,0.858268,0.795276,0.456693,0.080301,0,0,0,1,1,0,0,0,0,0,0,0,0,0,0,0,0,0,0,0,0,0,0,0,0,0,0,0,0,0,0,0,0,0,0,0,0,0,0,0,0,0,0,0,60.045523,0.005556,0.227273,0,0.223514,0.050583,0.775591,0.822835,0.582677,0.083647,0,0,0,1,1,0,0,0,0,0,0,0,0,0,0,0,0,0,0,0,0,0,0,0,0,0,0,0,0,0,0,0,0,0,0,0,0,0,0,0,0,0,0,0,6
java.lang.NumberFormatException: multiple points
linha fdp!!!!
0.134567,0.458333,0.227273,0.021475,0.223514,0.054798,0.913386,0.96060.548774,0.211111,0.151515,0.021475,0.228682,0.22088,0.917323,0.866142,0.464567,0.28426,0,0,1,0,0,0,0,0,0,0,0,0,0,0,0,0,0,0,0,0,0,0,0,0,0,0,0,0,0,0,0,0,0,0,0,1,0,0,0,0,0,0,0,0,2
java.lang.NumberFormatException: multiple points
linha fdp!!!!
0.587794,0.977778,0.151515,0.228346,0.284238,0.10.107054,0.725,0.454545,0.021475,0.242894,0.131657,0.527559,0.940945,0.925197,0.033738,0,0,0,1,0,0,0,0,0,0,0,0,0,0,0,0,0,0,0,0,1,0,0,0,0,0,0,0,0,0,0,0,0,0,0,0,0,0,0,0,0,0,0,0,3
java.lang.NumberFormatException: multiple points
linha fdp!!!!
0.496248,0.930556,0.272727,0.021475,0.239010.707354,0.563889,0.181818,0.27917,0.282946,0.578053,0.84252,0.988189,0.669291,0.312143,1,0,0,0,0,0,0,0,0,0,0,0,0,0,0,0,0,0,0,0,0,0,0,0,0,0,1,0,0,0,0,0,0,0,0,0,0,0,0,0,0,0,0,0,7
java.lang.NumberFormatException: multiple points
linha fdp!!!!
0.646823,0.597222,0.3480.626313,0.491667,0.257576,0.021475,0.21447,0.322186,0.889764,0.972441,0.582677,0.484595,1,0,0,0,0,0,0,0,0,0,0,0,0,0,0,0,0,0,0,0,0,0,0,0,0,1,0,0,0,0,0,0,0,0,0,0,0,0,0,0,0,0,0,0,10.625813,0.494444,0.257576,0,0.223514,0.317971,0.889764,0.976378,0.582677,0.486129,1,0,0,0,0,0,0,0,0,0,0,0,0,0,0,0,0,0,0,0,0,0,0,0,0,1,0,0,0,0,0,0,0,0,0,0,0,0,0,0,0,0,0,0,1
java.lang.NumberFormatException: multiple points
linha fdp!!!!
0.237619,0.75,0,0.0.637819,0.566667,0.424242,0.319256,0.135659,0.253759,0.755906,0.988189,0.700787,0.51652,1,0,0,0,0,0,0,0,0,0,0,0,0,0,0,0,0,0,0,0,0,0,0,0,0,0,0,0,0,0,0,0,1,0,0,0,0,0,0,0,0,0,0,0,1
java.lang.NumberFormatException: multiple points
linha fdp!!!!
0.50025,0,0.181818,0.121680.484742,0.313889,0.227273,0.214746,0.320413,0.254742,0.964567,0.877953,0.409449,0.114875,0,0,1,0,0,0,0,0,0,0,0,0,0,0,0,0,1,0,0,0,0,0,0,0,0,0,0,0,0,0,0,0,0,0,0,0,0,0,0,0,0,0,0,0,50.481241,0.308333,0.212121,0.198282,0.31137,0.257412,0.96063,0.877953,0.413386,0.11139,0,0,1,0,0,0,0,0,0,0,0,0,0,0,0,0,0,0,0,0,0,0,0,0,0,0,0,0,0,0,0,0,0,0,1,0,0,0,0,0,0,0,0,0,5
java.lang.NumberFormatException: multiple points
linha fdp!!!!
0.616308,0.544444,0.242424,0.34932,0.109819,0.2487,0.0.248624,0.063889,0.227273,0.27917,0.481912,0.179711,0.826772,0.814961,0.511811,0.090339,0,0,0,1,0,0,0,0,0,1,0,0,0,0,0,0,0,0,0,0,0,0,0,0,0,0,0,0,0,0,0,0,0,0,0,0,0,0,0,0,0,0,0,0,3
java.lang.NumberFormatException: multiple points
linha fdp!!!!
0.504252,0.808333,0.227273,0.173228,0.202842,0.199944,0.69685,0.929134,0.783465,0.210.658829,0,0.075758,0.064424,0.22739,0.459744,0.834646,0.905512,0.614173,0.470096,1,0,0,0,0,0,0,0,0,0,0,0,0,0,0,0,0,0,0,0,0,0,0,0,0,0,1,0,0,0,0,0,0,0,0,0,0,0,0,0,0,0,0,0,10.658829,0.019444,0.090909,0.064424,0.22739,0.455529,0.838583,0.897638,0.602362,0.472606,1,0,0,0,0,0,0,0,0,0,0,0,0,0,0,0,0,0,0,0,0,0,0,0,0,0,1,0,0,0,0,0,0,0,0,0,0,0,0,0,0,0,0,0,1
java.lang.NumberFormatException: multiple points
linha fdp!!!!
0.144072,0.886111,0.300.525763,0.963889,0.242424,0.173228,0.330749,0.036251,0.740157,0.834646,0.637795,0.209118,1,0,0,0,0,0,0,0,0,0,0,0,0,0,0,0,0,0,0,0,0,0,0,0,0,0,0,0,0,0,0,0,0,1,0,0,0,0,0,0,0,0,0,0,10.525763,0.977778,0.227273,0.184681,0.335917,0.038921,0.755906,0.834646,0.61811,0.205075,1,0,0,0,0,0,0,0,0,0,0,0,0,0,0,0,0,0,0,0,0,0,0,0,0,0,0,0,0,0,0,0,0,1,0,0,0,0,0,0,0,0,0,0,2
java.lang.NumberFormatException: multiple points
linha fdp!!!!
0.647324,0.283333,0.166667,0.10952,0.22093,0.409723,0.940945,0.885827,0.40.484742,0.972222,0.287879,0.250537,0.344961,0.348742,0.716535,0.80315,0.622047,0.100376,0,0,1,0,0,0,0,0,0,0,0,0,0,0,0,0,0,0,0,0,0,0,0,0,0,0,0,1,0,0,0,0,0,0,0,0,0,0,0,0,0,0,0,0,2
java.lang.NumberFormatException: multiple points
linha fdp!!!!
0.0.210605,0.088889,0.424242,0.021475,0.251938,0.195026,0.791339,0.65748,0.34252,0.104838,0,0,0,1,0,0,0,0,0,0,0,0,0,1,0,0,0,0,0,0,0,0,0,0,0,0,0,0,0,0,0,0,0,0,0,0,0,0,0,0,0,0,0,0,3
java.lang.NumberFormatException: multiple points
linha fdp!!!!
0.201101,0.855556,0.393939,0.077309,0.284238,0.127441,0.543307,0.83460.203102,0.919444,0.454545,0.085898,0.189922,0.189406,0.535433,0.73622,0.720472,0.124355,0,0,0,1,0,0,0,0,0,0,0,0,0,1,0,0,0,0,0,0,0,0,0,0,0,0,0,0,0,0,0,0,0,0,0,0,0,0,0,0,0,0,0,0,3
java.lang.NumberFormatException: multiple points
linha fdp!!!!
0.512256,0.075,0.151515,0.30.691846,0.325,0.151515,0.064424,0.223514,0.473936,0.933071,0.909449,0.492126,0.51429,1,0,0,0,0,0,0,0,0,0,0,0,0,0,0,0,0,0,0,0,0,0,0,0,0,0,0,0,0,0,0,0,0,0,0,0,0,0,0,0,0,1,0,0,70.687344,0.288889,0.378788,0.060845,0.284238,0.469861,0.992126,0.787402,0.23622,0.51652,1,0,0,0,0,0,0,0,0,0,0,0,0,0,0,0,0,0,0,0,0,0,0,0,0,0,0,0,0,0,0,0,0,0,0,0,0,0,0,0,0,1,0,0,1
java.lang.NumberFormatException: multiple points
linha fdp!!!!
0.604802,0.827778,0.530303,0.0640.195598,0.816667,0.242424,0.042949,0.241602,0.227202,0.688976,0.925197,0.787402,0.114875,0,0,0,1,0,0,0,0,0,1,0,0,0,0,0,0,0,0,0,0,0,0,0,0,0,0,0,0,0,0,0,0,0,0,0,0,0,0,0,0,0,0,0,0,6
java.lang.NumberFormatException: multiple points
linha fdp!!!!
0.244122,0.1,0.151515,0.20.536768,0.841667,0.227273,0.19184,0.245478,0.395391,0.704724,0.913386,0.759843,0.214555,0,0,1,0,0,0,0,0,0,0,0,0,0,0,0,0,0,0,0,0,0,0,0,0,0,0,0,0,0,0,0,0,0,0,1,0,0,0,0,0,0,0,0,0,2
java.lang.NumberFormatException: multiple points
linha fdp!!!!
0.569785,0.238889,0.333333,0.068000.232116,0.111111,0.242424,0.14388,0.329457,0.025292,0.866142,0.80315,0.452756,0.223616,0,0,0,1,0,1,0,0,0,0,0,0,0,0,0,0,0,0,0,0,0,0,0,0,0,0,0,0,0,0,0,0,0,0,0,0,0,0,0,0,0,0,0,0,3
java.lang.NumberFormatException: multiple points
linha fdp!!!!
0.758379,0.352778,0.181818,0.128848,0.232558,0.587180.275138,0.930556,0.439394,0.090909,0.297158,0.101307,0.555118,0.732283,0.692913,0.16102,0,0,0,1,0,0,0,0,0,0,0,0,0,1,0,0,0,0,0,0,0,0,0,0,0,0,0,0,0,0,0,0,0,0,0,0,0,0,0,0,0,0,0,0,60.278639,0.930556,0.439394,0.107373,0.303618,0.102712,0.559055,0.73622,0.692913,0.159208,0,0,0,1,0,0,0,0,0,0,0,0,0,1,0,0,0,0,0,0,0,0,0,0,0,0,0,0,0,0,0,0,0,0,0,0,0,0,0,0,0,0,0,0,6
java.lang.NumberFormatException: multiple points
linha fdp!!!!
0.588294,0.216667,0.136364,0.324982,0.347545,0.03035,0.913386,0.877950.743372,0.919444,0.272727,0.336435,0.375969,0.258817,0.692913,0.846457,0.700787,0.416702,1,0,0,0,0,0,0,0,0,0,0,0,0,0,0,0,0,0,0,0,0,0,0,0,0,0,0,0,0,0,0,0,0,0,0,0,0,0,0,0,0,0,1,0,1
java.lang.NumberFormatException: multiple points
learning evaluation instances,Wall Time (Actual Time),Avg Delay (ms),outRate (inst/s),classified instances,classifications correct (percent),Kappa Statistic (percent),Kappa Temporal Statistic (percent),Kappa M Statistic (percent),F1 Score (percent),F1 Score for class 0 (percent),F1 Score for class 1 (percent),F1 Score for class 2 (percent),F1 Score for class 3 (percent),F1 Score for class 4 (percent),F1 Score for class 5 (percent),F1 Score for class 6 (percent),Precision (percent),Precision for class 0 (percent),Precision for class 1 (percent),Precision for class 2 (percent),Precision for class 3 (percent),Precision for class 4 (percent),Precision for class 5 (percent),Precision for class 6 (percent),Recall (percent),Recall for class 0 (percent),Recall for class 1 (percent),Recall for class 2 (percent),Recall for class 3 (percent),Recall for class 4 (percent),Recall for class 5 (percent),Recall for class 6 (percent),model training instances,model serialized size (bytes),ensemble size,[avg] model training instances,[err] model training instances,[avg] model serialized size (bytes),[err] model serialized size (bytes),[avg] tree size (nodes),[err] tree size (nodes),[avg] tree size (leaves),[err] tree size (leaves),[avg] active learning leaves,[err] active learning leaves,[avg] tree depth,[err] tree depth,[avg] active leaf byte size estimate,[err] active leaf byte size estimate,[avg] inactive leaf byte size estimate,[err] inactive leaf byte size estimate,[avg] byte size estimate overhead,[err] byte size estimate overhead
105875.0,600.010009765625,77.0,176.45538330078125,105850.0,75.84034010392064,57.12505369596301,-293.6124365091581,45.801542895896915,56.10210961170722,0.8324661810613945,63.58383814150622,84.55059191080753,76.35313632733305,71.13350125944584,38.12279009964642,34.614142718760085,62.02565628754704,0.4975124378109453,81.12023669846452,76.74952039369421,65.93803056027164,73.16062176165804,67.46302616609783,69.25064599483204,51.211346359089006,2.547770700636943,52.281693845344556,94.11694510739856,90.67561651831315,69.2156862745098,26.568100358422942,23.073611708996985,0.0,1.0,25.0,82652.36,41761.36732064696,1.0,0.0,18.680000000000003,17.691146561675044,8.76,9.531876345540088,8.76,9.531876345540088,4.119999999999999,3.4679484809706542,0.0,0.0,0.0,0.0,1.0,0.0
