Connected!
linha fdp!!!!
0.393697,0.136111,0.19697,0.202577,0.365633,0.060840.634317,0.516667,0.19697,0.130279,0.231266,0.29282,0.870079,0.980315,0.622047,0.089363,1,0,0,0,0,0,0,0,0,0,0,0,0,0,0,0,0,0,0,0,0,0,0,0,0,1,0,0,0,0,0,0,0,0,0,0,0,0,0,0,0,0,0,0,10.698849,0.258333,0.393939,0.068003,0.244186,0.322748,0.984252,0.751969,0.208661,0.086156,0,0,1,0,0,0,0,0,0,0,0,0,0,0,0,0,0,0,0,0,0,0,0,0,0,0,0,0,0,0,0,0,0,0,0,0,0,0,0,0,0,0,1,0,7
java.lang.NumberFormatException: multiple points
linha fdp!!!!
0.652326,0.355556,0.2121210.692846,0.030556,0.242424,0.708661,0.375969,0.307292,0.791339,0.807087,0.547244,0.302523,0,0,1,0,0,0,0,0,0,0,0,0,0,0,0,0,0,0,0,0,0,0,0,0,0,0,0,0,0,0,0,0,0,0,0,0,0,0,0,0,0,1,0,0,70.726363,0.977778,0.181818,0.471009,0.394057,0.370381,0.783465,0.866142,0.622047,0.306287,0,0,1,0,0,0,0,0,0,0,0,0,0,0,0,0,0,0,0,0,0,0,0,0,0,0,0,0,0,0,0,0,0,0,0,0,0,0,0,0,0,1,0,0,7
java.lang.NumberFormatException: multiple points
linha fdp!!!!
0.474737,0.383333,0.333333,0.030064,0.24031,0.582408,0.970.484242,0.283333,0.121212,0.107373,0.248062,0.616411,0.92126,0.905512,0.503937,0.686184,1,0,0,0,0,0,0,0,0,0,0,0,0,0,0,0,0,0,0,0,0,0,0,0,0,0,0,0,0,0,0,0,0,1,0,0,0,0,0,0,0,0,0,0,20.482741,0.380556,0.136364,0.090909,0.244186,0.612196,0.92126,0.933071,0.527559,0.690367,1,0,0,0,0,0,0,0,0,0,0,0,0,0,0,0,0,0,0,0,0,0,0,0,0,0,0,0,0,0,0,0,0,1,0,0,0,0,0,0,0,0,0,0,2
java.lang.NumberFormatException: multiple points
linha fdp!!!!
0.551776,0.030556,0.242424,0.085898,0.245478,0.806801,0.795276,0.811024,0.0.558279,0.938889,0.166667,0.021475,0.232558,0.836588,0.771654,0.885827,0.65748,0.480691,1,0,0,0,0,0,0,0,0,0,0,0,0,0,0,0,0,0,0,0,0,0,0,0,0,0,0,0,0,0,0,0,1,0,0,0,0,0,0,0,0,0,0,0,10.55978,0.952778,0.166667,0.030064,0.236434,0.832373,0.775591,0.877953,0.645669,0.484874,1,0,0,0,0,0,0,0,0,0,0,0,0,0,0,0,0,0,0,0,0,0,0,0,0,0,0,0,0,0,0,0,1,0,0,0,0,0,0,0,0,0,0,0,1
java.lang.NumberFormatException: multiple points
linha fdp!!!!
0.424212,0.086111,0.060606,0.212598,0.251938,0.25830.592796,0.05,0.030303,0.137437,0.245478,0.910918,0.854331,0.92126,0.606299,0.41712,1,0,0,0,0,0,0,0,0,0,0,0,0,0,0,0,0,0,0,0,0,0,0,0,0,0,0,0,0,0,0,0,1,0,0,0,0,0,0,0,0,0,0,0,2
java.lang.NumberFormatException: multiple points
linha fdp!!!!
0.654827,0.233333,0.106061,0.137437,0.20.471236,0.280556,0.060606,0.354331,0.29845,0.426725,0.889764,0.92126,0.566929,0.909104,1,0,0,0,0,0,0,0,0,0,0,0,0,0,0,0,0,0,0,0,0,0,0,1,0,0,0,0,0,0,0,0,0,0,0,0,0,0,0,0,0,0,0,0,2
java.lang.NumberFormatException: multiple points
linha fdp!!!!
0.423712,0.119444,0.136364,0.115963,0.2454780.354677,0.975,0.212121,0.030064,0.229974,0.169875,0.767717,0.846457,0.622047,0.700823,1,0,0,0,0,0,0,0,0,0,0,0,0,0,0,1,0,0,0,0,0,0,0,0,0,0,0,0,0,0,0,0,0,0,0,0,0,0,0,0,0,0,0,0,2
java.lang.NumberFormatException: multiple points
linha fdp!!!!
0.450225,0.116667,0.106061,0.282749,0.224806,0.3480.413207,0.227778,0.151515,0.121689,0.276486,0.260784,0.92126,0.874016,0.468504,0.735815,1,0,0,0,0,0,0,0,0,0,0,0,0,0,0,0,0,0,0,0,0,0,0,0,0,0,0,0,0,0,0,0,1,0,0,0,0,0,0,0,0,0,0,0,2
java.lang.NumberFormatException: multiple points
linha fdp!!!!
0.695848,0.141667,0.151515,0.2748750.558279,0,0.045455,0.271296,0.286822,0.733315,0.846457,0.92126,0.614173,0.89572,1,0,0,0,0,0,0,0,0,0,0,0,0,0,0,0,0,0,0,0,0,0,0,0,0,0,0,0,0,0,0,0,1,0,0,0,0,0,0,0,0,0,0,0,10.558279,0,0.045455,0.251253,0.286822,0.72924,0.846457,0.92126,0.614173,0.891677,1,0,0,0,0,0,0,0,0,0,0,0,0,0,0,0,0,0,0,0,0,0,0,0,0,0,0,0,0,0,0,0,1,0,0,0,0,0,0,0,0,0,0,0,2
java.lang.NumberFormatException: multiple points
linha fdp!!!!
0.556778,0.25,0.015152,0.365068,0.258398,0.6060.558279,0.769444,0.060606,0.193271,0.262274,0.641,0.822835,0.944882,0.665354,0.800223,1,0,0,0,0,0,0,0,0,0,0,0,0,0,0,1,0,0,0,0,0,0,0,0,0,0,0,0,0,0,0,0,0,0,0,0,0,0,0,0,0,0,0,0,20.55978,0.25,0.015152,0.214746,0.26615,0.636926,0.870079,0.929134,0.594488,0.79618,1,0,0,0,0,0,0,0,0,0,0,0,0,0,0,1,0,0,0,0,0,0,0,0,0,0,0,0,0,0,0,0,0,0,0,0,0,0,0,0,0,0,0,0,2
java.lang.NumberFormatException: multiple points
linha fdp!!!!
0.656828,0.091667,0.242420.465733,0.061111,0.227273,0.23622,0.276486,0.252073,0.822835,0.811024,0.511811,0.410707,1,0,0,0,0,0,0,0,0,0,0,0,0,0,0,1,0,0,0,0,0,0,0,0,0,0,0,0,0,0,0,0,0,0,0,0,0,0,0,0,0,0,0,0,10.464232,0.033333,0.242424,0.257695,0.270026,0.248138,0.799213,0.811024,0.543307,0.407082,1,0,0,0,0,0,0,0,0,0,0,0,0,0,0,1,0,0,0,0,0,0,0,0,0,0,0,0,0,0,0,0,0,0,0,0,0,0,0,0,0,0,0,0,1
java.lang.NumberFormatException: multiple points
linha fdp!!!!
0.521261,0.266667,0.212121,0.150322,0.279070.556778,0.530556,0.060606,0.128848,0.249354,0.623858,0.862205,0.952756,0.625984,0.760072,1,0,0,0,0,0,0,0,0,0,0,0,0,0,0,0,0,0,0,0,0,0,0,0,0,0,0,0,0,0,0,0,0,1,0,0,0,0,0,0,0,0,0,0,2
java.lang.NumberFormatException: multiple points
linha fdp!!!!
0.367684,0.988889,0.151515,0.0900.456228,0.172222,0.151515,0.387258,0.186047,0.234228,0.901575,0.858268,0.476378,0.366653,1,0,0,0,0,0,0,0,0,0,0,0,0,0,0,1,0,0,0,0,0,0,0,0,0,0,0,0,0,0,0,0,0,0,0,0,0,0,0,0,0,0,0,0,20.455228,0.136111,0.151515,0.407301,0.183463,0.230575,0.88189,0.862205,0.503937,0.363167,1,0,0,0,0,0,0,0,0,0,0,0,0,0,0,1,0,0,0,0,0,0,0,0,0,0,0,0,0,0,0,0,0,0,0,0,0,0,0,0,0,0,0,0,2
java.lang.NumberFormatException: multiple points
linha fdp!!!!
0.53520.572786,0.730556,0.166667,0.490336,0.363049,0.833357,0.759843,0.968504,0.755906,0.899066,1,0,0,0,0,0,0,0,0,0,0,0,0,0,0,0,0,0,0,0,0,0,0,0,0,0,0,0,0,0,0,0,1,0,0,0,0,0,0,0,0,0,0,0,2
java.lang.NumberFormatException: multiple points
linha fdp!!!!
0.694347,0.105556,0.1212120.648324,0.875,0.106061,0.236936,0.215762,0.546719,0.791339,0.92126,0.677165,0.637808,1,0,0,0,0,0,0,0,0,0,0,0,0,0,0,0,0,0,0,0,0,0,0,0,0,0,1,0,0,0,0,0,0,0,0,0,0,0,0,0,0,0,0,0,2
java.lang.NumberFormatException: multiple points
linha fdp!!!!
0.563282,0.611111,0.166667,0.420.528764,0.088889,0.121212,0.030064,0.22739,0.501475,0.862205,0.88189,0.555118,0.601561,1,0,0,0,0,0,0,0,0,0,0,0,0,0,0,0,0,0,0,0,0,0,0,0,0,0,1,0,0,0,0,0,0,0,0,0,0,0,0,0,0,0,0,0,2
java.lang.NumberFormatException: multiple points
linha fdp!!!!
0.475738,0.375,0.045455,0.214746,0.223514,0.289869,0.88189,0.937008,0.0.542771,0.405556,0.075758,0.360057,0.263566,0.54138,0.897638,0.940945,0.570866,0.602956,1,0,0,0,0,0,0,0,0,0,0,0,0,0,0,1,0,0,0,0,0,0,0,0,0,0,0,0,0,0,0,0,0,0,0,0,0,0,0,0,0,0,0,0,2
java.lang.NumberFormatException: multiple points
linha fdp!!!!
0.56620.527764,0.419444,0.090909,0.068003,0.24031,0.572854,0.897638,0.944882,0.570866,0.578419,1,0,0,0,0,0,0,0,0,0,0,0,0,0,0,1,0,0,0,0,0,0,0,0,0,0,0,0,0,0,0,0,0,0,0,0,0,0,0,0,0,0,0,0,2
java.lang.NumberFormatException: multiple points
linha fdp!!!!
0.584292,0.694444,0.30303,0.455261,0.387597,0.811718,0.0.595798,0.925,0.136364,0.286328,0.320413,0.751159,0.787402,0.901575,0.661417,0.510665,1,0,0,0,0,0,0,0,0,0,0,0,0,0,0,0,0,0,0,0,0,0,0,0,0,0,0,0,0,0,0,0,1,0,0,0,0,0,0,0,0,0,0,0,10.595798,0.125,0.030303,0.282749,0.320413,0.747084,0.866142,0.92126,0.590551,0.509271,1,0,0,0,0,0,0,0,0,0,0,0,0,0,0,0,0,0,0,0,0,0,0,0,0,0,0,0,0,0,0,0,1,0,0,0,0,0,0,0,0,0,0,0,1
java.lang.NumberFormatException: multiple points
linha fdp!!!!
0.557279,0.34160.566283,0.491667,0.272727,0.064424,0.241602,0.677252,0.889764,0.972441,0.574803,0.470933,1,0,0,0,0,0,0,0,0,0,0,0,0,0,0,0,0,0,0,0,0,0,0,0,0,0,0,0,0,0,0,0,1,0,0,0,0,0,0,0,0,0,0,0,1
java.lang.NumberFormatException: multiple points
linha fdp!!!!
0.536768,0.669444,0.227270.572786,0.625,0.181818,0.536865,0.357881,0.825067,0.80315,0.988189,0.720472,0.537014,1,0,0,0,0,0,0,0,0,0,0,0,0,0,0,0,0,0,0,0,0,0,0,0,0,0,0,0,0,0,0,0,1,0,0,0,0,0,0,0,0,0,0,0,2
java.lang.NumberFormatException: multiple points
linha fdp!!!!
0.568784,0.080556,0.090909,0.125268,0.231266,0.496839,0.858268,0.889764,0.5669290.471236,0.905556,0.212121,0.182534,0.293282,0.377968,0.720472,0.877953,0.704724,0.371532,1,0,0,0,0,0,0,0,0,0,0,0,0,0,0,0,0,0,0,0,0,0,0,0,0,0,0,0,0,0,0,0,1,0,0,0,0,0,0,0,0,0,0,0,20.473737,0.969444,0.181818,0.198282,0.30491,0.373893,0.775591,0.862205,0.629921,0.367907,1,0,0,0,0,0,0,0,0,0,0,0,0,0,0,0,0,0,0,0,0,0,0,0,0,0,0,0,0,0,0,0,1,0,0,0,0,0,0,0,0,0,0,0,2
java.lang.NumberFormatException: multiple points
linha fdp!!!!
0.460.544272,0.533333,0.181818,0.156049,0.268734,0.64915,0.862205,0.984252,0.641732,0.376551,1,0,0,0,0,0,0,0,0,0,0,0,0,0,0,0,0,0,0,0,0,0,0,0,0,0,0,0,0,0,0,0,0,1,0,0,0,0,0,0,0,0,0,0,2
java.lang.NumberFormatException: multiple points
linha fdp!!!!
0.55978,0.208333,0.19697,0.24481,0.223514,0.548405,0.925197,0.85030.484242,0.855556,0.19697,0.09592,0.228682,0.446817,0.724409,0.913386,0.740157,0.379618,1,0,0,0,0,0,0,0,0,0,0,0,0,0,0,1,0,0,0,0,0,0,0,0,0,0,0,0,0,0,0,0,0,0,0,0,0,0,0,0,0,0,0,0,2
java.lang.NumberFormatException: multiple points
linha fdp!!!!
0.563282,0.025,0.287879,0.3801,0.237726,0.567514,0.767717,0.787400.531766,0.733333,0.090909,0.130279,0.24031,0.781509,0.80315,0.956693,0.700787,0.458804,1,0,0,0,0,0,0,0,0,0,0,0,0,0,0,0,0,0,0,0,0,0,0,0,0,0,1,0,0,0,0,0,0,0,0,0,0,0,0,0,0,0,0,0,2
java.lang.NumberFormatException: multiple points
linha fdp!!!!
0.49975,0.075,0.30303,0.060845,0.25323,0.473093,0.814961,0.755906,0.0.576288,0.944444,0.075758,0.442377,0.24677,0.557398,0.826772,0.917323,0.637795,0.635578,1,0,0,0,0,0,0,0,0,0,0,0,0,0,0,0,0,0,0,0,0,0,0,0,0,0,0,0,0,0,0,0,1,0,0,0,0,0,0,0,0,0,0,0,2
java.lang.NumberFormatException: multiple points
linha fdp!!!!
0.478739,0.4,0.090909,0.221188,0.255814,0.3497260.553277,0.152778,0.181818,0.090909,0.25323,0.627793,0.893701,0.846457,0.468504,0.537293,1,0,0,0,0,0,0,0,0,0,0,0,0,0,0,0,0,0,0,0,0,0,0,0,0,0,0,0,0,0,0,0,1,0,0,0,0,0,0,0,0,0,0,0,1
java.lang.NumberFormatException: multiple points
linha fdp!!!!
0.648324,0.330556,0.181818,0.121689,0.27390.442221,0.030556,0.121212,0.173228,0.24031,0.192637,0.830709,0.877953,0.582677,0.333055,1,0,0,0,0,0,0,0,0,0,0,0,0,0,0,0,0,0,0,0,0,0,0,0,0,0,0,0,0,0,0,0,1,0,0,0,0,0,0,0,0,0,0,0,2
java.lang.NumberFormatException: multiple points
linha fdp!!!!
0.487744,0.0.54027,0.5,0.060606,0.212598,0.236434,0.678095,0.870079,0.952756,0.614173,0.293601,1,0,0,0,0,0,0,0,0,0,0,0,0,0,0,0,0,0,0,0,0,0,0,0,0,0,0,0,0,0,0,0,1,0,0,0,0,0,0,0,0,0,0,0,20.543272,0.658333,0.106061,0.224052,0.248062,0.681326,0.822835,0.968504,0.688976,0.289697,1,0,0,0,0,0,0,0,0,0,0,0,0,0,0,0,0,0,0,0,0,0,0,0,0,0,0,0,0,0,0,0,1,0,0,0,0,0,0,0,0,0,0,0,2
java.lang.NumberFormatException: multiple points
linha fdp!!!!
0.574787,0.138889,0.181818,0.211167,0.217054,0.623437,0.885827,0.8420.530765,0.325,0.257576,0.125268,0.288114,0.403681,0.972441,0.874016,0.38189,0.25108,1,0,0,0,0,0,0,0,0,0,0,0,0,0,0,0,0,0,0,0,0,0,0,0,0,0,0,0,0,0,0,0,1,0,0,0,0,0,0,0,0,0,0,0,20.526763,0.338889,0.242424,0.115963,0.286822,0.401012,0.968504,0.885827,0.401575,0.254705,1,0,0,0,0,0,0,0,0,0,0,0,0,0,0,0,0,0,0,0,0,0,0,0,0,0,0,0,0,0,0,0,1,0,0,0,0,0,0,0,0,0,0,0,2
java.lang.NumberFormatException: multiple points
linha fdp!!!!
0.561781,0.213889,0.257576,0.060845,0.24031,0.720107,0.940945,0.0.561781,0.480556,0.181818,0.265569,0.20801,0.633132,0.893701,0.968504,0.586614,0.304057,1,0,0,0,0,0,0,0,0,0,0,0,0,0,0,0,0,0,0,0,0,0,0,0,0,0,0,0,0,0,0,0,1,0,0,0,0,0,0,0,0,0,0,0,2
java.lang.NumberFormatException: multiple points
learning evaluation instances,Wall Time (Actual Time),Avg Delay (ms),outRate (inst/s),classified instances,classifications correct (percent),Kappa Statistic (percent),Kappa Temporal Statistic (percent),Kappa M Statistic (percent),F1 Score (percent),F1 Score for class 0 (percent),F1 Score for class 1 (percent),F1 Score for class 2 (percent),F1 Score for class 3 (percent),F1 Score for class 4 (percent),F1 Score for class 5 (percent),F1 Score for class 6 (percent),Precision (percent),Precision for class 0 (percent),Precision for class 1 (percent),Precision for class 2 (percent),Precision for class 3 (percent),Precision for class 4 (percent),Precision for class 5 (percent),Precision for class 6 (percent),Recall (percent),Recall for class 0 (percent),Recall for class 1 (percent),Recall for class 2 (percent),Recall for class 3 (percent),Recall for class 4 (percent),Recall for class 5 (percent),Recall for class 6 (percent),model training instances,model serialized size (bytes),ensemble size,change detections,[avg] model training instances,[err] model training instances,[avg] model serialized size (bytes),[err] model serialized size (bytes),[avg] tree size (nodes),[err] tree size (nodes),[avg] tree size (leaves),[err] tree size (leaves),[avg] active learning leaves,[err] active learning leaves,[avg] tree depth,[err] tree depth,[avg] active leaf byte size estimate,[err] active leaf byte size estimate,[avg] inactive leaf byte size estimate,[err] inactive leaf byte size estimate,[avg] byte size estimate overhead,[err] byte size estimate overhead
95250.0,600.0250244140625,209.0,158.74337768554688,95200.0,90.86344537815127,81.18044517275376,-2.3534949399858713,71.35423527861943,68.61561761989489,1.7543859649122806,84.73769876048578,94.80491584454639,65.3714885796797,87.19017836460505,78.0813347236705,66.06363069245165,69.44735120854527,4.0,85.85346052364523,94.3042900966073,62.15676485272091,84.35679067682653,78.88748419721871,76.57266811279827,67.80357070657574,1.1235955056179776,83.6505660750482,95.31088522466105,68.93687707641196,90.22051773729626,77.29149463253509,58.09105869445968,0.0,1.0,25.0,1888.0,17898.04,24974.54350680575,1.0,0.0,7.36,8.635585291879948,4.159999999999999,4.3366653856006305,4.159999999999999,4.3366653856006305,1.8799999999999997,2.2788886180182946,0.0,0.0,0.0,0.0,1.0,0.0
