Connected!
linha fdp!!!!
0.38069,0.341667,0.242424,0.09592,0.244186,0.242377,0.964567,0.8937010.543272,0.897222,0.136364,0.274875,0.405685,0.692146,0.775591,0.909449,0.681102,0.690367,1,0,0,0,0,0,0,0,0,0,0,0,0,0,0,0,0,0,0,0,0,0,0,0,0,0,0,0,0,0,0,0,1,0,0,0,0,0,0,0,0,0,0,0,2
java.lang.NumberFormatException: multiple points
linha fdp!!!!
0.330.628814,0.602778,0.257576,0.319256,0.295866,0.858648,0.791339,1,0.728346,0.277569,1,0,0,0,0,0,0,0,0,0,0,0,0,0,0,0,0,0,0,0,0,0,0,0,0,0,0,0,0,0,0,0,1,0,0,0,0,0,0,0,0,0,0,0,2
java.lang.NumberFormatException: multiple points
linha fdp!!!!
0.604302,0.183333,0.272727,0,0.20.531766,0.030556,0.121212,0.319256,0.277778,0.626247,0.834646,0.88189,0.590551,0.772341,1,0,0,0,0,0,0,0,0,0,0,0,0,0,0,1,0,0,0,0,0,0,0,0,0,0,0,0,0,0,0,0,0,0,0,0,0,0,0,0,0,0,0,0,1
java.lang.NumberFormatException: multiple points
linha fdp!!!!
0.482741,0.769444,0.181818,0.021475,0.22739,0.74849,0.732283,0.952756,0.70.448224,0.452778,0.181818,0.064424,0.251938,0.372629,0.909449,0.956693,0.555118,0.779869,1,0,0,0,0,0,0,0,0,0,0,0,0,0,0,1,0,0,0,0,0,0,0,0,0,0,0,0,0,0,0,0,0,0,0,0,0,0,0,0,0,0,0,0,20.446723,0.508333,0.136364,0.064424,0.248062,0.369678,0.877953,0.968504,0.61811,0.776662,1,0,0,0,0,0,0,0,0,0,0,0,0,0,0,1,0,0,0,0,0,0,0,0,0,0,0,0,0,0,0,0,0,0,0,0,0,0,0,0,0,0,0,0,2
java.lang.NumberFormatException: multiple points
linha fdp!!!!
0.622311,0.544444,0.166667,0.198282,0.27907,0.855698,0.85430.50075,0.386111,0.19697,0.060845,0.24031,0.551075,0.940945,0.929134,0.488189,0.858497,1,0,0,0,0,0,0,0,0,0,0,0,0,0,0,0,0,0,0,0,0,0,0,0,0,0,0,0,0,0,0,0,0,1,0,0,0,0,0,0,0,0,0,0,2
java.lang.NumberFormatException: multiple points
linha fdp!!!!
0.423712,0.416667,0.121212,0.077309,0.268734,0.317128,0.9090.572786,0.344444,0.106061,0.021475,0.211886,0.730223,0.913386,0.925197,0.535433,0.273665,1,0,0,0,0,0,0,0,0,0,0,0,0,0,0,0,0,0,0,0,0,0,0,0,0,0,1,0,0,0,0,0,0,0,0,0,0,0,0,0,0,0,0,0,1
java.lang.NumberFormatException: multiple points
linha fdp!!!!
0.464232,0.95,0.151515,0.021475,0.223514,0.40.641821,0.330556,0.287879,0.258411,0.333333,0.673458,0.980315,0.866142,0.362205,0.243831,1,0,0,0,0,0,0,0,0,0,0,0,0,0,0,0,0,0,0,0,0,0,0,0,0,0,0,0,0,0,0,0,1,0,0,0,0,0,0,0,0,0,0,0,1
java.lang.NumberFormatException: multiple points
linha fdp!!!!
0.554777,0.955556,0.106061,0.375089,0.405685,0.7030.517259,0.030556,0.151515,0.088762,0.25323,0.574118,0.826772,0.870079,0.57874,0.866583,1,0,0,0,0,0,0,0,0,0,0,0,0,0,0,0,0,0,0,0,0,0,0,0,0,0,0,0,0,0,0,0,1,0,0,0,0,0,0,0,0,0,0,0,2
java.lang.NumberFormatException: multiple points
linha fdp!!!!
0.646823,0.291667,0.333333,0.289191,0.346253,0.6675570.563282,0.5,0.257576,0.163207,0.262274,0.78994,0.88189,0.976378,0.594488,0.314792,1,0,0,0,0,0,0,0,0,0,0,0,0,0,0,0,0,0,0,0,0,0,0,0,0,0,0,0,0,0,0,0,1,0,0,0,0,0,0,0,0,0,0,0,1
java.lang.NumberFormatException: multiple points
linha fdp!!!!
0.656828,0.411111,0.151515,0.429492,0.223514,0.6398760.413207,0.283333,0.212121,0.265569,0.169251,0.189406,0.956693,0.870079,0.409449,0.551373,1,0,0,0,0,0,0,0,0,0,0,0,0,0,0,0,0,0,0,0,0,0,0,0,0,0,0,0,0,0,0,0,1,0,0,0,0,0,0,0,0,0,0,0,2
java.lang.NumberFormatException: multiple points
linha fdp!!!!
0.434717,0.0.687844,0.222222,0.181818,0.386543,0.308786,0.571308,0.929134,0.862205,0.444882,0.27715,1,0,0,0,0,0,0,0,0,0,0,0,0,0,0,0,0,0,0,0,0,0,0,0,0,0,0,0,0,0,0,0,1,0,0,0,0,0,0,0,0,0,0,0,1
java.lang.NumberFormatException: multiple points
linha fdp!!!!
0.550275,0.847222,0.390.346673,0.2,0.151515,0.107373,0.257106,0.092033,0.909449,0.870079,0.480315,0.477346,1,0,0,0,0,0,0,0,0,0,0,0,0,0,0,0,0,0,0,0,0,1,0,0,0,0,0,0,0,0,0,0,0,0,0,0,0,0,0,0,0,0,0,0,2
java.lang.NumberFormatException: multiple points
linha fdp!!!!
0.581291,0.327778,0.060606,0.578382,0.457364,0.769847,0.889764,0.929134,0.570866,0.7503140.687844,0.086111,0.060606,0.434503,0.303618,0.621329,0.862205,0.905512,0.582677,0.348808,1,0,0,0,0,0,0,0,0,0,0,0,0,0,0,0,0,0,0,0,0,0,0,0,0,0,0,0,0,0,0,0,1,0,0,0,0,0,0,0,0,0,0,0,10.687844,0.15,0.090909,0.416607,0.303618,0.624139,0.88189,0.889764,0.53937,0.350342,1,0,0,0,0,0,0,0,0,0,0,0,0,0,0,0,0,0,0,0,0,0,0,0,0,0,0,0,0,0,0,0,1,0,0,0,0,0,0,0,0,0,0,0,1
java.lang.NumberFormatException: multiple points
linha fdp!!!!
0.535268,0.502778,0.166667,0.04790.589295,0.552778,0.257576,0.307802,0.418605,0.841787,0.834646,0.992126,0.669291,0.693852,1,0,0,0,0,0,0,0,0,0,0,0,0,0,0,0,0,0,0,0,0,0,0,0,0,0,0,0,0,0,0,0,0,1,0,0,0,0,0,0,0,0,0,0,2
java.lang.NumberFormatException: multiple points
linha fdp!!!!
0.531766,0.033333,0.106061,0.369363,0.294574,0.563299,0.838583,0.889764,0.590551,0.770.533767,0.508333,0.151515,0.060845,0.24031,0.730223,0.877953,0.972441,0.614173,0.512756,1,0,0,0,0,0,0,0,0,0,0,0,0,0,0,0,0,0,0,0,0,0,0,0,0,0,0,0,0,0,0,0,1,0,0,0,0,0,0,0,0,0,0,0,2
java.lang.NumberFormatException: multiple points
linha fdp!!!!
0.574787,0.5,0.015152,0.644238,0.329457,0.769004,0.862205,0.940940.417709,0.147222,0.151515,0.24481,0.268734,0.143319,0.889764,0.858268,0.496063,0.40053,1,0,0,0,0,0,0,0,0,0,0,0,0,0,0,1,0,0,0,0,0,0,0,0,0,0,0,0,0,0,0,0,0,0,0,0,0,0,0,0,0,0,0,0,2
java.lang.NumberFormatException: multiple points
linha fdp!!!!
0.576288,0.625,0.075758,0.754470.533767,0.569444,0.166667,0.04796,0.24031,0.712941,0.84252,0.984252,0.669291,0.565036,1,0,0,0,0,0,0,0,0,0,0,0,0,0,0,0,0,0,0,0,0,0,0,0,0,0,0,0,0,0,0,0,1,0,0,0,0,0,0,0,0,0,0,0,2
java.lang.NumberFormatException: multiple points
linha fdp!!!!
0.481741,0.138889,0.121212,0.1070.457729,0.025,0.181818,0.154617,0.25323,0.282703,0.811024,0.850394,0.574803,0.502719,1,0,0,0,0,0,0,0,0,0,0,0,0,0,0,1,0,0,0,0,0,0,0,0,0,0,0,0,0,0,0,0,0,0,0,0,0,0,0,0,0,0,0,0,20.455728,0.088889,0.227273,0.137437,0.248062,0.278629,0.850394,0.807087,0.480315,0.499373,1,0,0,0,0,0,0,0,0,0,0,0,0,0,0,1,0,0,0,0,0,0,0,0,0,0,0,0,0,0,0,0,0,0,0,0,0,0,0,0,0,0,0,0,2
java.lang.NumberFormatException: multiple points
linha fdp!!!!
0.426713,0.272222,0.166667,0.30.651826,0.075,0.151515,0.407301,0.217054,0.577631,0.850394,0.862205,0.543307,0.528649,1,0,0,0,0,0,0,0,0,0,0,0,0,0,0,0,0,0,0,0,0,0,0,0,0,0,1,0,0,0,0,0,0,0,0,0,0,0,0,0,0,0,0,0,1
java.lang.NumberFormatException: multiple points
linha fdp!!!!
0.517759,0.255556,0.257576,0.19184,0.270026,0.453281,0.90.574787,0.266667,0.212121,0.474588,0.270026,0.787832,0.948819,0.862205,0.413386,0.891677,1,0,0,0,0,0,0,0,0,0,0,0,0,0,0,0,0,0,0,0,0,0,0,1,0,0,0,0,0,0,0,0,0,0,0,0,0,0,0,0,0,0,0,0,10.568284,0.277778,0.181818,0.453114,0.25323,0.783757,0.940945,0.88189,0.444882,0.895162,1,0,0,0,0,0,0,0,0,0,0,0,0,0,0,0,0,0,0,0,0,0,0,1,0,0,0,0,0,0,0,0,0,0,0,0,0,0,0,0,0,0,0,0,1
java.lang.NumberFormatException: multiple points
linha fdp!!!!
0.350175,0.861111,0.121212,0.0300640.628814,0.205556,0.30303,0.572656,0.148579,0.594633,0.944882,0.775591,0.311024,0.562108,1,0,0,0,0,0,0,0,0,0,0,0,0,0,0,0,0,0,0,0,0,0,0,0,0,0,0,0,0,0,0,0,1,0,0,0,0,0,0,0,0,0,0,0,1
java.lang.NumberFormatException: multiple points
linha fdp!!!!
0.502251,0.227778,0.181818,0.042949,0.231266,0.44720.373187,0.258333,0.212121,0.068003,0.236434,0.149501,0.952756,0.854331,0.401575,0.286909,1,0,0,0,0,0,0,0,0,0,0,0,0,0,0,0,0,0,0,0,0,0,0,0,0,0,0,0,0,0,0,0,0,1,0,0,0,0,0,0,0,0,0,0,2
java.lang.NumberFormatException: multiple points
linha fdp!!!!
0.407704,0.102778,0.257576,0.251253,0.325581,0.183785,0.85430.545273,0.655556,0.181818,0.26199,0.29199,0.821554,0.779528,0.988189,0.744094,0.878991,1,0,0,0,0,0,0,0,0,0,0,0,0,0,0,0,0,0,0,0,0,0,0,0,0,0,0,0,0,0,0,0,1,0,0,0,0,0,0,0,0,0,0,0,20.546773,0.644444,0.121212,0.279885,0.295866,0.824926,0.814961,0.976378,0.700787,0.882058,1,0,0,0,0,0,0,0,0,0,0,0,0,0,0,0,0,0,0,0,0,0,0,0,0,0,0,0,0,0,0,0,1,0,0,0,0,0,0,0,0,0,0,0,2
java.lang.NumberFormatException: multiple points
linha fdp!!!!
0.488744,0.525,0.166667,0.137437,0.250646,0.280.556778,0.366667,0.090909,0.088762,0.232558,0.711957,0.909449,0.933071,0.547244,0.813885,1,0,0,0,0,0,0,0,0,0,0,0,0,0,0,0,0,0,0,0,0,0,1,0,0,0,0,0,0,0,0,0,0,0,0,0,0,0,0,0,0,0,0,0,1
java.lang.NumberFormatException: multiple points
linha fdp!!!!
0.4210.641821,0.527778,0.242424,0.077309,0.248062,0.517072,0.858268,0.988189,0.633858,0.682838,1,0,0,0,0,0,0,0,0,0,0,0,0,0,0,0,0,0,0,0,0,0,0,0,0,0,0,0,0,0,0,0,1,0,0,0,0,0,0,0,0,0,0,0,1
java.lang.NumberFormatException: multiple points
linha fdp!!!!
0.511756,0.161111,0.227273,0.292050.650325,0.141667,0.136364,0,0.223514,0.487143,0.885827,0.870079,0.507874,0.668758,1,0,0,0,0,0,0,0,0,0,0,0,0,0,0,0,0,0,0,0,0,0,1,0,0,0,0,0,0,0,0,0,0,0,0,0,0,0,0,0,0,0,0,0,1
java.lang.NumberFormatException: multiple points
linha fdp!!!!
0.43922,0.063880.536768,0.241667,0.136364,0.322119,0.236434,0.571168,0.92126,0.885827,0.484252,0.613411,1,0,0,0,0,0,0,0,0,0,0,0,0,0,0,0,0,0,0,0,0,0,0,0,0,0,1,0,0,0,0,0,0,0,0,0,0,0,0,0,0,0,0,0,20.535768,0.308333,0.060606,0.322119,0.23385,0.567374,0.893701,0.925197,0.562992,0.609229,1,0,0,0,0,0,0,0,0,0,0,0,0,0,0,0,0,0,0,0,0,0,0,0,0,0,1,0,0,0,0,0,0,0,0,0,0,0,0,0,0,0,0,0,2
java.lang.NumberFormatException: multiple points
linha fdp!!!!
0.525263,0.436111,0.19690.511756,0.452778,0.227273,0.125268,0.262274,0.445131,0.917323,0.956693,0.535433,0.458664,1,0,0,0,0,0,0,0,0,0,0,0,0,0,0,0,0,0,0,0,0,0,0,0,0,0,0,0,0,0,0,0,0,1,0,0,0,0,0,0,0,0,0,0,20.510255,0.463889,0.212121,0.115963,0.258398,0.441759,0.909449,0.96063,0.555118,0.454482,1,0,0,0,0,0,0,0,0,0,0,0,0,0,0,0,0,0,0,0,0,0,0,0,0,0,0,0,0,0,0,0,0,1,0,0,0,0,0,0,0,0,0,0,2
java.lang.NumberFormatException: multiple points
linha fdp!!!!
0.535268,0.402778,0.166667,0.107373,0.232558,0.602361,0.9291340.50025,0.919444,0.090909,0.064424,0.232558,0.44752,0.811024,0.917323,0.649606,0.429109,1,0,0,0,0,0,0,0,0,0,0,0,0,0,0,0,0,0,0,0,0,0,0,0,0,0,0,0,0,0,0,0,1,0,0,0,0,0,0,0,0,0,0,0,2
java.lang.NumberFormatException: multiple points
linha fdp!!!!
0.50.518759,0.063889,0.151515,0.030064,0.22739,0.560629,0.84252,0.862205,0.551181,0.548167,1,0,0,0,0,0,0,0,0,0,0,0,0,0,0,0,0,0,0,0,0,0,0,0,0,0,0,0,0,0,0,0,1,0,0,0,0,0,0,0,0,0,0,0,2
java.lang.NumberFormatException: multiple points
linha fdp!!!!
0.0.423212,0.027778,0.060606,0,0.223514,0.24322,0.846457,0.909449,0.602362,0.129653,1,0,0,0,0,0,0,0,0,0,0,0,0,0,0,0,0,0,0,0,0,0,0,1,0,0,0,0,0,0,0,0,0,0,0,0,0,0,0,0,0,0,0,0,2
java.lang.NumberFormatException: multiple points
linha fdp!!!!
0.42021,0.563889,0.060606,0.14388,0.24031,0.244485,0.858268,0.956690.530265,0.705556,0.166667,0.173228,0.24031,0.758466,0.767717,0.972441,0.751969,0.696222,1,0,0,0,0,0,0,0,0,0,0,0,0,0,0,0,0,0,0,0,0,0,0,0,0,0,1,0,0,0,0,0,0,0,0,0,0,0,0,0,0,0,0,0,2
java.lang.NumberFormatException: multiple points
linha fdp!!!!
0.610800.336168,0.047222,0.242424,0.060845,0.237726,0.071659,0.811024,0.811024,0.527559,0.059111,1,0,0,0,0,0,0,0,0,0,0,0,0,0,0,1,0,0,0,0,0,0,0,0,0,0,0,0,0,0,0,0,0,0,0,0,0,0,0,0,0,0,0,0,2
java.lang.NumberFormatException: multiple points
linha fdp!!!!
0.50025,0.202778,0.106061,0.173228,0.282946,0.4871430.566283,0.686111,0.212121,0.429492,0.341085,0.80385,0.748031,0.984252,0.775591,0.652168,1,0,0,0,0,0,0,0,0,0,0,0,0,0,0,0,0,0,0,0,0,0,0,0,0,0,0,0,0,0,0,0,1,0,0,0,0,0,0,0,0,0,0,0,2
java.lang.NumberFormatException: multiple points
linha fdp!!!!
0.561781,0.152778,0.166667,0.021475,0.236430.584292,0.686111,0.181818,0.434503,0.270026,0.821273,0.767717,0.980315,0.751969,0.621218,1,0,0,0,0,0,0,0,0,0,0,0,0,0,0,0,0,0,0,0,0,0,0,0,0,0,0,0,0,0,0,0,1,0,0,0,0,0,0,0,0,0,0,0,2
java.lang.NumberFormatException: multiple points
linha fdp!!!!
0.375688,0.308333,0.242424,0.107373,0.2674420.527264,0.791667,0.19697,0.130279,0.24031,0.743853,0.724409,0.944882,0.767717,0.662484,1,0,0,0,0,0,0,0,0,0,0,0,0,0,0,0,0,0,0,0,0,0,0,0,0,0,1,0,0,0,0,0,0,0,0,0,0,0,0,0,0,0,0,0,20.531766,0.788889,0.151515,0.151754,0.251938,0.747787,0.759843,0.944882,0.73622,0.659975,1,0,0,0,0,0,0,0,0,0,0,0,0,0,0,0,0,0,0,0,0,0,0,0,0,0,1,0,0,0,0,0,0,0,0,0,0,0,0,0,0,0,0,0,2
java.lang.NumberFormatException: multiple points
linha fdp!!!!
0.40.54027,0.136111,0.227273,0.125268,0.268734,0.641703,0.885827,0.814961,0.440945,0.526558,1,0,0,0,0,0,0,0,0,0,0,0,0,0,0,0,0,0,0,0,0,0,0,0,0,0,0,0,0,0,0,0,1,0,0,0,0,0,0,0,0,0,0,0,2
java.lang.NumberFormatException: multiple points
linha fdp!!!!
0.597799,0.102778,0.257576,0.30.568284,0.727778,0.212121,0.367215,0.346253,0.794436,0.724409,0.972441,0.791339,0.582462,1,0,0,0,0,0,0,0,0,0,0,0,0,0,0,0,0,0,0,0,0,0,0,0,0,0,0,0,0,0,0,0,1,0,0,0,0,0,0,0,0,0,0,0,20.571286,0.727778,0.151515,0.387258,0.354005,0.798511,0.76378,0.968504,0.748031,0.580092,1,0,0,0,0,0,0,0,0,0,0,0,0,0,0,0,0,0,0,0,0,0,0,0,0,0,0,0,0,0,0,0,1,0,0,0,0,0,0,0,0,0,0,0,2
java.lang.NumberFormatException: multiple points
linha fdp!!!!
0.555278,0.35,0.19697,0.14388,0.224806,0.0.586293,0.283333,0.19697,0.137437,0.27261,0.715329,0.948819,0.877953,0.433071,0.484316,1,0,0,0,0,0,0,0,0,0,0,0,0,0,0,0,0,0,0,0,0,0,0,0,0,0,0,0,0,0,0,0,1,0,0,0,0,0,0,0,0,0,0,0,20.583792,0.327778,0.212121,0.125268,0.26615,0.711114,0.956693,0.893701,0.437008,0.483201,1,0,0,0,0,0,0,0,0,0,0,0,0,0,0,0,0,0,0,0,0,0,0,0,0,0,0,0,0,0,0,0,1,0,0,0,0,0,0,0,0,0,0,0,2
java.lang.NumberFormatException: multiple points
linha fdp!!!!
0.481241,0.438889,0.1818180.564782,0.572222,0.19697,0.450966,0.337209,0.80933,0.830709,0.992126,0.681102,0.549979,1,0,0,0,0,0,0,0,0,0,0,0,0,0,0,0,0,0,0,0,0,0,0,0,0,0,0,0,0,0,0,0,1,0,0,0,0,0,0,0,0,0,0,0,20.566283,0.591667,0.242424,0.472441,0.341085,0.813405,0.80315,0.996063,0.716535,0.547609,1,0,0,0,0,0,0,0,0,0,0,0,0,0,0,0,0,0,0,0,0,0,0,0,0,0,0,0,0,0,0,0,1,0,0,0,0,0,0,0,0,0,0,0,2
java.lang.NumberFormatException: multiple points
BYTES READ -1
learning evaluation instances,Wall Time (Actual Time),Avg Delay (ms),outRate (inst/s),classified instances,classifications correct (percent),Kappa Statistic (percent),Kappa Temporal Statistic (percent),Kappa M Statistic (percent),F1 Score (percent),F1 Score for class 0 (percent),F1 Score for class 1 (percent),F1 Score for class 2 (percent),F1 Score for class 3 (percent),F1 Score for class 4 (percent),F1 Score for class 5 (percent),F1 Score for class 6 (percent),Precision (percent),Precision for class 0 (percent),Precision for class 1 (percent),Precision for class 2 (percent),Precision for class 3 (percent),Precision for class 4 (percent),Precision for class 5 (percent),Precision for class 6 (percent),Recall (percent),Recall for class 0 (percent),Recall for class 1 (percent),Recall for class 2 (percent),Recall for class 3 (percent),Recall for class 4 (percent),Recall for class 5 (percent),Recall for class 6 (percent),model training instances,model serialized size (bytes),ensemble size,change detections,[avg] model training instances,[err] model training instances,[avg] model serialized size (bytes),[err] model serialized size (bytes),[avg] tree size (nodes),[err] tree size (nodes),[avg] tree size (leaves),[err] tree size (leaves),[avg] active learning leaves,[err] active learning leaves,[avg] tree depth,[err] tree depth,[avg] active leaf byte size estimate,[err] active leaf byte size estimate,[avg] inactive leaf byte size estimate,[err] inactive leaf byte size estimate,[avg] byte size estimate overhead,[err] byte size estimate overhead
86075.0,599.4099731445312,113.0,143.59954833984375,86050.0,89.540964555491,79.75338902091899,2.0461471484545823,69.3575295359368,69.07331285028204,1.6260162601626018,82.55319148936171,93.92935885386014,67.85793073020075,86.93713776192598,79.51341957906932,69.2050424491896,69.44751631444827,3.7037037037037033,83.54961183203943,93.52271335863843,64.8124736620312,83.83490971625108,78.82848392036753,77.88071800810654,68.70312040827446,1.0416666666666665,81.5802578431915,94.33955605745139,71.2037037037037,90.27777777777779,80.21036229061161,62.268518518518526,0.0,1.0,25.0,3408.0,8928.96,12304.678766225472,1.0,0.0,4.880000000000001,5.847506591132099,2.9200000000000004,2.9427877939124323,2.9200000000000004,2.9427877939124323,1.5600000000000003,1.556705923844749,0.0,0.0,0.0,0.0,1.0,0.0
