Connected!
linha fdp!!!!
0.477739,0.077778,0.075758,0.042949,0.22093,0.265420.657329,0.233333,0.257576,0.042949,0.242894,0.136012,0.952756,0.822835,0.362205,0.3081,0,1,0,0,0,0,0,0,0,0,0,0,0,0,0,0,0,0,0,0,0,0,0,0,0,0,1,0,0,0,0,0,0,0,0,0,0,0,0,0,0,0,0,0,10.669335,0.491667,0.242424,0.198282,0.25323,0.081073,0.889764,0.972441,0.582677,0.366234,0,1,0,0,0,0,0,0,0,0,0,0,0,0,0,0,0,0,0,0,0,0,0,0,0,0,0,0,0,0,0,0,0,0,0,1,0,0,0,0,0,0,0,0,1
java.lang.NumberFormatException: multiple points
linha fdp!!!!
0.469735,0.5583330.32066,0.486111,0.045455,0,0.223514,0.088661,0.870079,0.944882,0.614173,0.792834,1,0,0,0,0,0,0,0,0,0,0,0,0,0,0,0,0,0,0,0,0,1,0,0,0,0,0,0,0,0,0,0,0,0,0,0,0,0,0,0,0,0,0,0,20.321161,0.4,0.090909,0,0.223514,0.092455,0.901575,0.940945,0.562992,0.79158,1,0,0,0,0,0,0,0,0,0,0,0,0,0,0,0,0,0,0,1,0,0,0,0,0,0,0,0,0,0,0,0,0,0,0,0,0,0,0,0,0,0,0,0,2
java.lang.NumberFormatException: multiple points
linha fdp!!!!
0.531766,0.369444,0.121212,0.09592,0.0.382191,0.266667,0.030303,0.021475,0.223514,0.117184,0.877953,0.929134,0.586614,0.834937,1,0,0,0,0,0,0,0,0,0,0,0,0,0,0,0,0,0,0,0,0,1,0,0,0,0,0,0,0,0,0,0,0,0,0,0,0,0,0,0,0,0,0,0,20.382691,0.272222,0.045455,0,0.223514,0.113531,0.885827,0.92126,0.570866,0.832706,1,0,0,0,0,0,0,0,0,0,0,0,0,0,0,0,0,0,0,0,0,1,0,0,0,0,0,0,0,0,0,0,0,0,0,0,0,0,0,0,0,0,0,0,2
java.lang.NumberFormatException: multiple points
linha fdp!!!!
0.50920.49925,0.341667,0.166667,0.077309,0.245478,0.683434,0.940945,0.913386,0.480315,0.626795,1,0,0,0,0,0,0,0,0,0,0,0,0,0,0,0,0,0,0,0,0,0,0,0,0,0,0,0,0,0,0,0,1,0,0,0,0,0,0,0,0,0,0,0,2
java.lang.NumberFormatException: multiple points
linha fdp!!!!
0.434217,0.986111,0.227270.52076,0.858333,0.318182,0.077309,0.26615,0.700998,0.622047,0.870079,0.791339,0.627492,1,0,0,0,0,0,0,0,0,0,0,0,0,0,0,0,0,0,0,0,0,0,0,0,0,0,0,1,0,0,0,0,0,0,0,0,0,0,0,0,0,0,0,0,20.525263,0.902778,0.19697,0.090909,0.277778,0.696923,0.740157,0.889764,0.69685,0.631535,1,0,0,0,0,0,0,0,0,0,0,0,0,0,0,0,0,0,0,0,0,0,0,0,0,0,0,1,0,0,0,0,0,0,0,0,0,0,0,0,0,0,0,0,2
java.lang.NumberFormatException: multiple points
linha fdp!!!!
0.430215,0.227778,0.121212,0.224052,0.262274,0.285795,0.913386,0.885827,0.49600.641821,0.338889,0.287879,0.24481,0.215762,0.855136,0.976378,0.874016,0.370079,0.169525,1,0,0,0,0,0,0,0,0,0,0,0,0,0,0,0,0,0,0,0,0,0,0,0,0,0,0,0,0,0,0,0,1,0,0,0,0,0,0,0,0,0,0,0,1
java.lang.NumberFormatException: multiple points
linha fdp!!!!
0.52076,0.986111,0.136364,0.163207,0.27907,0.576928,0.811024,0.88189,0.61811,0.0.492746,0.322222,0.19697,0.04796,0.232558,0.532247,0.952756,0.893701,0.440945,0.872159,1,0,0,0,0,0,0,0,0,0,0,0,0,0,0,1,0,0,0,0,0,0,0,0,0,0,0,0,0,0,0,0,0,0,0,0,0,0,0,0,0,0,0,0,20.489245,0.255556,0.121212,0.030064,0.223514,0.528594,0.917323,0.897638,0.503937,0.876063,1,0,0,0,0,0,0,0,0,0,0,0,0,0,0,1,0,0,0,0,0,0,0,0,0,0,0,0,0,0,0,0,0,0,0,0,0,0,0,0,0,0,0,0,2
java.lang.NumberFormatException: multiple points
linha fdp!!!!
0.428214,0.019444,0.166667,0.030064,0.231266,0.349023,0.814961,0.858268,0.582677,0.0.494247,0.977778,0.136364,0.060845,0.232558,0.528594,0.807087,0.885827,0.622047,0.894187,1,0,0,0,0,0,0,0,0,0,0,0,0,0,0,0,0,0,0,0,0,0,0,0,0,0,0,0,0,0,0,0,1,0,0,0,0,0,0,0,0,0,0,0,20.497749,0.022222,0.106061,0.077309,0.249354,0.525081,0.834646,0.889764,0.598425,0.898229,1,0,0,0,0,0,0,0,0,0,0,0,0,0,0,0,0,0,0,0,0,0,0,0,0,0,0,0,0,0,0,0,1,0,0,0,0,0,0,0,0,0,0,0,2
java.lang.NumberFormatException: multiple points
linha fdp!!!!
0.632316,0.316667,0.151515,0.228346,0.321705,0.676971,0.0.592796,0.413889,0.19697,0.365068,0.457364,0.906843,0.933071,0.940945,0.507874,0.540499,1,0,0,0,0,0,0,0,0,0,0,0,0,0,0,0,0,0,0,0,0,0,0,0,0,0,0,0,0,0,0,0,0,1,0,0,0,0,0,0,0,0,0,0,20.591296,0.436111,0.181818,0.352183,0.453488,0.902909,0.917323,0.948819,0.53937,0.544124,1,0,0,0,0,0,0,0,0,0,0,0,0,0,0,0,0,0,0,0,0,0,0,0,0,0,0,0,0,0,0,0,0,1,0,0,0,0,0,0,0,0,0,0,2
java.lang.NumberFormatException: multiple points
linha fdp!!!!
0.553277,0.055556,0.075758,0.150322,0.240.533767,0.172222,0.181818,0.09592,0.262274,0.539834,0.905512,0.846457,0.452756,0.709884,1,0,0,0,0,0,0,0,0,0,0,0,0,0,0,0,0,0,0,0,0,0,0,0,0,0,0,0,0,0,0,0,0,1,0,0,0,0,0,0,0,0,0,0,1
java.lang.NumberFormatException: multiple points
linha fdp!!!!
0.41971,0.161111,0.242424,0.339298,0.350129,0.166784,0.905512,0.811024,0.409440.54027,0.125,0.181818,0.151754,0.262274,0.662077,0.877953,0.84252,0.488189,0.5925,1,0,0,0,0,0,0,0,0,0,0,0,0,0,0,0,0,0,0,0,0,0,0,0,0,0,1,0,0,0,0,0,0,0,0,0,0,0,0,0,0,0,0,0,1
java.lang.NumberFormatException: multiple points
linha fdp!!!!
0.38069,0.030556,0.287879,0.2398,0.255814,0.156667,0.775591,0.783465,0.50.587794,0.758333,0.181818,0.446671,0.303618,0.784038,0.740157,0.956693,0.767717,0.883312,1,0,0,0,0,0,0,0,0,0,0,0,0,0,0,1,0,0,0,0,0,0,0,0,0,0,0,0,0,0,0,0,0,0,0,0,0,0,0,0,0,0,0,0,20.591296,0.855556,0.090909,0.429492,0.312661,0.780104,0.80315,0.929134,0.673228,0.881639,1,0,0,0,0,0,0,0,0,0,0,0,0,0,0,1,0,0,0,0,0,0,0,0,0,0,0,0,0,0,0,0,0,0,0,0,0,0,0,0,0,0,0,0,2
java.lang.NumberFormatException: multiple points
linha fdp!!!!
0.56970.513257,0.436111,0.227273,0.14388,0.26615,0.451876,0.925197,0.948819,0.519685,0.46689,1,0,0,0,0,0,0,0,0,0,0,0,0,0,0,0,0,0,0,0,0,0,0,0,0,0,0,0,0,0,0,0,0,1,0,0,0,0,0,0,0,0,0,0,2
java.lang.NumberFormatException: multiple points
linha fdp!!!!
0.492746,0.975,0.106061,0,0.223514,0.423915,0.814961,0.893701,0.625984,0.410.548274,0.536111,0.121212,0.125268,0.244186,0.624139,0.866142,0.968504,0.633858,0.650913,1,0,0,0,0,0,0,0,0,0,0,0,0,0,0,0,0,0,0,0,0,0,0,0,0,0,0,0,0,0,0,0,1,0,0,0,0,0,0,0,0,0,0,0,20.549775,0.455556,0.106061,0.136006,0.251938,0.620346,0.893701,0.952756,0.586614,0.646731,1,0,0,0,0,0,0,0,0,0,0,0,0,0,0,0,0,0,0,0,0,0,0,0,0,0,0,0,0,0,0,0,1,0,0,0,0,0,0,0,0,0,0,0,2
java.lang.NumberFormatException: multiple points
linha fdp!!!!
0.425213,0.283333,0.272727,0.136006,0.315245,0.206548,0.972441,0.838583,0.346457,0.106650.496748,0.958333,0.075758,0.030064,0.226098,0.460025,0.830709,0.913386,0.629921,0.445699,1,0,0,0,0,0,0,0,0,0,0,0,0,0,0,0,0,0,0,0,0,0,0,0,0,0,1,0,0,0,0,0,0,0,0,0,0,0,0,0,0,0,0,0,20.497249,0.883333,0.090909,0.042949,0.228682,0.456794,0.807087,0.925197,0.665354,0.441517,1,0,0,0,0,0,0,0,0,0,0,0,0,0,0,0,0,0,0,0,0,0,0,0,0,0,1,0,0,0,0,0,0,0,0,0,0,0,0,0,0,0,0,0,2
java.lang.NumberFormatException: multiple points
linha fdp!!!!
0.591296,0.136111,0.2420.342171,0.241667,0.151515,0.137437,0.268734,0.079949,0.929134,0.877953,0.464567,0.030113,1,0,0,0,0,0,0,0,0,0,0,0,0,0,0,0,0,0,0,0,0,0,0,0,0,0,0,0,0,0,0,0,1,0,0,0,0,0,0,0,0,0,0,0,2
java.lang.NumberFormatException: multiple points
linha fdp!!!!
0.5860.442221,0.177778,0.166667,0.176807,0.226098,0.32879,0.905512,0.854331,0.464567,0.215949,1,0,0,0,0,0,0,0,0,0,0,0,0,0,0,1,0,0,0,0,0,0,0,0,0,0,0,0,0,0,0,0,0,0,0,0,0,0,0,0,0,0,0,0,2
java.lang.NumberFormatException: multiple points
linha fdp!!!!
0.498249,0.230556,0.090909,0.14388,0.277778,0.484895,0.890.591296,0.505556,0.257576,0.212598,0.271318,0.75425,0.877953,0.980315,0.602362,0.590966,1,0,0,0,0,0,0,0,0,0,0,0,0,0,0,0,0,0,0,0,0,0,0,0,0,0,0,0,0,0,0,0,0,1,0,0,0,0,0,0,0,0,0,0,10.591296,0.5,0.242424,0.228346,0.26615,0.750738,0.88189,0.976378,0.594488,0.589433,1,0,0,0,0,0,0,0,0,0,0,0,0,0,0,0,0,0,0,0,0,0,0,0,0,0,0,0,0,0,0,0,0,1,0,0,0,0,0,0,0,0,0,0,1
java.lang.NumberFormatException: multiple points
linha fdp!!!!
0.595798,0.04160.447224,0.422222,0.242424,0.068003,0.260982,0.393705,0.937008,0.937008,0.492126,0.348808,1,0,0,0,0,0,0,0,0,0,0,0,0,0,0,0,0,0,0,0,0,0,0,0,0,0,0,0,0,0,0,0,0,1,0,0,0,0,0,0,0,0,0,0,2
java.lang.NumberFormatException: multiple points
linha fdp!!!!
0.0.542771,0.066667,0.136364,0.137437,0.27907,0.632851,0.846457,0.866142,0.555118,0.393977,1,0,0,0,0,0,0,0,0,0,0,0,0,0,0,0,0,0,0,0,0,0,0,0,0,0,0,0,0,0,0,0,0,1,0,0,0,0,0,0,0,0,0,0,2
java.lang.NumberFormatException: multiple points
linha fdp!!!!
0.553777,0.025,0.212121,0.211167,0.325581,0.0.602801,0.952778,0.19697,0.184681,0.273902,0.487846,0.755906,0.862205,0.649606,0.707654,1,0,0,0,0,0,0,0,0,0,0,0,0,0,0,0,0,0,0,0,0,0,0,0,0,0,0,0,0,0,0,0,1,0,0,0,0,0,0,0,0,0,0,0,2
java.lang.NumberFormatException: multiple points
linha fdp!!!!
0.362181,0.908333,0.333333,0.021475,0.242894,0.00.55928,0.061111,0.060606,0.204009,0.275194,0.529296,0.854331,0.905512,0.590551,0.316465,1,0,0,0,0,0,0,0,0,0,0,0,0,0,0,0,0,0,0,0,0,0,0,0,0,0,0,0,0,0,0,0,1,0,0,0,0,0,0,0,0,0,0,0,20.558279,0.147222,0.136364,0.211167,0.27261,0.525081,0.889764,0.866142,0.503937,0.317022,1,0,0,0,0,0,0,0,0,0,0,0,0,0,0,0,0,0,0,0,0,0,0,0,0,0,0,0,0,0,0,0,1,0,0,0,0,0,0,0,0,0,0,0,2
java.lang.NumberFormatException: multiple points
linha fdp!!!!
0.449225,0.252778,0.181818,0.193271,0.3560.395698,0.05,0.151515,0.085898,0.222222,0.103695,0.834646,0.862205,0.562992,0.223756,1,0,0,0,0,0,0,0,0,0,0,0,0,0,0,0,0,0,0,0,0,0,0,0,0,0,1,0,0,0,0,0,0,0,0,0,0,0,0,0,0,0,0,0,20.394697,0.933333,0.121212,0.085898,0.219638,0.099902,0.799213,0.905512,0.653543,0.219852,1,0,0,0,0,0,0,0,0,0,0,0,0,0,0,0,0,0,0,0,0,0,0,0,0,0,1,0,0,0,0,0,0,0,0,0,0,0,0,0,0,0,0,0,2
java.lang.NumberFormatException: multiple points
linha fdp!!!!
0.44022,0.888889,0.469697,0.128848,0.222222,0.254883,0.492126,0.759843,0.780.595798,0.95,0.030303,0.04796,0.244186,0.558943,0.84252,0.925197,0.625984,0.532134,1,0,0,0,0,0,0,0,0,0,0,0,0,0,0,0,0,0,0,0,0,0,0,0,0,0,0,0,0,0,0,0,1,0,0,0,0,0,0,0,0,0,0,0,1
java.lang.NumberFormatException: multiple points
linha fdp!!!!
0.50.453727,0.325,0.136364,0.107373,0.249354,0.2154,0.929134,0.913386,0.503937,0.38631,1,0,0,0,0,0,0,0,0,0,0,0,0,0,0,0,0,0,0,0,0,0,0,0,0,0,0,0,0,0,0,0,1,0,0,0,0,0,0,0,0,0,0,0,2
java.lang.NumberFormatException: multiple points
linha fdp!!!!
0.484742,0.944444,0.106061,0.0.455228,0.119444,0.19697,0.274875,0.267442,0.212168,0.874016,0.834646,0.480315,0.335703,1,0,0,0,0,0,0,0,0,0,0,0,0,0,0,0,0,0,0,0,0,0,0,0,0,0,0,0,0,0,0,0,1,0,0,0,0,0,0,0,0,0,0,0,2
java.lang.NumberFormatException: multiple points
linha fdp!!!!
0.412706,0.425,0.242424,0.0429490.462731,0.775,0.181818,0.167502,0.286822,0.20177,0.73622,0.952756,0.76378,0.328315,1,0,0,0,0,0,0,0,0,0,0,0,0,0,0,0,0,0,0,0,0,0,0,0,0,0,0,0,0,0,0,0,1,0,0,0,0,0,0,0,0,0,0,0,2
java.lang.NumberFormatException: multiple points
linha fdp!!!!
0.395698,0.288889,0.106061,0,0.223514,0.140368,0.913386,0.909449,0.515748,0.27210.443722,0.266667,0.136364,0,0.223514,0.529718,0.92126,0.897638,0.492126,0.162415,1,0,0,0,0,0,0,0,0,0,0,0,0,0,0,0,0,0,0,0,0,0,0,0,0,0,1,0,0,0,0,0,0,0,0,0,0,0,0,0,0,0,0,0,1
java.lang.NumberFormatException: multiple points
linha fdp!!!!
0.408704,0.938889,0.242424,0.064424,0.25969,0.137550.650325,0.072222,0.090909,0.171797,0.245478,0.448785,0.854331,0.893701,0.574803,0.582462,1,0,0,0,0,0,0,0,0,0,0,0,0,0,0,0,0,0,0,0,0,0,0,0,0,0,1,0,0,0,0,0,0,0,0,0,0,0,0,0,0,0,0,0,1
java.lang.NumberFormatException: multiple points
linha fdp!!!!
0.677839,0.233333,0.106061,0.375089,0.316537,0.404103,0.909449,0.89370.505753,0.197222,0.257576,0.107373,0.267442,0.351553,0.933071,0.80315,0.366142,0.30559,1,0,0,0,0,0,0,0,0,0,0,0,0,0,0,0,0,0,0,0,0,0,0,0,0,0,0,0,0,0,0,0,1,0,0,0,0,0,0,0,0,0,0,0,20.50025,0.202778,0.272727,0.090909,0.25323,0.349023,0.937008,0.799213,0.350394,0.309215,1,0,0,0,0,0,0,0,0,0,0,0,0,0,0,0,0,0,0,0,0,0,0,0,0,0,0,0,0,0,0,0,1,0,0,0,0,0,0,0,0,0,0,0,2
java.lang.NumberFormatException: multiple points
BYTES READ -1
learning evaluation instances,Wall Time (Actual Time),Avg Delay (ms),outRate (inst/s),classified instances,classifications correct (percent),Kappa Statistic (percent),Kappa Temporal Statistic (percent),Kappa M Statistic (percent),F1 Score (percent),F1 Score for class 0 (percent),F1 Score for class 1 (percent),F1 Score for class 2 (percent),F1 Score for class 3 (percent),F1 Score for class 4 (percent),F1 Score for class 5 (percent),F1 Score for class 6 (percent),Precision (percent),Precision for class 0 (percent),Precision for class 1 (percent),Precision for class 2 (percent),Precision for class 3 (percent),Precision for class 4 (percent),Precision for class 5 (percent),Precision for class 6 (percent),Recall (percent),Recall for class 0 (percent),Recall for class 1 (percent),Recall for class 2 (percent),Recall for class 3 (percent),Recall for class 4 (percent),Recall for class 5 (percent),Recall for class 6 (percent),model training instances,model serialized size (bytes),ensemble size,change detections,[avg] model training instances,[err] model training instances,[avg] model serialized size (bytes),[err] model serialized size (bytes),[avg] tree size (nodes),[err] tree size (nodes),[avg] tree size (leaves),[err] tree size (leaves),[avg] active learning leaves,[err] active learning leaves,[avg] tree depth,[err] tree depth,[avg] active leaf byte size estimate,[err] active leaf byte size estimate,[avg] inactive leaf byte size estimate,[err] inactive leaf byte size estimate,[avg] byte size estimate overhead,[err] byte size estimate overhead
92500.0,599.6270141601562,2097.0,154.26255798339844,92000.0,90.98478260869565,82.11689046980871,5.157232704402408,73.10635538261995,69.23895067078911,6.593406593406592,86.33692708599457,95.13165156975423,65.86506346025384,84.7027972027972,76.80473372781064,63.582174283281304,70.64676967358629,14.285714285714285,88.05565688675804,94.44632467888282,62.72264631043257,79.42622950819673,76.3828952530404,79.20792079207921,67.88614424612317,4.285714285714286,84.68400741743096,95.82699697489984,69.33895921237693,90.73033707865169,77.23125743752479,53.105737316263635,0.0,1.0,25.0,184.0,129623.83999999998,117862.03655286973,1.0,0.0,60.400000000000006,66.48684080327476,30.680000000000003,33.26249138794827,30.680000000000003,33.26249138794827,7.4799999999999995,4.417012565071555,0.0,0.0,0.0,0.0,1.0,0.0
