Connected!
linha fdp!!!!
0.491746,0.241667,0.424242,0.0.322161,0.072222,0.227273,0.021475,0.235142,0.09105,0.834646,0.807087,0.5,0.121985,0,0,1,0,0,0,0,0,0,0,0,0,0,0,0,0,0,0,0,0,0,0,0,1,0,0,0,0,0,0,0,0,0,0,0,0,0,0,0,0,0,0,0,0,6
java.lang.NumberFormatException: multiple points
linha fdp!!!!
0.117559,0.275,0.439394,0.060845,0.276486,0.0.134567,0.005556,0.166667,0,0.223514,0.120556,0.807087,0.862205,0.594488,0.084065,0,0,0,1,0,0,0,0,0,0,0,0,0,0,0,0,0,1,0,0,0,0,0,0,0,0,0,0,0,0,0,0,0,0,0,0,0,0,0,0,0,0,0,0,40.188094,0.111111,0.424242,0.334288,0.419897,0.073627,0.822835,0.653543,0.295276,0.084623,0,0,0,1,0,0,0,0,0,0,0,0,0,1,0,0,0,0,0,0,0,0,0,0,0,0,0,0,0,0,0,0,0,0,0,0,0,0,0,0,0,0,0,0,3
java.lang.NumberFormatException: multiple points
linha fdp!!!!
0.210605,0.338889,0.454545,0.115963,0.33070.232116,0.994444,0.469697,0.14388,0.29199,0.095124,0.61811,0.65748,0.535433,0.079604,0,0,0,1,0,0,0,0,0,0,0,0,0,1,0,0,0,0,0,0,0,0,0,0,0,0,0,0,0,0,0,0,0,0,0,0,0,0,0,0,0,0,0,0,60.717359,0.930556,0.075758,0.030064,0.22739,0.577631,0.822835,0.917323,0.641732,0.531716,1,0,0,0,0,0,0,0,0,0,0,0,0,0,0,0,0,0,0,0,0,0,0,0,0,0,0,0,0,0,0,0,0,0,0,0,0,0,0,0,0,1,0,0,7
java.lang.NumberFormatException: multiple points
linha fdp!!!!
0.670835,0.836111,0.330.42071,0.286111,0.075758,0.221188,0.263566,0.119854,0.901575,0.917323,0.543307,0.055068,0,0,1,0,0,1,0,0,0,0,0,0,0,0,0,0,0,0,0,0,0,0,0,0,0,0,0,0,0,0,0,0,0,0,0,0,0,0,0,0,0,0,0,0,30.403202,0.35,0.227273,0.319256,0.250646,0.101447,0.96063,0.901575,0.433071,0.063851,0,0,1,0,0,1,0,0,0,0,0,0,0,0,0,0,0,0,0,0,0,0,0,0,0,0,0,0,0,0,0,0,0,0,0,0,0,0,0,0,0,0,0,0,3
java.lang.NumberFormatException: multiple points
linha fdp!!!!
0.125563,0.358333,0.363636,0.021475,0.236434,0.1267390.250625,0.608333,0.424242,0.10952,0.339793,0.17409,0.692913,0.992126,0.783465,0.063851,0,0,0,1,1,0,0,0,0,0,0,0,0,0,0,0,0,0,0,0,0,0,0,0,0,0,0,0,0,0,0,0,0,0,0,0,0,0,0,0,0,0,0,0,60.214107,0.188889,0.348485,0.042949,0.268734,0.050583,0.929134,0.740157,0.279528,0.228496,0,0,0,1,0,0,0,1,0,0,0,0,0,0,0,0,0,0,0,0,0,0,0,0,0,0,0,0,0,0,0,0,0,0,0,0,0,0,0,0,0,0,0,0,4
java.lang.NumberFormatException: multiple points
linha fdp!!!!
0.451726,0.908333,0.242424,0.030064,0.232558,0.505831,0.70860.392696,0.044444,0.469697,0.042949,0.27261,0.303499,0.69685,0.625984,0.405512,0.995539,1,0,0,0,0,0,0,0,0,0,0,0,0,0,0,0,0,0,0,0,0,0,0,0,0,0,0,0,0,0,0,0,1,0,0,0,0,0,0,0,0,0,0,0,20.389695,0.044444,0.469697,0.042949,0.264858,0.299283,0.69685,0.622047,0.401575,0.996096,1,0,0,0,0,0,0,0,0,0,0,0,0,0,0,0,0,0,0,0,0,0,0,0,0,0,0,0,0,0,0,0,1,0,0,0,0,0,0,0,0,0,0,0,2
java.lang.NumberFormatException: multiple points
linha fdp!!!!
0.337669,0.105550.481241,0.986111,0.136364,0.121689,0.270026,0.524097,0.811024,0.88189,0.61811,0.778335,1,0,0,0,0,0,0,0,0,0,0,0,0,0,0,0,0,0,0,0,0,0,0,0,0,0,0,0,0,0,0,0,1,0,0,0,0,0,0,0,0,0,0,0,2
java.lang.NumberFormatException: multiple points
linha fdp!!!!
0.490745,0.05,0.121212,0.182534,0.324289,0.490937,0.846457,0.80.326163,0.147222,0.106061,0.211167,0.213178,0.139385,0.88189,0.885827,0.531496,0.666527,1,0,0,0,0,0,0,0,0,0,0,0,0,0,0,0,0,0,0,0,0,1,0,0,0,0,0,0,0,0,0,0,0,0,0,0,0,0,0,0,0,0,0,0,20.323662,0.180556,0.121212,0.214746,0.206718,0.135169,0.897638,0.88189,0.511811,0.665273,1,0,0,0,0,0,0,0,0,0,0,0,0,0,0,0,0,0,0,0,0,1,0,0,0,0,0,0,0,0,0,0,0,0,0,0,0,0,0,0,0,0,0,0,2
java.lang.NumberFormatException: multiple points
linha fdp!!!!
0.0.618809,0.125,0.030303,0,0.223514,0.96122,0.866142,0.92126,0.590551,0.358706,1,0,0,0,0,0,0,0,0,0,0,0,0,0,0,0,0,0,0,0,0,0,0,1,0,0,0,0,0,0,0,0,0,0,0,0,0,0,0,0,0,0,0,0,2
java.lang.NumberFormatException: multiple points
linha fdp!!!!
0.507254,0.883333,0.318182,0.107373,0.312661,0.713222,0.629921,0.850390.332166,0.080556,0.106061,0.04796,0.239018,0.185893,0.858268,0.88189,0.559055,0.610205,1,0,0,0,0,0,0,0,0,0,0,0,0,0,0,0,0,0,0,0,0,1,0,0,0,0,0,0,0,0,0,0,0,0,0,0,0,0,0,0,0,0,0,0,20.329665,0.113889,0.151515,0.060845,0.229974,0.181678,0.870079,0.858268,0.515748,0.608532,1,0,0,0,0,0,0,0,0,0,0,0,0,0,0,0,0,0,0,0,0,1,0,0,0,0,0,0,0,0,0,0,0,0,0,0,0,0,0,0,0,0,0,0,2
java.lang.NumberFormatException: multiple points
linha fdp!!!!
0.630315,0.413889,0.090909,0.173228,0.236430.495748,0.255556,0.333333,0.068003,0.25323,0.758466,0.972441,0.791339,0.283465,0.622194,1,0,0,0,0,0,0,0,0,0,0,0,0,0,0,0,0,0,0,0,0,0,0,0,0,0,0,0,0,0,0,0,1,0,0,0,0,0,0,0,0,0,0,0,20.489245,0.25,0.227273,0.04796,0.236434,0.754531,0.952756,0.846457,0.389764,0.626098,1,0,0,0,0,0,0,0,0,0,0,0,0,0,0,0,0,0,0,0,0,0,0,0,0,0,0,0,0,0,0,0,1,0,0,0,0,0,0,0,0,0,0,0,2
java.lang.NumberFormatException: multiple points
linha fdp!!!!
0.313657,0.105556,0.075758,0.322119,0.210594,0.130954,0.866142,0.897638,0.566929,0.0.551776,0.802778,0.272727,0.18325,0.397933,0.713924,0.65748,0.925197,0.814961,0.680468,1,0,0,0,0,0,0,0,0,0,0,0,0,0,0,0,0,0,0,0,0,0,0,0,0,0,0,1,0,0,0,0,0,0,0,0,0,0,0,0,0,0,0,0,10.551776,0.036111,0.090909,0.204009,0.397933,0.70999,0.84252,0.893701,0.590551,0.684372,1,0,0,0,0,0,0,0,0,0,0,0,0,0,0,0,0,0,0,0,0,0,0,0,0,0,0,0,0,0,0,0,1,0,0,0,0,0,0,0,0,0,0,0,1
java.lang.NumberFormatException: multiple points
linha fdp!!!!
0.574787,0.438880.538769,0.041667,0.106061,0.30995,0.282946,0.644794,0.84252,0.889764,0.586614,0.766067,1,0,0,0,0,0,0,0,0,0,0,0,0,0,0,1,0,0,0,0,0,0,0,0,0,0,0,0,0,0,0,0,0,0,0,0,0,0,0,0,0,0,0,0,10.538769,0.972222,0.121212,0.292054,0.282946,0.641,0.807087,0.889764,0.625984,0.769971,1,0,0,0,0,0,0,0,0,0,0,0,0,0,0,1,0,0,0,0,0,0,0,0,0,0,0,0,0,0,0,0,0,0,0,0,0,0,0,0,0,0,0,0,1
java.lang.NumberFormatException: multiple points
linha fdp!!!!
0.351170.546773,0.336111,0.060606,0.282749,0.385013,0.705775,0.893701,0.929134,0.566929,0.710721,1,0,0,0,0,0,0,0,0,0,0,0,0,0,0,1,0,0,0,0,0,0,0,0,0,0,0,0,0,0,0,0,0,0,0,0,0,0,0,0,0,0,0,0,2
java.lang.NumberFormatException: multiple points
linha fdp!!!!
0.330165,0.05,0.060606,0,0.223510.691346,0.094444,0.151515,0.198282,0.258398,0.537727,0.862205,0.858268,0.527559,0.453924,1,0,0,0,0,0,0,0,0,0,0,0,0,0,0,0,0,0,0,0,0,0,0,0,0,0,0,0,0,0,0,0,0,0,0,0,0,0,0,0,0,0,0,1,1
java.lang.NumberFormatException: multiple points
linha fdp!!!!
0.681341,0.105556,0.166667,0.077309,0.236434,0.536743,0.866142,0.850394,0.5070.574787,0.644444,0.075758,0.592699,0.363049,0.831671,0.830709,0.964567,0.673228,0.866165,1,0,0,0,0,0,0,0,0,0,0,0,0,0,0,0,0,0,0,0,0,0,0,0,0,0,0,0,0,0,0,0,1,0,0,0,0,0,0,0,0,0,0,0,2
java.lang.NumberFormatException: multiple points
linha fdp!!!!
0.556778,0.338889,0.060606,0.021475,0.210.531266,0.375,0.060606,0.021475,0.22739,0.554588,0.893701,0.937008,0.570866,0.693155,1,0,0,0,0,0,0,0,0,0,0,0,0,0,0,0,0,0,0,0,0,0,0,1,0,0,0,0,0,0,0,0,0,0,0,0,0,0,0,0,0,0,0,0,10.529765,0.2,0.030303,0,0.223514,0.550513,0.874016,0.92126,0.586614,0.689112,1,0,0,0,0,0,0,0,0,0,0,0,0,0,0,0,0,0,0,0,0,0,0,1,0,0,0,0,0,0,0,0,0,0,0,0,0,0,0,0,0,0,0,0,1
java.lang.NumberFormatException: multiple points
linha fdp!!!!
0.650325,0.988889,0.151515,0.214746,0.22350.536768,0.636111,0.227273,0.23121,0.270026,0.813686,0.771654,0.996063,0.751969,0.887495,1,0,0,0,0,0,0,0,0,0,0,0,0,0,0,0,0,0,0,0,0,0,0,0,0,0,0,0,0,0,0,0,1,0,0,0,0,0,0,0,0,0,0,0,20.54027,0.644444,0.227273,0.251253,0.27907,0.817058,0.76378,0.992126,0.759843,0.890562,1,0,0,0,0,0,0,0,0,0,0,0,0,0,0,0,0,0,0,0,0,0,0,0,0,0,0,0,0,0,0,0,1,0,0,0,0,0,0,0,0,0,0,0,2
java.lang.NumberFormatException: multiple points
linha fdp!!!!
0.55978,0.875,0.070.469235,0.113889,0.242424,0.30995,0.20801,0.247576,0.866142,0.799213,0.444882,0.323575,1,0,0,0,0,0,0,0,0,0,0,0,0,0,0,1,0,0,0,0,0,0,0,0,0,0,0,0,0,0,0,0,0,0,0,0,0,0,0,0,0,0,0,0,2
java.lang.NumberFormatException: multiple points
linha fdp!!!!
0.650325,0.375,0.136364,0.064420.576288,0.363889,0.212121,0.128848,0.270026,0.585218,0.952756,0.909449,0.452756,0.720619,1,0,0,0,0,0,0,0,0,0,0,0,0,0,0,0,0,0,0,0,0,0,0,0,0,0,0,0,0,0,0,0,1,0,0,0,0,0,0,0,0,0,0,0,20.571286,0.347222,0.257576,0.128848,0.257106,0.587888,0.968504,0.885827,0.397638,0.72271,1,0,0,0,0,0,0,0,0,0,0,0,0,0,0,0,0,0,0,0,0,0,0,0,0,0,0,0,0,0,0,0,1,0,0,0,0,0,0,0,0,0,0,0,2
java.lang.NumberFormatException: multiple points
linha fdp!!!!
0.541771,0.405556,0.166667,0.173228,0.2364340.515758,0.216667,0.242424,0.211167,0.306202,0.379373,0.940945,0.818898,0.370079,0.419211,1,0,0,0,0,0,0,0,0,0,0,0,0,0,0,0,0,0,0,0,0,0,0,0,0,0,0,0,0,0,0,0,1,0,0,0,0,0,0,0,0,0,0,0,20.511256,0.236111,0.272727,0.202577,0.29845,0.376001,0.956693,0.814961,0.34252,0.415029,1,0,0,0,0,0,0,0,0,0,0,0,0,0,0,0,0,0,0,0,0,0,0,0,0,0,0,0,0,0,0,0,1,0,0,0,0,0,0,0,0,0,0,0,2
java.lang.NumberFormatException: multiple points
linha fdp!!!!
0.67130.533767,0.427778,0.151515,0.154617,0.236434,0.563721,0.913386,0.948819,0.547244,0.839398,1,0,0,0,0,0,0,0,0,0,0,0,0,0,0,0,0,0,0,0,0,0,0,0,0,0,0,0,0,0,0,0,1,0,0,0,0,0,0,0,0,0,0,0,1
java.lang.NumberFormatException: multiple points
linha fdp!!!!
0.0.456728,0.538889,0.136364,0.279885,0.313953,0.273992,0.862205,0.972441,0.641732,0.171895,1,0,0,0,0,0,0,0,0,0,0,0,0,0,0,0,0,0,0,0,0,0,0,0,0,0,0,0,0,0,0,0,1,0,0,0,0,0,0,0,0,0,0,0,2
java.lang.NumberFormatException: multiple points
linha fdp!!!!
0.536768,0.125,0.121212,0.060845,0.231266,0.529437,0.877953,0.877953,0.531496,0.0.450225,0.186111,0.181818,0.068003,0.229974,0.364479,0.913386,0.850394,0.452756,0.250941,1,0,0,0,0,0,0,0,0,0,0,0,0,0,0,1,0,0,0,0,0,0,0,0,0,0,0,0,0,0,0,0,0,0,0,0,0,0,0,0,0,0,0,0,2
java.lang.NumberFormatException: multiple points
linha fdp!!!!
0.468734,0.222222,0.106061,0.259127,0.316537,0.41998,0.905512,0.8970.381691,0.347222,0.333333,0.060845,0.255814,0.238584,0.984252,0.862205,0.338583,0.17064,1,0,0,0,0,0,0,0,0,0,0,0,0,0,0,0,0,0,0,0,0,0,0,0,0,0,0,0,0,0,0,0,0,1,0,0,0,0,0,0,0,0,0,0,20.377689,0.377778,0.318182,0.04796,0.249354,0.235211,0.972441,0.893701,0.385827,0.167294,1,0,0,0,0,0,0,0,0,0,0,0,0,0,0,0,0,0,0,0,0,0,0,0,0,0,0,0,0,0,0,0,0,1,0,0,0,0,0,0,0,0,0,0,2
java.lang.NumberFormatException: multiple points
linha fdp!!!!
0.403702,0.316667,0.257576,0.171797,0.222222,0.105522,0.972441,0.870079,0.38189,0.247730.506253,0.002778,0.181818,0.27917,0.251938,0.404805,0.799213,0.858268,0.598425,0.391189,1,0,0,0,0,0,0,0,0,0,0,0,0,0,0,1,0,0,0,0,0,0,0,0,0,0,0,0,0,0,0,0,0,0,0,0,0,0,0,0,0,0,0,0,20.506753,0.002778,0.136364,0.299213,0.25323,0.40059,0.814961,0.877953,0.602362,0.392862,1,0,0,0,0,0,0,0,0,0,0,0,0,0,0,1,0,0,0,0,0,0,0,0,0,0,0,0,0,0,0,0,0,0,0,0,0,0,0,0,0,0,0,0,2
java.lang.NumberFormatException: multiple points
linha fdp!!!!
0.471236,0.2555560.543272,0.216667,0.121212,0.151754,0.25969,0.736125,0.909449,0.889764,0.503937,0.342535,1,0,0,0,0,0,0,0,0,0,0,0,0,0,0,0,0,0,0,0,0,0,0,0,0,1,0,0,0,0,0,0,0,0,0,0,0,0,0,0,0,0,0,0,20.542271,0.25,0.106061,0.130279,0.257106,0.73191,0.909449,0.901575,0.519685,0.340443,1,0,0,0,0,0,0,0,0,0,0,0,0,0,0,0,0,0,0,0,0,0,0,0,0,1,0,0,0,0,0,0,0,0,0,0,0,0,0,0,0,0,0,0,2
java.lang.NumberFormatException: multiple points
linha fdp!!!!
0.468234,0.588889,0.1210.431716,0.552778,0.257576,0.030064,0.24031,0.258676,0.834646,0.992126,0.669291,0.373066,1,0,0,0,0,0,0,0,0,0,0,0,0,0,0,0,0,0,0,0,0,0,0,0,0,0,0,0,0,0,0,0,0,1,0,0,0,0,0,0,0,0,0,0,2
java.lang.NumberFormatException: multiple points
linha fdp!!!!
0.423712,0,0.242424,0,0.223514,0.412814,0.76378,0.8188980.416208,0.138889,0.166667,0.194703,0.229974,0.147956,0.885827,0.850394,0.488189,0.272689,1,0,0,0,0,0,0,0,0,0,0,0,0,0,0,0,0,0,0,0,0,0,0,0,0,0,0,0,0,0,0,0,1,0,0,0,0,0,0,0,0,0,0,0,20.411206,0.175,0.318182,0.193271,0.218346,0.144021,0.917323,0.759843,0.322835,0.269204,1,0,0,0,0,0,0,0,0,0,0,0,0,0,0,0,0,0,0,0,0,0,0,0,0,0,0,0,0,0,0,0,1,0,0,0,0,0,0,0,0,0,0,0,2
java.lang.NumberFormatException: multiple points
linha fdp!!!!
0.568284,0.1,0.272727,0.258411,0.223514,0.629198,0.846457,0.775591,0.40.472236,0.155556,0.257576,0.085898,0.276486,0.554728,0.901575,0.791339,0.389764,0.15154,1,0,0,0,0,0,0,0,0,0,0,0,0,0,0,0,0,0,0,0,0,0,0,0,0,0,0,0,0,0,0,0,1,0,0,0,0,0,0,0,0,0,0,0,20.468734,0.152778,0.227273,0.077309,0.267442,0.550794,0.897638,0.814961,0.425197,0.153353,1,0,0,0,0,0,0,0,0,0,0,0,0,0,0,0,0,0,0,0,0,0,0,0,0,0,1,0,0,0,0,0,0,0,0,0,0,0,0,0,0,0,0,0,2
java.lang.NumberFormatException: multiple points
linha fdp!!!!
0.407704,0.15,0.10.481241,0.922222,0.378788,0.156049,0.319121,0.521287,0.606299,0.783465,0.712598,0.156978,1,0,0,0,0,0,0,0,0,0,0,0,0,0,0,0,0,0,0,0,0,0,0,0,0,0,0,0,0,0,0,0,1,0,0,0,0,0,0,0,0,0,0,0,20.484242,0.922222,0.393939,0.176807,0.328165,0.517634,0.590551,0.771654,0.708661,0.160184,1,0,0,0,0,0,0,0,0,0,0,0,0,0,0,0,0,0,0,0,0,0,0,0,0,0,0,0,0,0,0,0,1,0,0,0,0,0,0,0,0,0,0,0,2
java.lang.NumberFormatException: multiple points
linha fdp!!!!
0.577789,0.375,0.227273,0.021475,0.0.538769,0.397222,0.242424,0.060845,0.25323,0.641984,0.948819,0.925197,0.46063,0.255402,1,0,0,0,0,0,0,0,0,0,0,0,0,0,0,0,0,0,0,0,0,0,0,0,0,0,0,0,0,0,0,0,1,0,0,0,0,0,0,0,0,0,0,0,2
java.lang.NumberFormatException: multiple points
learning evaluation instances,Wall Time (Actual Time),Avg Delay (ms),outRate (inst/s),classified instances,classifications correct (percent),Kappa Statistic (percent),Kappa Temporal Statistic (percent),Kappa M Statistic (percent),F1 Score (percent),F1 Score for class 0 (percent),F1 Score for class 1 (percent),F1 Score for class 2 (percent),F1 Score for class 3 (percent),F1 Score for class 4 (percent),F1 Score for class 5 (percent),F1 Score for class 6 (percent),Precision (percent),Precision for class 0 (percent),Precision for class 1 (percent),Precision for class 2 (percent),Precision for class 3 (percent),Precision for class 4 (percent),Precision for class 5 (percent),Precision for class 6 (percent),Recall (percent),Recall for class 0 (percent),Recall for class 1 (percent),Recall for class 2 (percent),Recall for class 3 (percent),Recall for class 4 (percent),Recall for class 5 (percent),Recall for class 6 (percent),model training instances,model serialized size (bytes),ensemble size,[avg] model training instances,[err] model training instances,[avg] model serialized size (bytes),[err] model serialized size (bytes),[avg] tree size (nodes),[err] tree size (nodes),[avg] tree size (leaves),[err] tree size (leaves),[avg] active learning leaves,[err] active learning leaves,[avg] tree depth,[err] tree depth,[avg] active leaf byte size estimate,[err] active leaf byte size estimate,[avg] inactive leaf byte size estimate,[err] inactive leaf byte size estimate,[avg] byte size estimate overhead,[err] byte size estimate overhead
186000.0,600.0540161132812,4316.0,309.97210693359375,184000.0,85.89184782608696,69.65116732226308,-164.9959167006944,58.87422569350929,64.72165804654108,25.53191489361702,77.74089651028791,90.41014622883529,57.1747211895911,85.36018590240124,62.21999331327315,50.77484047402005,66.08367798495641,36.36363636363637,84.61587941422415,87.684759705473,60.361067503924644,84.18640183346065,56.37685549833383,52.99714557564224,63.41464823834186,19.672131147540984,71.89914006704562,93.31038648342283,54.30790960451978,86.56716417910447,69.41439761283104,48.731408573928256,0.0,1.0,25.0,55881.55999999999,49776.90935654804,1.0,0.0,24.599999999999998,23.727621035409342,13.319999999999999,12.651482126612676,13.319999999999999,12.651482126612676,4.28,3.5534021256630477,0.0,0.0,0.0,0.0,1.0,0.0
