Connected!
linha fdp!!!!
0.390195,0.841667,0.242424,0.030064,0.0.802401,0.313889,0.363636,0.282749,0.313953,0.312351,0.996063,0.814961,0.26378,0.478879,1,0,0,0,0,0,0,0,0,0,0,0,0,0,0,0,0,0,0,0,0,0,0,0,0,0,0,0,0,0,0,0,0,0,0,0,0,0,0,0,0,0,0,1,7
java.lang.NumberFormatException: multiple points
linha fdp!!!!
0.52076,0.311111,0.136364,0.0.523762,0.230556,0.166667,0.107373,0.25323,0.62442,0.925197,0.870079,0.456693,0.804684,1,0,0,0,0,0,0,0,0,0,0,0,0,0,0,0,0,0,0,0,0,0,0,0,0,0,0,0,0,0,0,0,0,1,0,0,0,0,0,0,0,0,0,0,20.52076,0.241667,0.151515,0.090909,0.245478,0.620627,0.925197,0.88189,0.468504,0.808727,1,0,0,0,0,0,0,0,0,0,0,0,0,0,0,0,0,0,0,0,0,0,0,0,0,0,0,0,0,0,0,0,0,1,0,0,0,0,0,0,0,0,0,0,2
java.lang.NumberFormatException: multiple points
linha fdp!!!!
0.495748,0.963889,0.136364,0.110.62081,0.175,0.272727,0.224052,0.355297,0.693129,0.917323,0.787402,0.362205,0.322459,1,0,0,0,0,0,0,0,0,0,0,0,0,0,0,0,0,0,0,0,0,0,0,0,0,0,0,0,0,0,0,0,1,0,0,0,0,0,0,0,0,0,0,0,10.616808,0.163889,0.287879,0.219041,0.344961,0.695939,0.905512,0.771654,0.354331,0.324829,1,0,0,0,0,0,0,0,0,0,0,0,0,0,0,0,0,0,0,0,0,0,0,0,0,0,0,0,0,0,0,0,1,0,0,0,0,0,0,0,0,0,0,0,1
java.lang.NumberFormatException: multiple points
linha fdp!!!!
0.651826,0.1,0.272727,0.336435,0.409561,0.655051,0.850394,0.783465,0.440945,0.2994560.572786,0.588889,0.212121,0.173228,0.219638,0.782352,0.818898,0.992126,0.700787,0.389656,1,0,0,0,0,0,0,0,0,0,0,0,0,0,0,0,0,0,0,0,0,0,0,0,0,0,0,0,0,0,0,0,1,0,0,0,0,0,0,0,0,0,0,0,10.574787,0.527778,0.166667,0.19184,0.217054,0.783476,0.866142,0.980315,0.633858,0.391607,1,0,0,0,0,0,0,0,0,0,0,0,0,0,0,0,0,0,0,0,0,0,0,0,0,0,0,0,0,0,0,0,1,0,0,0,0,0,0,0,0,0,0,0,1
java.lang.NumberFormatException: multiple points
linha fdp!!!!
0.561781,0.319444,0.060.550275,0.125,0.30303,0.163207,0.27907,0.678797,0.870079,0.755906,0.38189,0.506901,1,0,0,0,0,0,0,0,0,0,0,0,0,0,0,0,0,0,0,0,0,0,0,0,0,0,0,0,0,0,0,0,1,0,0,0,0,0,0,0,0,0,0,0,1
java.lang.NumberFormatException: multiple points
linha fdp!!!!
0.556778,0.447222,0.151515,0.150322,0.275194,0.594492,0.905512,0.956693,0.562990.389195,0.136111,0.287879,0.125268,0.271318,0.163974,0.88189,0.771654,0.385827,0.29625,1,0,0,0,0,0,0,0,0,0,0,0,0,0,0,0,0,0,0,0,0,0,0,0,0,0,0,0,0,0,0,0,0,1,0,0,0,0,0,0,0,0,0,0,20.385693,0.144444,0.272727,0.115963,0.268734,0.161023,0.893701,0.783465,0.393701,0.293183,1,0,0,0,0,0,0,0,0,0,0,0,0,0,0,0,0,0,0,0,0,0,0,0,0,0,0,0,0,0,0,0,0,1,0,0,0,0,0,0,0,0,0,0,2
java.lang.NumberFormatException: multiple points
linha fdp!!!!
0.3997,0.125,0.106061,0.042949,0.224806,0.197134,0.80.348674,0.95,0.045455,0.150322,0.226098,0.109456,0.838583,0.925197,0.625984,0.087829,1,0,0,0,0,0,0,0,0,0,0,0,0,0,0,0,0,0,0,0,0,0,0,0,0,0,1,0,0,0,0,0,0,0,0,0,0,0,0,0,0,0,0,0,2
java.lang.NumberFormatException: multiple points
linha fdp!!!!
0.686343,0.136111,0.212121,0.107373,0.257106,0.4256010.477239,0.219444,0.075758,0.030064,0.223514,0.342841,0.889764,0.909449,0.547244,0.354384,1,0,0,0,0,0,0,0,0,0,0,0,0,0,0,0,0,0,0,0,0,0,0,0,0,0,1,0,0,0,0,0,0,0,0,0,0,0,0,0,0,0,0,0,2
java.lang.NumberFormatException: multiple points
linha fdp!!!!
0.602801,0.455556,0.166667,0,0.223514,0.435155,0.905512,0.9560.453727,0.363889,0.060606,0.214746,0.236434,0.295068,0.893701,0.933071,0.570866,0.188763,1,0,0,0,0,0,0,0,0,0,0,0,0,0,0,1,0,0,0,0,0,0,0,0,0,0,0,0,0,0,0,0,0,0,0,0,0,0,0,0,0,0,0,0,2
java.lang.NumberFormatException: multiple points
linha fdp!!!!
0.572786,0.336111,0.090909,0.021475,0.2157620.490245,0.394444,0.121212,0.167502,0.25323,0.453702,0.913386,0.937008,0.547244,0.401645,1,0,0,0,0,0,0,0,0,0,0,0,0,0,0,1,0,0,0,0,0,0,0,0,0,0,0,0,0,0,0,0,0,0,0,0,0,0,0,0,0,0,0,0,2
java.lang.NumberFormatException: multiple points
linha fdp!!!!
0.566283,0.686111,0.212121,0.413028,0.333333,0.804131,0.748031,0.984250.572786,0.186111,0.227273,0.125268,0.270026,0.431643,0.92126,0.822835,0.405512,0.926251,1,0,0,0,0,0,0,0,0,0,0,0,0,0,0,0,0,0,0,0,0,0,0,0,0,0,0,0,0,0,0,0,1,0,0,0,0,0,0,0,0,0,0,0,1
java.lang.NumberFormatException: multiple points
linha fdp!!!!
0.51976,0.544444,0.242424,0.040.576288,0.577778,0.090909,0.219041,0.273902,0.748349,0.850394,0.964567,0.649606,0.56392,1,0,0,0,0,0,0,0,0,0,0,0,0,0,0,0,0,0,0,0,0,0,0,1,0,0,0,0,0,0,0,0,0,0,0,0,0,0,0,0,0,0,0,0,10.574787,0.388889,0.121212,0.198282,0.270026,0.744836,0.913386,0.937008,0.543307,0.562387,1,0,0,0,0,0,0,0,0,0,0,0,0,0,0,0,0,0,0,0,0,0,0,1,0,0,0,0,0,0,0,0,0,0,0,0,0,0,0,0,0,0,0,0,1
java.lang.NumberFormatException: multiple points
linha fdp!!!!
0.465233,0.302778,0.166667,0.24481,0.27907,0.427427,0.9409450.548274,0.725,0.151515,0.322119,0.290698,0.776451,0.775591,0.964567,0.73622,0.617454,1,0,0,0,0,0,0,0,0,0,0,0,0,0,0,0,0,0,0,0,0,0,0,0,0,0,0,0,0,0,0,0,1,0,0,0,0,0,0,0,0,0,0,0,2
java.lang.NumberFormatException: multiple points
linha fdp!!!!
0.487244,0.333333,0.30303,0.030064,0.237726,0.55060.578789,0.213889,0.090909,0.068003,0.242894,0.48883,0.897638,0.897638,0.527559,0.742646,1,0,0,0,0,0,0,0,0,0,0,0,0,0,0,0,0,0,0,0,0,0,0,0,0,0,0,0,0,0,0,0,1,0,0,0,0,0,0,0,0,0,0,0,20.576288,0.266667,0.166667,0.060845,0.24677,0.492904,0.933071,0.885827,0.46063,0.739021,1,0,0,0,0,0,0,0,0,0,0,0,0,0,0,0,0,0,0,0,0,0,0,0,0,0,0,0,0,0,0,0,1,0,0,0,0,0,0,0,0,0,0,0,2
java.lang.NumberFormatException: multiple points
linha fdp!!!!
0.577289,0.375,0.106061,0.251253,0.241602,0.712941,0.90.536768,0.736111,0.227273,0.258411,0.257106,0.797387,0.712598,0.968504,0.799213,0.490032,1,0,0,0,0,0,0,0,0,0,0,0,0,0,0,0,0,0,0,0,0,0,0,0,0,0,1,0,0,0,0,0,0,0,0,0,0,0,0,0,0,0,0,0,2
java.lang.NumberFormatException: multiple points
linha fdp!!!!
0.596298,0.566667,0.151515,0.324982,0.320.453727,0.383333,0.090909,0.202577,0.263566,0.213011,0.905512,0.937008,0.555118,0.341001,1,0,0,0,0,0,0,0,0,0,0,0,0,0,0,1,0,0,0,0,0,0,0,0,0,0,0,0,0,0,0,0,0,0,0,0,0,0,0,0,0,0,0,0,20.450725,0.319444,0.19697,0.18325,0.25969,0.211184,0.952756,0.893701,0.444882,0.33877,1,0,0,0,0,0,0,0,0,0,0,0,0,0,0,1,0,0,0,0,0,0,0,0,0,0,0,0,0,0,0,0,0,0,0,0,0,0,0,0,0,0,0,0,2
java.lang.NumberFormatException: multiple points
linha fdp!!!!
0.589295,0.097222,0.19697,0.09592,0.277778,0.579177,0.8580.354177,0.066667,0.045455,0.10952,0.251938,0.075032,0.858268,0.917323,0.598425,0.163112,1,0,0,0,0,0,0,0,0,0,0,0,1,0,0,0,0,0,0,0,0,0,0,0,0,0,0,0,0,0,0,0,0,0,0,0,0,0,0,0,0,0,0,0,20.353177,0.188889,0.106061,0.088762,0.249354,0.078404,0.893701,0.889764,0.523622,0.163112,1,0,0,0,0,0,0,0,0,0,0,0,1,0,0,0,0,0,0,0,0,0,0,0,0,0,0,0,0,0,0,0,0,0,0,0,0,0,0,0,0,0,0,0,2
java.lang.NumberFormatException: multiple points
linha fdp!!!!
0.589295,0.275,0.136364,0.273443,0.334625,0.7602920.573787,0.2,0.181818,0.198282,0.339793,0.74034,0.92126,0.850394,0.440945,0.071239,1,0,0,0,0,0,0,0,0,0,0,0,0,0,0,0,0,0,0,0,0,0,0,0,0,0,0,0,0,0,0,0,0,1,0,0,0,0,0,0,0,0,0,0,20.570785,0.186111,0.19697,0.182534,0.337209,0.736687,0.913386,0.846457,0.440945,0.067057,1,0,0,0,0,0,0,0,0,0,0,0,0,0,0,0,0,0,0,0,0,0,0,0,0,0,0,0,0,0,0,0,0,1,0,0,0,0,0,0,0,0,0,0,2
java.lang.NumberFormatException: multiple points
linha fdp!!!!
0.517759,0.116667,0.090909,0.19184,0.27390.494247,0.363889,0.227273,0,0.223514,0.753126,0.956693,0.909449,0.440945,0.081138,1,0,0,0,0,0,0,0,0,0,0,0,0,0,0,0,0,0,0,0,0,0,0,0,0,0,1,0,0,0,0,0,0,0,0,0,0,0,0,0,0,0,0,0,2
java.lang.NumberFormatException: multiple points
linha fdp!!!!
0.543272,0.852778,0.106061,0.198282,0.294574,0.4641,0.791339,0.929134,0.68890.636818,0.188889,0.166667,0.136006,0.25323,0.425039,0.913386,0.858268,0.464567,0.450439,1,0,0,0,0,0,0,0,0,0,0,0,0,0,0,0,0,0,0,0,0,0,0,0,0,0,0,0,0,0,0,0,0,1,0,0,0,0,0,0,0,0,0,0,1
java.lang.NumberFormatException: multiple points
linha fdp!!!!
0.613807,0.1,0.090909,0.088762,0.2510.552276,0.216667,0.227273,0.021475,0.232558,0.520585,0.937008,0.830709,0.393701,0.204238,1,0,0,0,0,0,0,0,0,0,0,0,0,0,0,0,0,0,0,0,0,0,0,0,0,0,0,0,0,0,0,0,0,1,0,0,0,0,0,0,0,0,0,0,20.548774,0.216667,0.19697,0,0.223514,0.518336,0.933071,0.846457,0.417323,0.207584,1,0,0,0,0,0,0,0,0,0,0,0,0,0,0,0,0,0,0,0,0,0,0,0,0,0,1,0,0,0,0,0,0,0,0,0,0,0,0,0,0,0,0,0,2
java.lang.NumberFormatException: multiple points
linha fdp!!!!
0.388194,0.319444,0.151515,0.214746,0.186047,0.155403,0.933071,0.909449,0.4842520.571286,0.055556,0.075758,0.085898,0.213178,0.579177,0.854331,0.901575,0.590551,0.136205,1,0,0,0,0,0,0,0,0,0,0,0,0,0,0,0,0,0,0,0,0,0,0,0,0,0,0,0,0,0,0,0,1,0,0,0,0,0,0,0,0,0,0,0,2
java.lang.NumberFormatException: multiple points
linha fdp!!!!
0.626313,0.058333,0.151515,0.317108,0.321705,0.683996,0.84252,0.862200.397699,0.183333,0.242424,0.10952,0.248062,0.166362,0.92126,0.814961,0.397638,0.136205,1,0,0,0,0,0,0,0,0,0,0,0,0,0,0,0,0,0,0,0,0,0,0,0,0,0,0,0,0,0,0,0,0,1,0,0,0,0,0,0,0,0,0,0,20.392696,0.202778,0.287879,0.107373,0.235142,0.162147,0.937008,0.791339,0.338583,0.137042,1,0,0,0,0,0,0,0,0,0,0,0,0,0,0,0,0,0,0,0,0,0,0,0,0,0,0,0,0,0,0,0,0,1,0,0,0,0,0,0,0,0,0,0,2
java.lang.NumberFormatException: multiple points
linha fdp!!!!
0.567284,0.341667,0.257576,0.236936,0.28553,0.570606,0.968504,0.880.627314,0.258333,0.257576,0.04796,0.249354,0.581706,0.964567,0.834646,0.354331,0.409452,1,0,0,0,0,0,0,0,0,0,0,0,0,0,0,0,0,0,0,0,0,0,0,0,0,0,0,0,0,0,0,0,1,0,0,0,0,0,0,0,0,0,0,0,10.622311,0.25,0.272727,0.030064,0.236434,0.585921,0.964567,0.818898,0.334646,0.407082,1,0,0,0,0,0,0,0,0,0,0,0,0,0,0,0,0,0,0,0,0,0,0,0,0,0,0,0,0,0,0,0,1,0,0,0,0,0,0,0,0,0,0,0,1
java.lang.NumberFormatException: multiple points
linha fdp!!!!
0.616808,0.952778,0.272727,0.121680.561781,0.130556,0.136364,0.231926,0.245478,0.68779,0.877953,0.870079,0.519685,0.365677,1,0,0,0,0,0,0,0,0,0,0,0,0,0,0,0,0,0,0,0,0,0,0,0,0,0,1,0,0,0,0,0,0,0,0,0,0,0,0,0,0,0,0,0,1
java.lang.NumberFormatException: multiple points
linha fdp!!!!
0.504252,0.402778,0.136364,0.021475,0.2248060.637319,0.125,0.136364,0.231926,0.284238,0.735563,0.877953,0.870079,0.523622,0.074446,1,0,0,0,0,0,0,0,0,0,0,0,0,0,0,0,0,0,0,0,0,0,0,0,0,0,0,0,0,0,0,0,1,0,0,0,0,0,0,0,0,0,0,0,10.635318,0.177778,0.121212,0.23622,0.275194,0.733174,0.897638,0.88189,0.507874,0.077095,1,0,0,0,0,0,0,0,0,0,0,0,0,0,0,0,0,0,0,0,0,0,0,0,0,0,0,0,0,0,0,0,1,0,0,0,0,0,0,0,0,0,0,0,1
java.lang.NumberFormatException: multiple points
linha fdp!!!!
0.507254,0.519444,0.212121,0.121689,0.249354,0.41717,0.870079,0.9800.553277,0.125,0.121212,0.021475,0.22093,0.722074,0.877953,0.874016,0.527559,0.369441,1,0,0,0,0,0,0,0,0,0,0,0,0,0,0,0,0,0,0,0,0,0,1,0,0,0,0,0,0,0,0,0,0,0,0,0,0,0,0,0,0,0,0,0,1
java.lang.NumberFormatException: multiple points
linha fdp!!!!
0.506753,0.313889,0.30303,0.030064,0.239010.513257,0.383333,0.287879,0.030064,0.24677,0.438387,0.964567,0.905512,0.409449,0.396208,1,0,0,0,0,0,0,0,0,0,0,0,0,0,0,0,0,0,0,0,0,0,0,0,0,0,0,0,0,0,0,0,1,0,0,0,0,0,0,0,0,0,0,0,2
java.lang.NumberFormatException: multiple points
linha fdp!!!!
0.665333,0.220.628814,0.880556,0.166667,0.088762,0.24031,0.587186,0.751969,0.909449,0.704724,0.175798,1,0,0,0,0,0,0,0,0,0,0,0,0,0,0,0,0,0,0,0,0,0,0,0,0,0,0,0,0,0,0,0,1,0,0,0,0,0,0,0,0,0,0,0,1
java.lang.NumberFormatException: multiple points
linha fdp!!!!
0.508254,0.0970.643322,0.905556,0.106061,0.137437,0.288114,0.628917,0.799213,0.913386,0.661417,0.177471,1,0,0,0,0,0,0,0,0,0,0,0,0,0,0,0,0,0,0,0,0,0,0,0,0,0,0,0,0,0,0,0,1,0,0,0,0,0,0,0,0,0,0,0,1
java.lang.NumberFormatException: multiple points
linha fdp!!!!
0.528764,0.113889,0.136364,0.23622,0.255814,0.00.676338,0.758333,0.060606,0.212598,0.250646,0.850639,0.822835,0.948819,0.669291,0.245504,1,0,0,0,0,0,0,0,0,0,0,0,0,0,0,0,0,0,0,0,0,0,0,0,0,1,0,0,0,0,0,0,0,0,0,0,0,0,0,0,0,0,0,0,20.677339,0.766667,0.075758,0.228346,0.25323,0.848251,0.814961,0.948819,0.681102,0.247177,1,0,0,0,0,0,0,0,0,0,0,0,0,0,0,0,0,0,0,0,0,0,0,0,0,1,0,0,0,0,0,0,0,0,0,0,0,0,0,0,0,0,0,0,2
java.lang.NumberFormatException: multiple points
linha fdp!!!!
0.600.595798,0.841667,0.181818,0.04796,0.236434,0.501194,0.740157,0.92126,0.73622,0.067475,1,0,0,0,0,0,0,0,0,0,0,0,0,0,0,0,0,0,0,0,0,0,1,0,0,0,0,0,0,0,0,0,0,0,0,0,0,0,0,0,0,0,0,0,1
java.lang.NumberFormatException: multiple points
linha fdp!!!!
0.617309,0.019444,0.151515,0.10952,0.273902,0.260222,0.818898,0.866142,0.586614,0.0.545273,0.202778,0.19697,0.085898,0.235142,0.094281,0.925197,0.838583,0.42126,0.277708,1,0,0,0,0,0,0,0,0,0,0,0,0,0,0,0,0,0,0,0,0,0,0,0,0,0,0,0,0,0,0,0,1,0,0,0,0,0,0,0,0,0,0,0,20.54077,0.205556,0.227273,0.085898,0.223514,0.090066,0.933071,0.822835,0.389764,0.275199,1,0,0,0,0,0,0,0,0,0,0,0,0,0,0,0,0,0,0,0,0,0,0,0,0,0,0,0,0,0,0,0,1,0,0,0,0,0,0,0,0,0,0,0,2
java.lang.NumberFormatException: multiple points
linha fdp!!!!
0.661331,0.741667,0.212121,0.191840.666333,0.130556,0.121212,0,0.223514,0.769987,0.877953,0.874016,0.523622,0.136763,1,0,0,0,0,0,0,0,0,0,0,0,0,0,0,0,0,0,0,0,0,0,0,0,0,1,0,0,0,0,0,0,0,0,0,0,0,0,0,0,0,0,0,0,1
java.lang.NumberFormatException: multiple points
linha fdp!!!!
0.697849,0.061111,0.136364,0.125268,0.262274,0.44485,0.84252,0.866142,0.555118,0.291230.682341,0.102778,0.075758,0,0.223514,0.8453,0.866142,0.901575,0.570866,0.062178,1,0,0,0,0,0,0,0,0,0,0,0,0,0,0,0,0,0,0,0,0,0,0,0,0,0,1,0,0,0,0,0,0,0,0,0,0,0,0,0,0,0,0,0,10.681841,0.047222,0.075758,0,0.223514,0.841506,0.850394,0.901575,0.594488,0.066081,1,0,0,0,0,0,0,0,0,0,0,0,0,0,0,0,0,0,0,0,0,0,0,0,0,0,1,0,0,0,0,0,0,0,0,0,0,0,0,0,0,0,0,0,1
java.lang.NumberFormatException: multiple points
linha fdp!!!!
0.671336,0.980556,0.090909,0.021475,0.20.704352,0.136111,0.136364,0.107373,0.264858,0.831671,0.88189,0.870079,0.515748,0.075422,1,0,0,0,0,0,0,0,0,0,0,0,0,0,0,0,0,0,0,0,0,0,0,0,0,1,0,0,0,0,0,0,0,0,0,0,0,0,0,0,0,0,0,0,1
java.lang.NumberFormatException: multiple points
linha fdp!!!!
0.684342,0.05,0.160.437219,0.216667,0.469697,0.085898,0.339793,0.017423,0.952756,0.65748,0.125984,0.296947,1,0,0,0,0,0,0,0,0,0,0,0,0,0,0,0,0,0,0,0,0,0,0,0,0,0,0,0,0,0,0,0,0,1,0,0,0,0,0,0,0,0,0,0,50.428214,0.208333,0.484848,0.064424,0.312661,0.013348,0.940945,0.641732,0.114173,0.297086,1,0,0,0,0,0,0,0,0,0,0,0,0,0,0,0,0,0,0,0,0,0,0,0,0,0,0,0,0,0,0,0,0,1,0,0,0,0,0,0,0,0,0,0,5
java.lang.NumberFormatException: multiple points
linha fdp!!!!
0.507254,0.95,0.287879,0.09592,0.249354,0.235211,0.704724,0.820.743372,0.780556,0.166667,0.367931,0.229974,0.475481,0.748031,0.948819,0.751969,0.226126,1,0,0,0,0,0,0,0,0,0,0,0,0,0,0,0,0,0,0,0,0,0,0,0,0,0,0,0,0,0,0,0,0,0,0,0,0,0,0,0,0,0,1,0,1
java.lang.NumberFormatException: multiple points
linha fdp!!!!
0.704852,0.4,0.130.588794,0.333333,0.136364,0.423765,0.187339,0.171702,0.929134,0.913386,0.5,0.176495,1,0,0,0,0,0,0,0,0,0,0,0,0,0,0,0,0,0,0,0,0,0,0,0,0,0,0,0,0,0,0,0,1,0,0,0,0,0,0,0,0,0,0,0,2
java.lang.NumberFormatException: multiple points
linha fdp!!!!
0.340.469235,0.136111,0.151515,0.150322,0.232558,0.058592,0.88189,0.862205,0.503937,0.099401,1,0,0,0,0,0,0,0,0,0,0,0,0,0,0,0,0,0,0,0,0,0,0,0,0,0,0,0,0,0,0,0,0,1,0,0,0,0,0,0,0,0,0,0,2
java.lang.NumberFormatException: multiple points
linha fdp!!!!
0.492746,0.569444,0.0.485243,0.102778,0.378788,0.163207,0.281654,0.133905,0.826772,0.700787,0.358268,0.293601,0,0,1,0,0,0,0,0,0,0,0,0,0,0,0,0,0,0,0,0,0,0,0,0,0,0,0,1,0,0,0,0,0,0,0,0,0,0,0,0,0,0,0,0,20.481241,0.1,0.393939,0.173228,0.343669,0.135731,0.818898,0.688976,0.350394,0.294437,0,0,1,0,0,0,0,0,0,0,0,0,0,0,0,0,0,0,0,0,0,0,0,0,0,0,0,1,0,0,0,0,0,0,0,0,0,0,0,0,0,0,0,0,2
java.lang.NumberFormatException: multiple points
linha fdp!!!!
0.493747,0.0.490245,0.188889,0.287879,0.269148,0.468992,0.157932,0.929134,0.783465,0.34252,0.071936,0,0,1,0,0,0,0,0,0,0,0,0,0,0,0,0,0,0,0,0,0,0,0,0,0,0,0,0,0,0,0,0,0,0,0,0,1,0,0,0,0,0,0,0,6
java.lang.NumberFormatException: multiple points
linha fdp!!!!
0.523762,0.152778,0.348485,0.10952,0.241602,0.096951,0.893701,0.728346,0.314961,0.2630.129065,0.05,0.439394,0.176807,0.419897,0.040045,0.728346,0.65748,0.413386,0.020912,0,0,0,1,0,0,0,0,0,0,0,0,0,1,0,0,0,0,0,0,0,0,0,0,0,0,0,0,0,0,0,0,0,0,0,0,0,0,0,0,0,0,0,0,30.124562,0.136111,0.439394,0.156049,0.421189,0.03597,0.854331,0.645669,0.244094,0.016729,0,0,0,1,0,0,0,0,0,0,0,0,0,1,0,0,0,0,0,0,0,0,0,0,0,0,0,0,0,0,0,0,0,0,0,0,0,0,0,0,0,0,0,0,3
java.lang.NumberFormatException: multiple points
linha fdp!!!!
0.157579,0.327778,0.424242,0.030064,0.2493540.423712,0.669444,0.560606,0.077309,0.29845,0.216243,0.503937,0.948819,0.909449,0.188624,0,0,1,0,0,0,0,1,0,0,0,0,0,0,0,0,0,0,0,0,0,0,0,0,0,0,0,0,0,0,0,0,0,0,0,0,0,0,0,0,0,0,0,0,2
java.lang.NumberFormatException: multiple points
linha fdp!!!!
0.583792,0.008333,0.227273,0.214746,0.280.482741,0.258333,0.287879,0.090909,0.250646,0.113531,0.968504,0.814961,0.322835,0.034435,0,0,1,0,0,0,0,0,0,0,0,0,0,0,0,0,0,0,0,0,0,0,0,0,0,0,0,0,0,0,0,0,0,0,0,0,1,0,0,0,0,0,0,0,20.476738,0.258333,0.287879,0.077309,0.241602,0.114655,0.968504,0.814961,0.322835,0.038617,0,0,1,0,0,0,0,0,0,0,0,0,0,0,0,0,0,0,0,0,0,0,0,0,0,0,0,0,0,0,0,0,0,0,0,0,1,0,0,0,0,0,0,0,2
java.lang.NumberFormatException: multiple points
linha fdp!!!!
0.149575,0.147222,0.393939,0.214746,0.492248,0.045525,0.88189,0.692913,0.27550.725363,0.6,0.19697,0.474588,0.329457,0.598145,0.814961,0.992126,0.704724,0.273805,1,0,0,0,0,0,0,0,0,0,0,0,0,0,0,0,0,0,0,0,0,0,0,0,0,0,0,0,0,0,0,0,0,0,0,0,0,0,0,0,0,1,0,0,7
java.lang.NumberFormatException: multiple points
linha fdp!!!!
0.1500.214107,0.936111,0.439394,0.064424,0.270026,0.021076,0.562992,0.732283,0.685039,0.130768,0,0,0,1,0,0,0,0,0,0,0,0,0,1,0,0,0,0,0,0,0,0,0,0,0,0,0,0,0,0,0,0,0,0,0,0,0,0,0,0,0,0,0,0,2
java.lang.NumberFormatException: multiple points
linha fdp!!!!
0.2360.503752,0.105556,0.257576,0.346457,0.366925,0.202613,0.858268,0.791339,0.444882,0.113202,0,0,1,0,0,0,0,0,0,0,0,0,0,0,0,0,0,0,0,0,0,0,0,0,0,0,0,0,0,0,0,1,0,0,0,0,0,0,0,0,0,0,0,0,2
java.lang.NumberFormatException: multiple points
linha fdp!!!!
0.694847,0.563889,0.348485,0.23622,0.25830.630815,0.555556,0.363636,0.09592,0.189922,0.297035,0.799213,0.992126,0.677165,0.494354,1,0,0,0,0,0,0,0,0,0,0,0,0,0,0,0,0,0,0,0,0,0,0,0,0,0,0,0,0,0,0,0,1,0,0,0,0,0,0,0,0,0,0,0,1
java.lang.NumberFormatException: multiple points
linha fdp!!!!
0.264132,0.033333,0.0.566783,0.286111,0.045455,0,0.223514,0.309119,0.885827,0.925197,0.570866,0.576746,1,0,0,0,0,0,0,0,0,0,0,0,0,0,0,0,0,0,0,0,0,0,0,0,0,0,1,0,0,0,0,0,0,0,0,0,0,0,0,0,0,0,0,0,1
java.lang.NumberFormatException: multiple points
linha fdp!!!!
0.0.645323,0.147222,0.242424,0,0.223514,0.440776,0.893701,0.80315,0.417323,0.532413,1,0,0,0,0,0,0,0,0,0,0,0,0,0,0,0,0,0,0,0,0,0,0,0,0,1,0,0,0,0,0,0,0,0,0,0,0,0,0,0,0,0,0,0,1
java.lang.NumberFormatException: multiple points
linha fdp!!!!
0.721861,0.169444,0.363636,0.09592,0.286820.761881,0.261111,0.212121,0.128848,0.241602,0.584094,0.948819,0.858268,0.405512,0.570194,1,0,0,0,0,0,0,0,0,0,0,0,0,0,0,0,0,0,0,0,0,0,0,0,0,0,0,0,0,0,0,0,0,0,0,0,0,0,0,0,0,0,1,0,7
java.lang.NumberFormatException: multiple points
learning evaluation instances,Wall Time (Actual Time),Avg Delay (ms),outRate (inst/s),classified instances,classifications correct (percent),Kappa Statistic (percent),Kappa Temporal Statistic (percent),Kappa M Statistic (percent),F1 Score (percent),F1 Score for class 0 (percent),F1 Score for class 1 (percent),F1 Score for class 2 (percent),F1 Score for class 3 (percent),F1 Score for class 4 (percent),F1 Score for class 5 (percent),F1 Score for class 6 (percent),Precision (percent),Precision for class 0 (percent),Precision for class 1 (percent),Precision for class 2 (percent),Precision for class 3 (percent),Precision for class 4 (percent),Precision for class 5 (percent),Precision for class 6 (percent),Recall (percent),Recall for class 0 (percent),Recall for class 1 (percent),Recall for class 2 (percent),Recall for class 3 (percent),Recall for class 4 (percent),Recall for class 5 (percent),Recall for class 6 (percent),model training instances,model serialized size (bytes),ensemble size,[avg] model training instances,[err] model training instances,[avg] model serialized size (bytes),[err] model serialized size (bytes),[avg] tree size (nodes),[err] tree size (nodes),[avg] tree size (leaves),[err] tree size (leaves),[avg] active learning leaves,[err] active learning leaves,[avg] tree depth,[err] tree depth,[avg] active leaf byte size estimate,[err] active leaf byte size estimate,[avg] inactive leaf byte size estimate,[err] inactive leaf byte size estimate,[avg] byte size estimate overhead,[err] byte size estimate overhead
105550.0,600.02001953125,162.0,175.91079711914062,105500.0,78.99905213270142,52.6508941772828,-270.9358781181986,39.5701505564041,51.935409554698296,?,60.46852122986823,87.1713985278654,69.4419306184012,71.53094462540717,34.23485107839781,15.657967795669073,60.599891074346516,0.0,82.2350818244042,79.5871834873395,73.00983190612116,68.88331242158094,57.537399309551205,62.94642857142857,45.4386583469777,0.0,47.81303136644839,96.35333430190323,66.20649985619788,74.39024390243902,24.366471734892787,8.941027266962587,0.0,1.0,25.0,79022.31999999998,48306.05160563908,1.0,0.0,24.480000000000004,19.08996245849286,12.559999999999995,9.544108130150242,12.559999999999995,9.544108130150242,5.719999999999999,3.747443573068623,0.0,0.0,0.0,0.0,1.0,0.0
