Connected!
linha fdp!!!!
0.667834,0.591667,0.287879,0.576235,0.364341,0.052831,0.780.811406,0.016667,0.19697,0.425197,0.509044,0.174652,0.799213,0.84252,0.57874,0.238394,0,1,0,0,0,0,0,0,0,0,0,0,0,0,0,0,0,0,0,0,0,0,0,0,0,0,0,0,0,0,0,0,0,0,0,0,0,0,0,0,0,0,0,1,70.586793,0.155556,0.106061,0.150322,0.270026,0.090769,0.885827,0.889764,0.531496,0.175659,0,0,1,0,0,0,0,0,0,0,0,0,0,0,0,0,0,0,0,0,0,0,0,0,0,0,1,0,0,0,0,0,0,0,0,0,0,0,0,0,0,0,0,0,2
java.lang.NumberFormatException: multiple points
linha fdp!!!!
0.083042,0.250.186593,0.808333,0.424242,0.030064,0.244186,0.103695,0.519685,0.874016,0.885827,0.224174,0,0,0,1,0,0,0,0,0,0,0,0,0,1,0,0,0,0,0,0,0,0,0,0,0,0,0,0,0,0,0,0,0,0,0,0,0,0,0,0,0,0,0,0,30.242621,0.941667,0.469697,0.173228,0.413437,0.118168,0.547244,0.704724,0.665354,0.208002,0,0,0,1,0,0,0,0,0,0,0,0,0,1,0,0,0,0,0,0,0,0,0,0,0,0,0,0,0,0,0,0,0,0,0,0,0,0,0,0,0,0,0,0,3
java.lang.NumberFormatException: multiple points
linha fdp!!!!
0.411706,0.05,0.075758,0.271296,0.223514,0.230294,0.850394,0.905512,0.590.515758,0.852778,0.257576,0.030064,0.24031,0.734298,0.673228,0.893701,0.771654,0.603513,1,0,0,0,0,0,0,0,0,0,0,0,0,0,0,0,0,0,0,0,0,0,0,0,0,0,0,1,0,0,0,0,0,0,0,0,0,0,0,0,0,0,0,0,10.518759,0.875,0.272727,0.04796,0.25323,0.730223,0.669291,0.877953,0.755906,0.607556,1,0,0,0,0,0,0,0,0,0,0,0,0,0,0,0,0,0,0,0,0,0,0,0,0,0,0,1,0,0,0,0,0,0,0,0,0,0,0,0,0,0,0,0,1
java.lang.NumberFormatException: multiple points
linha fdp!!!!
0.630315,0.547222,0.0.625313,0.511111,0.060606,0.150322,0.223514,0.933399,0.866142,0.952756,0.61811,0.374878,1,0,0,0,0,0,0,0,0,0,0,0,0,0,0,0,0,0,0,0,0,0,0,0,0,0,0,0,0,0,0,0,1,0,0,0,0,0,0,0,0,0,0,0,2
java.lang.NumberFormatException: multiple points
linha fdp!!!!
0.620.595798,0.469444,0.30303,0.23622,0.260982,0.771392,0.909449,0.96063,0.535433,0.238533,1,0,0,0,0,0,0,0,0,0,0,0,0,0,0,0,0,0,0,0,0,0,0,0,0,0,0,0,0,0,0,0,1,0,0,0,0,0,0,0,0,0,0,0,2
java.lang.NumberFormatException: multiple points
linha fdp!!!!
0.576288,0.305556,0.075758,0.00.654827,0.297222,0.151515,0.258411,0.354005,0.675987,0.933071,0.897638,0.476378,0.232957,1,0,0,0,0,0,0,0,0,0,0,0,0,0,0,0,0,0,0,0,0,0,0,0,0,0,0,0,0,0,0,0,1,0,0,0,0,0,0,0,0,0,0,0,1
java.lang.NumberFormatException: multiple points
linha fdp!!!!
0.512256,0.044444,0.121212,0.19820.482741,0.047222,0.181818,0.09592,0.26615,0.480399,0.826772,0.84252,0.551181,0.817789,1,0,0,0,0,0,0,0,0,0,0,0,0,0,0,0,0,0,0,0,0,0,0,0,0,0,0,0,0,0,0,0,1,0,0,0,0,0,0,0,0,0,0,0,2
java.lang.NumberFormatException: multiple points
linha fdp!!!!
0.530265,0.0.50075,0.925,0.212121,0.030064,0.236434,0.835886,0.740157,0.874016,0.677165,0.63042,1,0,0,0,0,0,0,0,0,0,0,0,0,0,0,0,0,0,0,0,0,0,0,0,0,0,0,1,0,0,0,0,0,0,0,0,0,0,0,0,0,0,0,0,20.502251,0.925,0.212121,0.04796,0.244186,0.832092,0.740157,0.874016,0.677165,0.634044,1,0,0,0,0,0,0,0,0,0,0,0,0,0,0,0,0,0,0,0,0,0,0,0,0,0,0,1,0,0,0,0,0,0,0,0,0,0,0,0,0,0,0,0,2
java.lang.NumberFormatException: multiple points
linha fdp!!!!
0.429715,0.941667,0.10.566283,0.825,0.393939,0.258411,0.409561,0.803007,0.543307,0.870079,0.862205,0.680747,1,0,0,0,0,0,0,0,0,0,0,0,0,0,0,0,0,0,0,0,0,0,0,0,0,0,0,1,0,0,0,0,0,0,0,0,0,0,0,0,0,0,0,0,2
java.lang.NumberFormatException: multiple points
linha fdp!!!!
0.6008,0.336111,0.212121,0.324982,0.472868,0.861739,0.0.509255,0.091667,0.242424,0.136006,0.251938,0.506253,0.846457,0.807087,0.476378,0.753799,1,0,0,0,0,0,0,0,0,0,0,0,0,0,0,0,0,0,0,0,0,0,0,0,0,0,0,0,0,0,0,0,1,0,0,0,0,0,0,0,0,0,0,0,20.507254,0.038889,0.212121,0.14388,0.249354,0.503583,0.811024,0.826772,0.547244,0.750314,1,0,0,0,0,0,0,0,0,0,0,0,0,0,0,0,0,0,0,0,0,0,0,0,0,0,0,0,0,0,0,0,1,0,0,0,0,0,0,0,0,0,0,0,2
java.lang.NumberFormatException: multiple points
linha fdp!!!!
0.4330.582791,0.533333,0.151515,0.279885,0.401809,0.849656,0.862205,0.976378,0.637795,0.695246,1,0,0,0,0,0,0,0,0,0,0,0,0,0,0,0,0,0,0,0,0,0,0,0,0,0,0,0,0,0,0,0,0,1,0,0,0,0,0,0,0,0,0,0,2
java.lang.NumberFormatException: multiple points
linha fdp!!!!
0.569785,0.683333,0.090909,0.354331,0.368217,0.860615,0.818898,0.96063,0.685039,0.73030.691346,0.302778,0.136364,0.486757,0.258398,0.545876,0.925197,0.909449,0.5,0.400669,1,0,0,0,0,0,0,0,0,0,0,0,0,0,0,0,0,0,0,0,0,0,0,0,0,0,1,0,0,0,0,0,0,0,0,0,0,0,0,0,0,0,0,0,1
java.lang.NumberFormatException: multiple points
linha fdp!!!!
0.564782,0.575,0.212121,0.365068,0.325581,0.861599,0.830709,0.992126,0.68500.574787,0.594444,0.075758,0.744452,0.372093,0.807784,0.846457,0.964567,0.653543,0.820717,1,0,0,0,0,0,0,0,0,0,0,0,0,0,0,0,0,0,0,0,0,0,0,0,0,0,0,0,0,0,0,0,1,0,0,0,0,0,0,0,0,0,0,0,2
java.lang.NumberFormatException: multiple points
linha fdp!!!!
0.548274,0.45,0.030303,0.198282,0.236434,0.635661,0.87000.525763,0.183333,0.242424,0.04796,0.24031,0.530561,0.92126,0.811024,0.385827,0.703611,1,0,0,0,0,0,0,0,0,0,0,0,0,0,0,0,0,0,0,0,0,0,0,0,0,0,0,0,0,0,0,0,0,1,0,0,0,0,0,0,0,0,0,0,10.521261,0.172222,0.166667,0.030064,0.224806,0.526486,0.905512,0.850394,0.464567,0.699707,1,0,0,0,0,0,0,0,0,0,0,0,0,0,0,0,0,0,0,0,0,0,0,0,0,0,0,0,0,0,0,0,0,1,0,0,0,0,0,0,0,0,0,0,1
java.lang.NumberFormatException: multiple points
linha fdp!!!!
0.423212,0.138889,0.242424,0.380.536768,0.266667,0.166667,0.077309,0.248062,0.673879,0.937008,0.88189,0.452756,0.597658,1,0,0,0,0,0,0,0,0,0,0,0,0,0,0,0,0,0,0,0,0,0,0,0,0,0,1,0,0,0,0,0,0,0,0,0,0,0,0,0,0,0,0,0,1
java.lang.NumberFormatException: multiple points
linha fdp!!!!
0.558279,0.941667,0.045455,0.121689,0.236434,0.457777,0.834646,0.92126,0.629921,0.9155170.448224,0.3,0.075758,0.125268,0.254522,0.361529,0.901575,0.92126,0.543307,0.25596,1,0,0,0,0,0,0,0,0,0,0,0,0,0,0,1,0,0,0,0,0,0,0,0,0,0,0,0,0,0,0,0,0,0,0,0,0,0,0,0,0,0,0,0,2
java.lang.NumberFormatException: multiple points
linha fdp!!!!
0.502751,0.2,0.090909,0.261274,0.2890.438719,0.405556,0.045455,0.151754,0.25323,0.309822,0.88189,0.940945,0.590551,0.211627,1,0,0,0,0,0,0,0,0,0,0,0,0,0,0,1,0,0,0,0,0,0,0,0,0,0,0,0,0,0,0,0,0,0,0,0,0,0,0,0,0,0,0,0,20.437719,0.175,0.030303,0.137437,0.250646,0.306309,0.870079,0.92126,0.590551,0.207584,1,0,0,0,0,0,0,0,0,0,0,0,0,0,0,1,0,0,0,0,0,0,0,0,0,0,0,0,0,0,0,0,0,0,0,0,0,0,0,0,0,0,0,0,2
java.lang.NumberFormatException: multiple points
linha fdp!!!!
0.5250.553777,0.325,0.19697,0.173228,0.222222,0.637628,0.952756,0.893701,0.440945,0.47623,1,0,0,0,0,0,0,0,0,0,0,0,0,0,0,0,0,0,0,0,0,0,0,0,0,0,0,0,0,0,0,0,1,0,0,0,0,0,0,0,0,0,0,0,1
java.lang.NumberFormatException: multiple points
linha fdp!!!!
0.514757,0.3,0.19697,0.107373,0.27907,0.579739,0.952756,0.88189,0.42910.572786,0.705556,0.166667,0.486042,0.350129,0.834621,0.767717,0.972441,0.751969,0.493099,1,0,0,0,0,0,0,0,0,0,0,0,0,0,0,0,0,0,0,0,0,0,0,0,0,0,0,0,0,0,0,0,1,0,0,0,0,0,0,0,0,0,0,0,20.574787,0.655556,0.19697,0.501074,0.355297,0.838696,0.779528,0.988189,0.744094,0.490729,1,0,0,0,0,0,0,0,0,0,0,0,0,0,0,0,0,0,0,0,0,0,0,0,0,0,0,0,0,0,0,0,1,0,0,0,0,0,0,0,0,0,0,0,2
java.lang.NumberFormatException: multiple points
linha fdp!!!!
0.528764,0.972222,0.060606,0.125268,0.2519380.553277,0.063889,0.212121,0.04796,0.231266,0.538148,0.830709,0.822835,0.519685,0.700683,1,0,0,0,0,0,0,0,0,0,0,0,0,0,0,0,0,0,0,0,0,0,0,0,0,0,0,0,0,0,0,0,1,0,0,0,0,0,0,0,0,0,0,0,20.551776,0.094444,0.181818,0.060845,0.232558,0.542363,0.858268,0.84252,0.511811,0.697198,1,0,0,0,0,0,0,0,0,0,0,0,0,0,0,0,0,0,0,0,0,0,0,0,0,0,0,0,0,0,0,0,1,0,0,0,0,0,0,0,0,0,0,0,2
java.lang.NumberFormatException: multiple points
linha fdp!!!!
0.508254,0.416667,0.227273,0.137437,0.258398,0.487840.373687,0.441667,0.151515,0.171797,0.235142,0.043417,0.909449,0.952756,0.559055,0.174683,1,0,0,0,0,0,0,0,0,0,0,0,0,0,0,1,0,0,0,0,0,0,0,0,0,0,0,0,0,0,0,0,0,0,0,0,0,0,0,0,0,0,0,0,20.371686,0.413889,0.151515,0.150322,0.229974,0.039764,0.92126,0.944882,0.53937,0.171616,1,0,0,0,0,0,0,0,0,0,0,0,0,0,0,1,0,0,0,0,0,0,0,0,0,0,0,0,0,0,0,0,0,0,0,0,0,0,0,0,0,0,0,0,2
java.lang.NumberFormatException: multiple points
linha fdp!!!!
0.43972,0,0.060606,0.060845,0.23385,0.18505,0.842520.664832,0.225,0.151515,0.30136,0.282946,0.406491,0.917323,0.877953,0.476378,0.693434,1,0,0,0,0,0,0,0,0,0,0,0,0,0,0,0,0,0,0,0,0,0,0,0,0,0,0,0,0,0,0,0,1,0,0,0,0,0,0,0,0,0,0,0,1
java.lang.NumberFormatException: multiple points
linha fdp!!!!
0.4007,0.072222,0.242420.395698,0.055556,0.090909,0.09592,0.244186,0.106365,0.850394,0.893701,0.582677,0.237279,1,0,0,0,0,0,0,0,0,0,0,0,0,0,0,0,0,0,0,0,0,0,0,0,0,0,0,0,0,0,0,0,1,0,0,0,0,0,0,0,0,0,0,0,20.395198,0.125,0.045455,0.088762,0.242894,0.102852,0.866142,0.913386,0.586614,0.234072,1,0,0,0,0,0,0,0,0,0,0,0,0,0,0,0,0,0,0,0,0,0,0,0,0,0,0,0,0,0,0,0,1,0,0,0,0,0,0,0,0,0,0,0,2
java.lang.NumberFormatException: multiple points
linha fdp!!!!
0.57979,0.166667,0.257576,0.107373,0.249354,0.625966,0.909449,0.795276,0.3890.643822,0.027778,0.136364,0.395848,0.232558,0.498806,0.826772,0.870079,0.582677,0.516799,1,0,0,0,0,0,0,0,0,0,0,0,0,0,0,0,0,0,0,0,0,0,0,0,0,0,0,0,0,0,0,0,1,0,0,0,0,0,0,0,0,0,0,0,1
java.lang.NumberFormatException: multiple points
linha fdp!!!!
0.506753,0.3690.604302,0.183333,0.090909,0.021475,0.22093,0.587748,0.889764,0.897638,0.53937,0.38157,1,0,0,0,0,0,0,0,0,0,0,0,0,0,0,0,0,0,0,0,0,0,0,0,0,0,0,0,0,0,0,0,1,0,0,0,0,0,0,0,0,0,0,0,10.602801,0.108333,0.151515,0.030064,0.22093,0.590979,0.870079,0.858268,0.515748,0.377527,1,0,0,0,0,0,0,0,0,0,0,0,0,0,0,0,0,0,0,0,0,0,0,0,0,0,0,0,0,0,0,0,1,0,0,0,0,0,0,0,0,0,0,0,1
java.lang.NumberFormatException: multiple points
linha fdp!!!!
0.425213,0.969444,0.166667,0.130279,0.23250.402201,0.163889,0.227273,0.319256,0.226098,0.096951,0.905512,0.814961,0.413386,0.129235,1,0,0,0,0,0,0,0,0,0,0,0,0,0,0,0,0,0,0,0,0,0,0,0,0,0,0,0,0,0,0,0,1,0,0,0,0,0,0,0,0,0,0,0,2
java.lang.NumberFormatException: multiple points
linha fdp!!!!
0.41921,0.077778,0.136364,0.170.573787,0.275,0.151515,0.151754,0.257106,0.653365,0.929134,0.893701,0.476378,0.008365,1,0,0,0,0,0,0,0,0,0,0,0,0,0,0,0,0,0,0,0,0,0,0,0,0,0,0,0,0,0,0,0,1,0,0,0,0,0,0,0,0,0,0,0,20.570785,0.15,0.121212,0.137437,0.249354,0.650274,0.885827,0.874016,0.511811,0.009341,1,0,0,0,0,0,0,0,0,0,0,0,0,0,0,0,0,0,0,0,0,0,0,1,0,0,0,0,0,0,0,0,0,0,0,0,0,0,0,0,0,0,0,0,2
java.lang.NumberFormatException: multiple points
linha fdp!!!!
0.593797,0.2,0.015152,0.14388,0.249354,0.64086,0.862205,0.0.435218,0.397222,0.030303,0.410165,0.368217,0.167065,0.877953,0.937008,0.594488,0.10665,1,0,0,0,0,0,0,0,0,0,0,0,0,0,0,1,0,0,0,0,0,0,0,0,0,0,0,0,0,0,0,0,0,0,0,0,0,0,0,0,0,0,0,0,20.433217,0.338889,0.090909,0.38869,0.363049,0.166362,0.909449,0.925197,0.53937,0.102886,1,0,0,0,0,0,0,0,0,0,0,0,0,0,0,1,0,0,0,0,0,0,0,0,0,0,0,0,0,0,0,0,0,0,0,0,0,0,0,0,0,0,0,0,2
java.lang.NumberFormatException: multiple points
linha fdp!!!!
0.3926960.535268,0.95,0.166667,0.021475,0.231266,0.526205,0.775591,0.877953,0.649606,0.187927,1,0,0,0,0,0,0,0,0,0,0,0,0,0,0,0,0,0,0,0,0,0,1,0,0,0,0,0,0,0,0,0,0,0,0,0,0,0,0,0,0,0,0,0,2
java.lang.NumberFormatException: multiple points
linha fdp!!!!
0.533767,0.858333,0.181818,0.107373,0.258398,0.40.610805,0.9,0.060606,0.128848,0.262274,0.656175,0.822835,0.925197,0.649606,0.119058,1,0,0,0,0,0,0,0,0,0,0,0,0,0,0,0,0,0,0,0,0,0,0,0,0,0,0,0,0,0,0,0,1,0,0,0,0,0,0,0,0,0,0,0,1
java.lang.NumberFormatException: multiple points
linha fdp!!!!
0.494747,0.322222,0.19697,0.021475,0.223514,0.377687,0.952756,0.8937010.514757,0.313889,0.181818,0.10952,0.25969,0.43923,0.944882,0.897638,0.46063,0.378921,1,0,0,0,0,0,0,0,0,0,0,0,0,0,0,0,0,0,0,0,0,0,0,0,0,0,0,0,0,0,0,0,1,0,0,0,0,0,0,0,0,0,0,0,2
java.lang.NumberFormatException: multiple points
linha fdp!!!!
0.629815,0.96380.578289,0.761111,0.166667,0.154617,0.276486,0.595335,0.748031,0.956693,0.755906,0.325945,1,0,0,0,0,0,0,0,0,0,0,0,0,0,0,0,0,0,0,0,0,0,0,0,0,0,0,0,0,0,0,0,1,0,0,0,0,0,0,0,0,0,0,0,2
java.lang.NumberFormatException: multiple points
linha fdp!!!!
0.596798,0.172222,0.090909,0.042949,0.220.653327,0.322222,0.121212,0.23121,0.245478,0.731628,0.925197,0.913386,0.507874,0.366653,1,0,0,0,0,0,0,0,0,0,0,0,0,0,0,0,0,0,0,0,0,0,0,0,0,0,0,0,0,0,0,0,1,0,0,0,0,0,0,0,0,0,0,0,2
java.lang.NumberFormatException: multiple points
linha fdp!!!!
0.638319,0.375,0,0.042949,0.223514,0.566810.58079,0.841667,0.151515,0.228346,0.301034,0.321484,0.759843,0.925197,0.720472,0.074864,1,0,0,0,0,0,0,0,0,0,0,0,0,0,0,0,0,0,0,0,0,0,0,0,0,0,0,0,0,0,0,0,1,0,0,0,0,0,0,0,0,0,0,0,2
java.lang.NumberFormatException: multiple points
linha fdp!!!!
0.546773,0,0.0757580.582291,0.983333,0.075758,0.030064,0.226098,0.431502,0.834646,0.909449,0.61811,0.058692,1,0,0,0,0,0,0,0,0,0,0,0,0,0,0,0,0,0,0,0,0,0,0,0,0,0,1,0,0,0,0,0,0,0,0,0,0,0,0,0,0,0,0,0,10.582791,0.969444,0.075758,0.021475,0.223514,0.427427,0.830709,0.913386,0.625984,0.062875,1,0,0,0,0,0,0,0,0,0,0,0,0,0,0,0,0,0,0,0,0,0,0,0,0,0,1,0,0,0,0,0,0,0,0,0,0,0,0,0,0,0,0,0,1
java.lang.NumberFormatException: multiple points
linha fdp!!!!
0.681341,0.95,0.015152,0.04796,0.22739,0.450752,0.854331,0.0.585293,0,0.015152,0.077309,0.223514,0.18505,0.854331,0.929134,0.614173,0.378224,1,0,0,0,0,0,0,0,0,0,0,0,0,0,0,0,0,0,0,0,0,0,0,0,0,0,1,0,0,0,0,0,0,0,0,0,0,0,0,0,0,0,0,0,1
java.lang.NumberFormatException: multiple points
linha fdp!!!!
0.726863,0.244444,0.212121,0.30136,0.324289,0.532387,0.944882,0.850394,0.405512,0.2190.421211,0.105556,0.318182,0.064424,0.213178,0.018828,0.846457,0.740157,0.389764,0.190715,1,0,0,0,0,0,0,0,0,0,0,0,0,0,0,0,0,0,0,0,0,0,0,0,0,0,0,0,0,0,0,0,0,1,0,0,0,0,0,0,0,0,0,0,2
java.lang.NumberFormatException: multiple points
linha fdp!!!!
0.321161,0.930556,0.439394,0.021475,0.24031,0.158634,0.562990.405203,0.752778,0.530303,0.115963,0.326873,0.145567,0.429134,0.889764,0.956693,0.138018,0,0,1,0,0,0,0,0,0,0,0,0,0,0,0,0,0,0,0,0,0,0,0,0,0,0,0,1,0,0,0,0,0,0,0,0,0,0,0,0,0,0,0,0,2
java.lang.NumberFormatException: multiple points
linha fdp!!!!
0.66033,0.897222,0.151515,0.064424,0.223514,0.265842,0.767717,0.905512,0.60.465733,0.033333,0.393939,0.413028,0.563307,0.15203,0.724409,0.704724,0.480315,0.120731,0,0,1,0,0,0,0,0,0,0,0,0,0,0,0,0,0,0,0,0,0,0,0,0,0,0,0,0,0,0,0,0,0,0,0,0,1,0,0,0,0,0,0,0,2
java.lang.NumberFormatException: multiple points
linha fdp!!!!
0.425713,0.213889,0.454545,0.088762,0.276486,0.225095,0.948819,0.673228,0.153543,0.1850.08054,0.983333,0.560606,0.171797,0.444444,0.029507,0.531496,0.590551,0.531496,0.109996,0,0,0,1,0,0,0,0,1,0,0,0,0,0,0,0,0,0,0,0,0,0,0,0,0,0,0,0,0,0,0,0,0,0,0,0,0,0,0,0,0,0,0,0,6
java.lang.NumberFormatException: multiple points
linha fdp!!!!
0.546773,0.730556,0.454545,0.137437,0.316537,0.1260.409205,0.697222,0.393939,0.030064,0.236434,0.208936,0.598425,0.972441,0.885827,0.192388,0,0,1,0,0,0,0,1,0,0,0,0,0,0,0,0,0,0,0,0,0,0,0,0,0,0,0,0,0,0,0,0,0,0,0,0,0,0,0,0,0,0,0,0,20.417709,0.677778,0.454545,0.04796,0.258398,0.211747,0.570866,0.968504,0.893701,0.19657,0,0,1,0,0,0,0,1,0,0,0,0,0,0,0,0,0,0,0,0,0,0,0,0,0,0,0,0,0,0,0,0,0,0,0,0,0,0,0,0,0,0,0,0,2
java.lang.NumberFormatException: multiple points
linha fdp!!!!
0.477239,0.188889,0.250.034017,0.9,0.030303,0,0.223514,0,0.84252,0.929134,0.629921,0.084623,0,0,0,1,0,0,0,0,0,0,0,0,0,1,0,0,0,0,0,0,0,0,0,0,0,0,0,0,0,0,0,0,0,0,0,0,0,0,0,0,0,0,0,0,3
java.lang.NumberFormatException: multiple points
linha fdp!!!!
0.45973,0.319444,0.393939,0.068003,0.264858,0.122524,1,0.80315,0.240150.185093,0.277778,0.393939,0,0.223514,0.134888,0.992126,0.771654,0.220472,0.136484,0,0,0,1,0,0,0,0,0,1,0,0,0,0,0,0,0,0,0,0,0,0,0,0,0,0,0,0,0,0,0,0,0,0,0,0,0,0,0,0,0,0,0,0,30.141071,0.372222,0.30303,0.021475,0.21447,0.105381,0.972441,0.893701,0.389764,0.109438,0,0,0,1,0,0,0,0,0,1,0,0,0,0,0,0,0,0,0,0,0,0,0,0,0,0,0,0,0,0,0,0,0,0,0,0,0,0,0,0,0,0,0,0,3
java.lang.NumberFormatException: multiple points
linha fdp!!!!
0.094047,0.927778,0.0.627314,0.552778,0.348485,0.27917,0.138243,0.261908,0.807087,0.992126,0.673228,0.52377,1,0,0,0,0,0,0,0,0,0,0,0,0,0,0,0,0,0,0,0,0,0,0,0,0,0,0,0,0,0,0,0,1,0,0,0,0,0,0,0,0,0,0,0,10.628814,0.544444,0.348485,0.300644,0.131783,0.257693,0.818898,0.992126,0.653543,0.521957,1,0,0,0,0,0,0,0,0,0,0,0,0,0,0,0,0,0,0,0,0,0,0,0,0,0,0,0,0,0,0,0,1,0,0,0,0,0,0,0,0,0,0,0,1
java.lang.NumberFormatException: multiple points
linha fdp!!!!
0.181591,0.088889,0.409091,0.0.524262,0.947222,0.257576,0.198282,0.337209,0.041731,0.712598,0.834646,0.661417,0.195873,1,0,0,0,0,0,0,0,0,0,0,0,0,0,0,0,0,0,0,0,0,0,0,0,0,0,0,0,0,0,0,0,0,1,0,0,0,0,0,0,0,0,0,0,2
java.lang.NumberFormatException: multiple points
linha fdp!!!!
0.521761,0.0.208104,0.158333,0.469697,0.077309,0.299742,0.081776,0.88189,0.629921,0.185039,0.137599,0,0,0,1,1,0,0,0,0,0,0,0,0,0,0,0,0,0,0,0,0,0,0,0,0,0,0,0,0,0,0,0,0,0,0,0,0,0,0,0,0,0,0,0,6
java.lang.NumberFormatException: multiple points
linha fdp!!!!
0.273137,0.936111,0.151515,0.167502,0.352713,0.050724,0.775591,0.80.295648,0.355556,0.121212,0.14388,0.293282,0.128144,0.92126,0.925197,0.523622,0.144988,0,0,0,1,0,0,0,0,0,1,0,0,0,0,0,0,0,0,0,0,0,0,0,0,0,0,0,0,0,0,0,0,0,0,0,0,0,0,0,0,0,0,0,0,30.292146,0.305556,0.242424,0.136006,0.29199,0.128987,0.964567,0.870079,0.393701,0.142061,0,0,0,1,0,0,0,0,1,0,0,0,0,0,0,0,0,0,0,0,0,0,0,0,0,0,0,0,0,0,0,0,0,0,0,0,0,0,0,0,0,0,0,0,3
java.lang.NumberFormatException: multiple points
linha fdp!!!!
0.474737,0.936111,0.212121,0.04796,0.235142,0.346916,0.744094,0.866142,0.669291,0.1600.189595,0.922222,0.30303,0.021475,0.236434,0.068147,0.669291,0.830709,0.700787,0.258609,0,0,0,1,0,0,0,1,0,0,0,0,0,0,0,0,0,0,0,0,0,0,0,0,0,0,0,0,0,0,0,0,0,0,0,0,0,0,0,0,0,0,0,0,3
java.lang.NumberFormatException: multiple points
linha fdp!!!!
0.249125,0.944444,0.220.254627,0.883333,0.30303,0.042949,0.25969,0.051286,0.641732,0.858268,0.755906,0.115433,0,0,0,1,0,0,0,0,0,0,0,0,0,1,0,0,0,0,0,0,0,0,0,0,0,0,0,0,0,0,0,0,0,0,0,0,0,0,0,0,0,0,0,0,3
java.lang.NumberFormatException: multiple points
linha fdp!!!!
0.274137,0.030556,0.075758,0.413028,0.342377,0.0907690.661331,0.827778,0.393939,0.292054,0.370801,0.252635,0.547244,0.866142,0.854331,0.459501,1,0,0,0,0,0,0,0,0,0,0,0,0,0,0,0,0,0,0,0,0,0,0,0,0,0,0,0,0,0,0,0,1,0,0,0,0,0,0,0,0,0,0,0,10.667834,0.85,0.363636,0.312813,0.387597,0.250667,0.57874,0.858268,0.818898,0.456016,1,0,0,0,0,0,0,0,0,0,0,0,0,0,0,0,0,0,0,0,0,0,0,0,0,0,0,0,0,0,0,0,1,0,0,0,0,0,0,0,0,0,0,0,1
java.lang.NumberFormatException: multiple points
linha fdp!!!!
0.552276,0.752778,0.181818,0.064424,0.25323,0.28120.635318,0.694444,0.242424,0.212598,0.332041,0.068006,0.728346,0.984252,0.795276,0.108741,0,0,1,0,0,0,0,0,0,0,0,0,0,0,0,0,0,0,0,0,0,0,0,0,0,0,0,1,0,0,0,0,0,0,0,0,0,0,0,0,0,0,0,0,20.63932,0.661111,0.181818,0.228346,0.342377,0.069833,0.783465,0.984252,0.740157,0.107208,0,0,1,0,0,0,0,0,0,0,0,0,0,0,0,0,0,0,0,0,0,0,0,0,0,0,0,1,0,0,0,0,0,0,0,0,0,0,0,0,0,0,0,0,2
java.lang.NumberFormatException: multiple points
linha fdp!!!!
0.557279,0.044444,0.257576,0.10.613807,0.775,0.181818,0.163207,0.264858,0.088661,0.73622,0.952756,0.76378,0.138436,0,0,1,0,0,0,0,0,0,0,0,0,0,0,0,0,0,0,0,0,0,0,0,0,0,0,0,0,0,0,0,0,0,0,0,1,0,0,0,0,0,0,0,0,20.616308,0.769444,0.166667,0.18325,0.271318,0.088942,0.744094,0.952756,0.759843,0.140248,0,0,1,0,0,0,0,0,0,0,0,0,0,0,0,0,0,0,0,0,0,0,0,0,0,0,0,0,0,0,0,0,0,0,0,1,0,0,0,0,0,0,0,0,2
java.lang.NumberFormatException: multiple points
linha fdp!!!!
0.588294,0.016667,0.106061,0.021475,0.218346,0.455389,0.0.491246,0.008333,0.136364,0.551897,0.366925,0.004215,0.822835,0.88189,0.602362,0.183326,0,0,1,0,0,0,0,0,0,0,0,0,0,0,1,0,0,0,0,0,0,0,0,0,0,0,0,0,0,0,0,0,0,0,0,0,0,0,0,0,0,0,0,0,20.490745,0.022222,0.151515,0.531138,0.365633,0.005901,0.818898,0.862205,0.582677,0.179562,0,0,1,0,0,0,0,0,0,0,0,0,0,0,1,0,0,0,0,0,0,0,0,0,0,0,0,0,0,0,0,0,0,0,0,0,0,0,0,0,0,0,0,0,2
java.lang.NumberFormatException: multiple points
linha fdp!!!!
0.683342,0.113889,0.272727,0.14388,0.223514,0.220599,0.8620.484242,0.075,0.060606,0,0.223514,0.170718,0.858268,0.905512,0.586614,0.342256,0,0,1,0,0,0,0,0,0,0,0,0,0,0,0,0,0,0,0,0,0,0,0,1,0,0,0,0,0,0,0,0,0,0,0,0,0,0,0,0,0,0,0,0,1
java.lang.NumberFormatException: multiple points
linha fdp!!!!
0.563782,0.069444,0.242424,0.107373,0.255814,0.172826,0.826772,0.80315,0.496063,0.13800.709355,0.194444,0.409091,0.27917,0.303618,0.275256,0.933071,0.700787,0.216535,0.328315,1,0,0,0,0,0,0,0,0,0,0,0,0,0,0,0,0,0,0,0,0,0,0,0,0,0,0,0,0,0,0,0,0,0,0,0,0,0,0,0,0,0,1,0,10.704852,0.161111,0.257576,0.259127,0.29199,0.271182,0.905512,0.795276,0.389764,0.330685,1,0,0,0,0,0,0,0,0,0,0,0,0,0,0,0,0,0,0,0,0,0,0,0,0,0,0,0,0,0,0,0,0,0,0,0,0,0,0,0,0,0,1,0,1
java.lang.NumberFormatException: multiple points
linha fdp!!!!
0.837919,0.080556,0.272727,0.408733,0.381137,0.393705,0.830709,0.775591,0.46063,0.2340.627314,0.119444,0.257576,0.125268,0.235142,0.248841,0.870079,0.791339,0.433071,0.109438,0,0,1,0,0,0,0,0,0,0,0,0,0,0,0,0,0,0,0,0,0,0,0,0,0,0,0,0,0,0,0,0,0,0,1,0,0,0,0,0,0,0,0,0,10.624312,0.105556,0.242424,0.130279,0.232558,0.250667,0.858268,0.799213,0.452756,0.112505,0,0,1,0,0,0,0,0,0,0,0,0,0,0,0,0,0,0,0,0,0,0,0,0,0,0,0,0,0,0,0,0,0,0,1,0,0,0,0,0,0,0,0,0,1
java.lang.NumberFormatException: multiple points
linha fdp!!!!
0.584292,0.8860.486743,0.147222,0.106061,0.137437,0.250646,0.203457,0.88189,0.885827,0.531496,0.425763,0,0,1,0,0,0,0,0,0,0,0,0,0,0,0,0,0,0,0,0,0,0,0,0,0,0,1,0,0,0,0,0,0,0,0,0,0,0,0,0,0,0,0,0,1
java.lang.NumberFormatException: multiple points
linha fdp!!!!
0.346673,0.888889,0.5,0.150322,0.401809,0.045525,0.4640.590295,0.794444,0.121212,0.27917,0.228682,0.264578,0.783465,0.944882,0.712598,0.295135,0,0,1,0,0,0,0,0,0,0,0,0,0,0,0,0,0,0,0,0,0,0,0,0,0,0,0,0,0,0,0,0,0,0,1,0,0,0,0,0,0,0,0,0,20.592296,0.788889,0.136364,0.259127,0.191214,0.268512,0.771654,0.944882,0.724409,0.29374,0,0,1,0,0,0,0,0,0,0,0,0,0,0,0,0,0,0,0,0,0,0,0,0,0,0,0,0,0,0,0,0,0,0,1,0,0,0,0,0,0,0,0,0,2
java.lang.NumberFormatException: multiple points
linha fdp!!!!
0.707854,0.230556,0.227273,0.453114,0.275194,0.1980.704852,0.305556,0.151515,0.021475,0.218346,0.553464,0.933071,0.905512,0.484252,0.290534,1,0,0,0,0,0,0,0,0,0,0,0,0,0,0,0,0,0,0,0,0,0,0,0,0,0,0,0,0,0,0,0,0,0,0,0,0,0,0,0,0,1,0,0,7
java.lang.NumberFormatException: multiple points
linha fdp!!!!
0.590295,0.783333,0.151515,0.354331,0.186047,0.266545,0.759843,0.9480.655828,0.038889,0.136364,0.554044,0.346253,0.231558,0.834646,0.874016,0.57874,0.372508,0,0,1,0,0,0,0,0,0,0,0,0,0,0,0,0,0,0,0,0,0,0,0,0,0,0,0,0,0,0,0,0,0,0,0,1,0,0,0,0,0,0,0,0,10.652826,0.094444,0.136364,0.57194,0.338501,0.230715,0.862205,0.870079,0.543307,0.372369,0,0,1,0,0,0,0,0,0,0,0,0,0,0,0,0,0,0,0,0,0,0,0,0,0,0,0,0,0,0,0,0,0,0,0,1,0,0,0,0,0,0,0,0,1
java.lang.NumberFormatException: multiple points
linha fdp!!!!
0.476238,0.25,0.106061,0.173228,0.281654,0.296052,0.909449,0.9015750.366183,0.905556,0.151515,0.077309,0.249354,0.220599,0.767717,0.901575,0.681102,0.176913,0,0,1,0,0,0,0,0,0,0,0,0,0,1,0,0,0,0,0,0,0,0,0,0,0,0,0,0,0,0,0,0,0,0,0,0,0,0,0,0,0,0,0,0,20.366183,0.191667,0.121212,0.077309,0.264858,0.217788,0.901575,0.88189,0.503937,0.176495,0,0,1,0,0,0,0,0,0,0,0,0,0,1,0,0,0,0,0,0,0,0,0,0,0,0,0,0,0,0,0,0,0,0,0,0,0,0,0,0,0,0,0,0,2
java.lang.NumberFormatException: multiple points
linha fdp!!!!
0.618309,0.227778,0.227273,0.090909,0.226098,0.387663,0.94480.336168,0.113889,0.378788,0.04796,0.25323,0.173388,0.838583,0.69685,0.334646,0.234072,0,0,1,0,0,0,0,0,0,0,0,0,0,1,0,0,0,0,0,0,0,0,0,0,0,0,0,0,0,0,0,0,0,0,0,0,0,0,0,0,0,0,0,0,6
java.lang.NumberFormatException: multiple points
linha fdp!!!!
0.447724,0.002778,0.242424,0.173228,0.276486,0.364470.761381,0.869444,0.151515,0.304939,0.29199,0.211466,0.755906,0.913386,0.708661,0.11376,0,0,1,0,0,0,0,0,0,0,0,0,0,0,0,0,0,0,0,0,0,0,0,0,0,0,0,0,0,0,0,0,0,0,0,0,0,0,0,0,0,0,1,0,7
java.lang.NumberFormatException: multiple points
linha fdp!!!!
0.686843,0.355556,0.212121,0.085898,0.267442,0.20.45923,0.125,0.136364,0.367215,0.284238,0.374175,0.877953,0.866142,0.519685,0.268925,0,0,1,0,0,0,0,0,0,0,0,0,0,0,0,0,0,0,0,0,0,0,0,0,0,0,0,0,0,0,0,0,0,0,0,1,0,0,0,0,0,0,0,0,2
java.lang.NumberFormatException: multiple points
linha fdp!!!!
0.402201,0.275,0.272727,0.125268,0.28553,0.326542,0.968504,0.838583,0.350394,0.3348670.756378,0.85,0.242424,0.554044,0.379845,0.143319,0.681102,0.901575,0.767717,0.290534,0,0,1,0,0,0,0,0,0,0,0,0,0,0,0,0,0,0,0,0,0,0,0,0,0,0,0,0,0,0,0,0,0,0,0,1,0,0,0,0,0,0,0,0,1
java.lang.NumberFormatException: multiple points
linha fdp!!!!
0.584792,0.49720.585793,0.488889,0.318182,0.202577,0.250646,0.333286,0.885827,0.968504,0.559055,0.432316,0,0,1,0,0,0,0,0,0,0,0,0,0,0,0,0,0,0,0,0,0,0,0,0,0,0,0,0,0,0,0,0,0,0,0,0,1,0,0,0,0,0,0,0,2
java.lang.NumberFormatException: multiple points
linha fdp!!!!
0.707854,0.8,0.015152,0.691482,0.435401,0.257974,0.850394,0.0.357179,0.052778,0.136364,0.107373,0.24031,0.164114,0.84252,0.874016,0.566929,0.342256,0,0,1,0,0,0,0,0,0,0,0,0,0,0,1,0,0,0,0,0,0,0,0,0,0,0,0,0,0,0,0,0,0,0,0,0,0,0,0,0,0,0,0,0,2
java.lang.NumberFormatException: multiple points
linha fdp!!!!
0.654327,0.213889,0.045455,0.150322,0.262274,0.300267,0.88189,0.917323,0.570860.456728,0.088889,0.272727,0.042949,0.228682,0.227624,0.838583,0.779528,0.452756,0.339886,0,0,1,0,0,0,0,0,0,0,0,0,0,1,0,0,0,0,0,0,0,0,0,0,0,0,0,0,0,0,0,0,0,0,0,0,0,0,0,0,0,0,0,0,2
java.lang.NumberFormatException: multiple points
linha fdp!!!!
0.587794,0.697222,0.272727,0.0608450.626813,0.194444,0.363636,0.303508,0.271318,0.18238,0.933071,0.732283,0.26378,0.402203,0,0,1,0,0,0,0,0,0,0,0,0,0,0,0,0,0,0,0,0,0,0,0,0,0,0,0,0,0,0,0,0,0,0,0,0,1,0,0,0,0,0,0,0,2
java.lang.NumberFormatException: multiple points
linha fdp!!!!
0.623312,0.511111,0.393939,0.0770.44072,0.938889,0.045455,0.137437,0.301034,0.221161,0.84252,0.925197,0.629921,0.296389,0,0,1,0,0,0,0,0,0,0,0,0,0,0,1,0,0,0,0,0,0,0,0,0,0,0,0,0,0,0,0,0,0,0,0,0,0,0,0,0,0,0,0,0,5
java.lang.NumberFormatException: multiple points
linha fdp!!!!
0.535768,0.075,0.287879,0.463851,0.423773,0.181959,0.810.521761,0.102778,0.257576,0.394417,0.382429,0.189265,0.854331,0.795276,0.452756,0.371811,0,0,1,0,0,0,0,0,0,0,0,0,0,0,0,0,0,0,0,0,0,0,0,0,0,0,0,0,0,0,0,0,0,0,0,0,1,0,0,0,0,0,0,0,20.51926,0.097222,0.242424,0.384395,0.375969,0.188563,0.854331,0.80315,0.464567,0.373066,0,0,1,0,0,0,0,0,0,0,0,0,0,0,0,0,0,0,0,0,0,0,0,0,0,0,0,0,0,0,0,0,0,0,0,0,1,0,0,0,0,0,0,0,2
java.lang.NumberFormatException: multiple points
linha fdp!!!!
0.767884,0.0.692846,0.747222,0.19697,0.41446,0.184755,0.373191,0.732283,0.96063,0.775591,0.041963,0,0,1,0,0,0,0,0,0,0,0,0,0,0,0,0,0,0,0,0,0,0,0,0,0,0,0,0,0,0,0,0,0,0,0,1,0,0,0,0,0,0,0,0,10.695848,0.713889,0.136364,0.407301,0.192506,0.371364,0.787402,0.968504,0.728346,0.046145,0,0,1,0,0,0,0,0,0,0,0,0,0,0,0,0,0,0,0,0,0,0,0,0,0,0,0,0,0,0,0,0,0,0,0,1,0,0,0,0,0,0,0,0,1
java.lang.NumberFormatException: multiple points
linha fdp!!!!
0.677839,0.094444,0.242424,0.365068,0.430233,0.51760.605803,0.819444,0.318182,0.269148,0.409561,0.289869,0.614173,0.901575,0.830709,0.22264,0,0,1,0,0,0,0,0,0,0,0,0,0,0,0,0,0,0,0,0,0,0,0,0,0,0,0,0,0,0,0,0,0,0,0,0,1,0,0,0,0,0,0,0,2
java.lang.NumberFormatException: multiple points
linha fdp!!!!
0.5998,0.630556,0.136364,0.030064,0.226098,0.3726290.644322,0.355556,0.439394,0.231926,0.355297,0.519039,0.992126,0.814961,0.23622,0.327199,0,0,1,0,0,0,0,0,0,0,0,0,0,0,0,0,0,0,0,0,0,0,0,0,0,0,0,0,0,0,0,0,0,0,0,0,1,0,0,0,0,0,0,0,10.63982,0.391667,0.393939,0.214746,0.343669,0.514824,0.972441,0.877953,0.34252,0.32692,0,0,1,0,0,0,0,0,0,0,0,0,0,0,0,0,0,0,0,0,0,0,0,0,0,0,0,0,0,0,0,0,0,0,0,0,1,0,0,0,0,0,0,0,1
java.lang.NumberFormatException: multiple points
linha fdp!!!!
0.644322,0.00.55928,0.044444,0.318182,0.202577,0.375969,0.209217,0.779528,0.755906,0.492126,0.4266,0,0,1,0,0,0,0,0,0,0,0,0,0,0,0,0,0,0,0,0,0,0,0,0,0,0,0,1,0,0,0,0,0,0,0,0,0,0,0,0,0,0,0,0,1
java.lang.NumberFormatException: multiple points
linha fdp!!!!
0.687844,0.275,0.181818,0.395132,0.205426,0.11058,0.944882,0.80.750375,0.494444,0.212121,0.14388,0.284238,0.231137,0.885827,0.976378,0.594488,0.428691,1,0,0,0,0,0,0,0,0,0,0,0,0,0,0,0,0,0,0,0,0,0,0,0,0,0,0,0,0,0,0,0,0,0,0,0,0,0,0,0,0,1,0,0,10.749875,0.477778,0.227273,0.136006,0.282946,0.227765,0.901575,0.968504,0.570866,0.427436,1,0,0,0,0,0,0,0,0,0,0,0,0,0,0,0,0,0,0,0,0,0,0,0,0,0,0,0,0,0,0,0,0,0,0,0,0,0,0,0,0,1,0,0,1
java.lang.NumberFormatException: multiple points
linha fdp!!!!
0.713857,0.375,0.363636,0.14388,0.23385,0.182099,0.980315,0.874010.756378,0.763889,0.090909,0.24481,0.286822,0.546719,0.807087,0.948819,0.692913,0.287606,0,0,1,0,0,0,0,0,0,0,0,0,0,0,0,0,0,0,0,0,0,0,0,0,0,0,0,0,0,0,0,0,0,0,0,0,0,0,0,0,0,1,0,0,7
java.lang.NumberFormatException: multiple points
linha fdp!!!!
0.594797,0.338889,0.181818,0.289191,0.150.645323,0.952778,0.287879,0.021475,0.24031,0.561332,0.69685,0.814961,0.653543,0.470236,0,0,1,0,0,0,0,0,0,0,0,0,0,0,0,0,0,0,0,0,0,0,0,0,0,0,0,1,0,0,0,0,0,0,0,0,0,0,0,0,0,0,0,0,10.646823,0.961111,0.287879,0.030064,0.241602,0.557257,0.708661,0.811024,0.641732,0.469957,0,0,1,0,0,0,0,0,0,0,0,0,0,0,0,0,0,0,0,0,0,0,0,0,0,0,0,1,0,0,0,0,0,0,0,0,0,0,0,0,0,0,0,0,1
java.lang.NumberFormatException: multiple points
linha fdp!!!!
0.69935,0.2110.728864,0.025,0.257576,0.384395,0.342377,0.426022,0.783465,0.80315,0.547244,0.477346,0,0,1,0,0,0,0,0,0,0,0,0,0,0,0,0,0,0,0,0,0,0,0,0,0,0,0,0,0,0,0,0,0,0,0,1,0,0,0,0,0,0,0,0,1
java.lang.NumberFormatException: multiple points
linha fdp!!!!
0.535268,0.147222,0.242424,0.163207,0.363049,0.084305,0.893701,0.80315,0.4170.671836,0.869444,0.181818,0.064424,0.248062,0.316847,0.73622,0.905512,0.720472,0.075422,0,0,1,0,0,0,0,0,0,0,0,0,0,0,0,0,0,0,0,0,0,0,0,0,0,0,0,0,0,0,0,0,0,0,0,1,0,0,0,0,0,0,0,0,10.673337,0.875,0.151515,0.085898,0.251938,0.32036,0.755906,0.913386,0.704724,0.075282,0,0,1,0,0,0,0,0,0,0,0,0,0,0,0,0,0,0,0,0,0,0,0,0,0,0,0,0,0,0,0,0,0,0,0,1,0,0,0,0,0,0,0,0,1
java.lang.NumberFormatException: multiple points
linha fdp!!!!
0.67984,0.711111,0.227273,0.198282,0.276486,0.410.486743,0.175,0.075758,0.042949,0.23385,0.054798,0.885827,0.901575,0.547244,0.041824,0,0,1,0,0,0,0,0,0,0,0,0,0,0,0,0,0,0,0,0,0,0,0,0,0,0,1,0,0,0,0,0,0,0,0,0,0,0,0,0,0,0,0,0,20.485743,0.077778,0.090909,0.021475,0.228682,0.056484,0.858268,0.897638,0.574803,0.041963,0,0,1,0,0,0,0,0,0,0,0,0,0,0,0,0,0,0,0,0,0,0,0,0,0,0,1,0,0,0,0,0,0,0,0,0,0,0,0,0,0,0,0,0,2
java.lang.NumberFormatException: multiple points
linha fdp!!!!
0.5830.687844,0.477778,0.227273,0.173228,0.258398,0.599129,0.901575,0.968504,0.570866,0.31284,0,0,1,0,0,0,0,0,0,0,0,0,0,0,0,0,0,0,0,0,0,0,0,0,0,0,0,0,0,0,0,0,0,0,0,0,1,0,0,0,0,0,0,0,1
java.lang.NumberFormatException: multiple points
linha fdp!!!!
0.601801,0.0.554777,0.716667,0.242424,0.231926,0.396641,0.135731,0.704724,0.976378,0.811024,0.088666,0,0,1,0,0,0,0,0,0,0,0,0,0,0,0,0,1,0,0,0,0,0,0,0,0,0,0,0,0,0,0,0,0,0,0,0,0,0,0,0,0,0,0,0,2
java.lang.NumberFormatException: multiple points
linha fdp!!!!
0.598299,0.647222,0.333333,0.042949,0.224806,0.237881,0.690.626313,0.619444,0.227273,0.021475,0.22093,0.332022,0.783465,0.996063,0.740157,0.04503,0,0,1,0,0,0,0,0,0,0,0,0,0,0,0,0,0,0,0,0,0,0,0,0,0,0,1,0,0,0,0,0,0,0,0,0,0,0,0,0,0,0,0,0,1
java.lang.NumberFormatException: multiple points
linha fdp!!!!
0.510755,0.10.589795,0.6,0.227273,0.23622,0.244186,0.175495,0.799213,0.996063,0.720472,0.077095,0,0,1,0,0,0,0,0,0,0,0,0,0,0,0,0,0,0,0,0,0,0,0,0,0,0,0,0,0,0,0,0,0,0,0,0,1,0,0,0,0,0,0,0,20.592296,0.566667,0.212121,0.214746,0.250646,0.178868,0.834646,0.992126,0.677165,0.079883,0,0,1,0,0,0,0,0,0,0,0,0,0,0,0,0,0,0,0,0,0,0,0,0,0,0,0,0,0,0,0,0,0,0,0,0,1,0,0,0,0,0,0,0,2
java.lang.NumberFormatException: multiple points
linha fdp!!!!
0.606803,0.558333,0.196970.602801,0.630556,0.166667,0.030064,0.223514,0.305747,0.80315,0.984252,0.716535,0.030113,0,0,1,0,0,0,0,0,0,0,0,0,0,0,0,0,0,0,0,0,0,0,0,0,0,0,0,0,0,0,0,0,0,0,1,0,0,0,0,0,0,0,0,0,2
java.lang.NumberFormatException: multiple points
linha fdp!!!!
0.666833,0.433333,0.242424,0.10.571286,0.519444,0.257576,0.030064,0.255814,0.214697,0.866142,0.984252,0.622047,0.071518,0,0,1,0,0,0,0,0,0,0,0,0,0,0,0,0,0,0,0,0,0,0,0,0,0,0,0,0,0,0,0,0,0,0,1,0,0,0,0,0,0,0,0,0,2
java.lang.NumberFormatException: multiple points
linha fdp!!!!
0.661831,0.772222,0.075758,0.077309,0.229974,0.464381,0.811024,0.948819,0.681102,0.1900.612306,0.025,0.075758,0.236936,0.275194,0.060419,0.846457,0.905512,0.602362,0.088945,0,1,0,0,0,0,0,0,0,0,0,0,0,0,0,0,0,0,0,0,0,0,0,0,0,0,1,0,0,0,0,0,0,0,0,0,0,0,0,0,0,0,0,0,10.611806,0.022222,0.075758,0.258411,0.273902,0.064493,0.84252,0.905512,0.602362,0.091733,0,1,0,0,0,0,0,0,0,0,0,0,0,0,0,0,0,0,0,0,0,0,0,0,0,0,1,0,0,0,0,0,0,0,0,0,0,0,0,0,0,0,0,0,1
java.lang.NumberFormatException: multiple points
linha fdp!!!!
0.651826,0.991667,0.07570.775888,0.347222,0.136364,0.336435,0.550388,0.215119,0.929134,0.92126,0.503937,0.109717,0,0,1,0,0,0,0,0,0,0,0,0,0,0,0,0,0,0,0,0,0,0,0,0,0,0,0,0,0,0,0,0,0,0,0,0,0,0,0,0,0,0,0,1,7
java.lang.NumberFormatException: multiple points
linha fdp!!!!
0.5998,0.252778,0.181818,0.27917,0.22739,0.09119,0.937008,0.0.633317,0.302778,0.333333,0.271296,0.313953,0.065618,0.988189,0.822835,0.291339,0.194758,0,0,1,0,0,0,0,0,0,0,0,0,0,0,0,0,0,0,0,0,0,0,0,0,0,0,0,0,0,0,0,0,0,0,0,1,0,0,0,0,0,0,0,0,1
java.lang.NumberFormatException: multiple points
linha fdp!!!!
0.689845,0.147222,0.181818,0.107373,0.257106,0.171561,0.8930.483242,0.088889,0.151515,0.077309,0.21447,0.086553,0.858268,0.858268,0.527559,0.161439,0,0,1,0,0,0,0,0,0,0,0,0,0,0,0,0,0,0,0,0,0,0,0,0,0,0,0,0,0,0,0,0,0,0,0,1,0,0,0,0,0,0,0,0,20.482241,0.041667,0.166667,0.088762,0.219638,0.089645,0.830709,0.858268,0.562992,0.159208,0,0,1,0,0,0,0,0,0,0,0,0,0,0,0,0,0,0,0,0,0,0,0,0,0,0,0,0,0,0,0,0,0,0,0,0,1,0,0,0,0,0,0,0,2
java.lang.NumberFormatException: multiple points
linha fdp!!!!
0.648824,0.722222,0.272727,0.637795,0.715762,0.156667,0.685039,0.972441,0.826772,0.2010.448224,0.802778,0.242424,0.042949,0.23385,0.217226,0.681102,0.929134,0.795276,0.157675,0,0,1,0,0,0,0,0,0,0,0,0,0,0,0,0,0,0,0,0,0,0,0,0,0,0,1,0,0,0,0,0,0,0,0,0,0,0,0,0,0,0,0,0,1
java.lang.NumberFormatException: multiple points
linha fdp!!!!
0.538769,0.186111,0.227273,0.307802,0.236434,0.093579,0.92126,0.810.688344,0.841667,0.242424,0.395848,0.289406,0.086834,0.685039,0.909449,0.771654,0.127701,0,1,0,0,0,0,0,0,0,0,0,0,0,0,0,0,0,0,0,0,0,0,0,0,0,0,1,0,0,0,0,0,0,0,0,0,0,0,0,0,0,0,0,0,1
java.lang.NumberFormatException: multiple points
linha fdp!!!!
0.682341,0.563889,0.075750.642821,0.858333,0.19697,0.691482,0.702842,0.185331,0.724409,0.909449,0.73622,0.166597,0,0,1,0,0,0,0,0,0,0,0,0,0,0,0,0,0,0,0,0,0,0,0,0,0,0,0,0,0,0,0,0,0,0,1,0,0,0,0,0,0,0,0,0,1
java.lang.NumberFormatException: multiple points
linha fdp!!!!
0.718859,0.2,0.030303,0,0.223514,0.338907,0.874016,0.92126,0.58660.678339,0.363889,0.242424,0.287759,0.264858,0.211747,0.96063,0.905512,0.429134,0.212882,0,0,1,0,0,0,0,0,0,0,0,0,0,0,0,0,1,0,0,0,0,0,0,0,0,0,0,0,0,0,0,0,0,0,0,0,0,0,0,0,0,0,0,0,2
java.lang.NumberFormatException: multiple points
linha fdp!!!!
0.67984,0.116667,0.181818,0.530422,0.354005,0.143319,0.874016,0.840.641821,0.133333,0.212121,0,0.223514,0.263454,0.88189,0.822835,0.456693,0.28203,0,0,1,0,0,0,0,0,0,0,0,0,0,0,0,0,0,0,0,0,0,0,0,0,0,0,1,0,0,0,0,0,0,0,0,0,0,0,0,0,0,0,0,0,20.638819,0,0.151515,0.021475,0.224806,0.267669,0.811024,0.874016,0.606299,0.283285,0,0,1,0,0,0,0,0,0,0,0,0,0,0,0,0,0,0,0,0,0,0,0,0,0,0,1,0,0,0,0,0,0,0,0,0,0,0,0,0,0,0,0,0,2
java.lang.NumberFormatException: multiple points
linha fdp!!!!
0.494747,0.716667,0.393939,0.151754,0.329457,0.275537,0.0.709355,0.922222,0.166667,0.365784,0.324289,0.081073,0.759843,0.885827,0.677165,0.169385,0,1,0,0,0,0,0,0,0,0,0,0,0,0,0,0,0,0,0,0,0,0,0,0,0,0,1,0,0,0,0,0,0,0,0,0,0,0,0,0,0,0,0,0,10.708354,0.894444,0.090909,0.382248,0.321705,0.084867,0.807087,0.92126,0.661417,0.1659,0,1,0,0,0,0,0,0,0,0,0,0,0,0,0,0,0,0,0,0,0,0,0,0,0,0,1,0,0,0,0,0,0,0,0,0,0,0,0,0,0,0,0,0,1
java.lang.NumberFormatException: multiple points
linha fdp!!!!
0.667834,0.161111,0.227273,0.448103,0.582687,0.264016,0.905512,0.814961,0.42126,0.3751570.715858,0.6,0.151515,0.536865,0.423773,0.109597,0.826772,0.984252,0.692913,0.345323,0,0,1,0,0,0,0,0,0,0,0,0,0,0,0,0,1,0,0,0,0,0,0,0,0,0,0,0,0,0,0,0,0,0,0,0,0,0,0,0,0,0,0,0,2
java.lang.NumberFormatException: multiple points
learning evaluation instances,Wall Time (Actual Time),Avg Delay (ms),outRate (inst/s),classified instances,classifications correct (percent),Kappa Statistic (percent),Kappa Temporal Statistic (percent),Kappa M Statistic (percent),F1 Score (percent),F1 Score for class 0 (percent),F1 Score for class 1 (percent),F1 Score for class 2 (percent),F1 Score for class 3 (percent),F1 Score for class 4 (percent),F1 Score for class 5 (percent),F1 Score for class 6 (percent),Precision (percent),Precision for class 0 (percent),Precision for class 1 (percent),Precision for class 2 (percent),Precision for class 3 (percent),Precision for class 4 (percent),Precision for class 5 (percent),Precision for class 6 (percent),Recall (percent),Recall for class 0 (percent),Recall for class 1 (percent),Recall for class 2 (percent),Recall for class 3 (percent),Recall for class 4 (percent),Recall for class 5 (percent),Recall for class 6 (percent),model training instances,model serialized size (bytes),ensemble size,[avg] model training instances,[err] model training instances,[avg] model serialized size (bytes),[err] model serialized size (bytes),[avg] tree size (nodes),[err] tree size (nodes),[avg] tree size (leaves),[err] tree size (leaves),[avg] active learning leaves,[err] active learning leaves,[avg] tree depth,[err] tree depth,[avg] active leaf byte size estimate,[err] active leaf byte size estimate,[avg] inactive leaf byte size estimate,[err] inactive leaf byte size estimate,[avg] byte size estimate overhead,[err] byte size estimate overhead
182000.0,600.0499877929688,3781.0,303.3080749511719,180000.0,72.73277777777778,54.640839516040515,-314.8157538877621,45.590093785335796,51.697377076194485,0.29469548133595286,70.59487602888026,80.23881644468986,58.579770201544555,73.69226843582547,38.03302485937216,30.393227744401962,55.25546884756246,0.15735641227380015,76.88792644656915,74.75529316743909,60.60015588464536,69.75845410628018,54.24430641821946,50.384789497510184,48.569798843549464,2.3166023166023164,65.25402610347942,86.59048637330571,56.68975574188845,78.09626825310978,29.281922324671694,21.759530791788855,0.0,1.0,25.0,136335.19999999998,50377.781846266305,1.0,0.0,35.68000000000001,29.474169482220645,16.000000000000004,16.99264546796643,16.000000000000004,16.99264546796643,5.239999999999999,4.3615746392023755,0.0,0.0,0.0,0.0,1.0,0.0
