Connected!
linha fdp!!!!
0.453227,0.188889,0.136360.448224,0,0.045455,0.19184,0.264858,0.354925,0.846457,0.917323,0.614173,0.952321,1,0,0,0,0,0,0,0,0,0,0,0,0,0,0,1,0,0,0,0,0,0,0,0,0,0,0,0,0,0,0,0,0,0,0,0,0,0,0,0,0,0,0,0,2
java.lang.NumberFormatException: multiple points
linha fdp!!!!
0.518259,0.252778,0.287879,0.121689,0.268734,0.6786570.466233,0.266667,0.106061,0.380816,0.28553,0.421245,0.913386,0.901575,0.507874,0.906734,1,0,0,0,0,0,0,0,0,0,0,0,0,0,0,1,0,0,0,0,0,0,0,0,0,0,0,0,0,0,0,0,0,0,0,0,0,0,0,0,0,0,0,0,1
java.lang.NumberFormatException: multiple points
linha fdp!!!!
0.516258,0.322222,0.393939,0.121689,0.337209,0.6795,0.990.553277,0.333333,0.136364,0.287759,0.325581,0.796262,0.929134,0.913386,0.5,0.533529,1,0,0,0,0,0,0,0,0,0,0,0,0,0,0,0,0,0,0,0,0,0,0,0,0,0,0,0,0,0,0,0,1,0,0,0,0,0,0,0,0,0,0,0,20.551776,0.416667,0.121212,0.269148,0.321705,0.792188,0.905512,0.944882,0.559055,0.537571,1,0,0,0,0,0,0,0,0,0,0,0,0,0,0,0,0,0,0,0,0,0,0,0,0,0,0,0,0,0,0,0,1,0,0,0,0,0,0,0,0,0,0,0,2
java.lang.NumberFormatException: multiple points
linha fdp!!!!
0.471736,0.972222,0.060606,0,0.2235140.367684,0.483333,0.287879,0.042949,0.228682,0.159899,0.893701,0.968504,0.562992,0.730238,1,0,0,0,0,0,0,0,0,0,0,0,0,0,0,0,0,0,0,0,0,1,0,0,0,0,0,0,0,0,0,0,0,0,0,0,0,0,0,0,0,0,0,0,20.367684,0.488889,0.272727,0.042949,0.228682,0.158634,0.889764,0.972441,0.574803,0.728008,1,0,0,0,0,0,0,0,0,0,0,0,0,0,0,0,0,0,0,0,0,1,0,0,0,0,0,0,0,0,0,0,0,0,0,0,0,0,0,0,0,0,0,0,2
java.lang.NumberFormatException: multiple points
linha fdp!!!!
0.492746,0.138880.6008,0.405556,0.075758,0.030064,0.223514,0.953492,0.893701,0.940945,0.574803,0.392165,1,0,0,0,0,0,0,0,0,0,0,0,0,0,0,0,0,0,0,0,0,0,0,0,0,0,0,0,0,0,0,0,1,0,0,0,0,0,0,0,0,0,0,0,2
java.lang.NumberFormatException: multiple points
linha fdp!!!!
0.605803,0.886111,0.212121,0.042949,0.236434,0.943375,0.71650.47974,0.825,0.19697,0.156049,0.257106,0.578615,0.720472,0.925197,0.755906,0.76537,1,0,0,0,0,0,0,0,0,0,0,0,0,0,0,0,0,0,0,0,0,0,0,0,0,0,0,0,0,0,0,0,1,0,0,0,0,0,0,0,0,0,0,0,1
java.lang.NumberFormatException: multiple points
linha fdp!!!!
0.431716,0.191667,0.181818,0.219041,0.26615,0.288324,0.913380.4007,0.1,0.060606,0.021475,0.22739,0.215119,0.862205,0.905512,0.582677,0.749477,1,0,0,0,0,0,0,0,0,0,0,0,0,0,0,0,0,0,0,0,0,0,0,0,0,0,0,0,0,0,0,0,1,0,0,0,0,0,0,0,0,0,0,0,2
java.lang.NumberFormatException: multiple points
linha fdp!!!!
0.504252,0.797222,0.181818,0.2398,0.330749,0.0.438719,0.136111,0.151515,0.30136,0.284238,0.3094,0.88189,0.858268,0.496063,0.819183,1,0,0,0,0,0,0,0,0,0,0,0,0,0,0,1,0,0,0,0,0,0,0,0,0,0,0,0,0,0,0,0,0,0,0,0,0,0,0,0,0,0,0,0,20.434717,0.205556,0.181818,0.279885,0.273902,0.306168,0.92126,0.854331,0.448819,0.816255,1,0,0,0,0,0,0,0,0,0,0,0,0,0,0,1,0,0,0,0,0,0,0,0,0,0,0,0,0,0,0,0,0,0,0,0,0,0,0,0,0,0,0,0,2
java.lang.NumberFormatException: multiple points
linha fdp!!!!
0.527264,0.230556,0.181818,0.442377,0.27907,0.618379,0.933071,0.858268,0.433070.391196,0.977778,0.19697,0,0.223514,0.264016,0.771654,0.854331,0.622047,0.709466,1,0,0,0,0,0,0,0,0,0,0,0,0,0,0,0,0,0,0,1,0,0,0,0,0,0,0,0,0,0,0,0,0,0,0,0,0,0,0,0,0,0,0,0,2
java.lang.NumberFormatException: multiple points
linha fdp!!!!
0.597799,0.047222,0.136364,0.064424,0.249354,0.9487140.487744,0.822222,0.272727,0.021475,0.236434,0.739778,0.65748,0.913386,0.80315,0.643246,1,0,0,0,0,0,0,0,0,0,0,0,0,0,0,0,0,0,0,0,0,0,0,0,0,0,0,1,0,0,0,0,0,0,0,0,0,0,0,0,0,0,0,0,20.492746,0.819444,0.333333,0.042949,0.257106,0.735844,0.598425,0.897638,0.838583,0.647149,1,0,0,0,0,0,0,0,0,0,0,0,0,0,0,0,0,0,0,0,0,0,0,0,0,0,0,1,0,0,0,0,0,0,0,0,0,0,0,0,0,0,0,0,2
java.lang.NumberFormatException: multiple points
linha fdp!!!!
0.333667,0.166667,0.106061,0.184681,0.24031,0.1707180.661831,0.702778,0.181818,0.04796,0.249354,0.695658,0.759843,0.976378,0.759843,0.17064,1,0,0,0,0,0,0,0,0,0,0,0,0,0,0,0,0,0,0,0,0,0,0,0,0,0,0,0,0,0,0,0,1,0,0,0,0,0,0,0,0,0,0,0,1
java.lang.NumberFormatException: multiple points
linha fdp!!!!
0.664832,0.233333,0.090909,0.151754,0.25323,0.686385,0.900.378689,0.930556,0.227273,0.090909,0.250646,0.245188,0.724409,0.858268,0.681102,0.621916,1,0,0,0,0,0,0,0,0,0,0,0,0,0,0,0,0,0,0,0,0,0,0,0,0,0,0,0,0,0,0,0,1,0,0,0,0,0,0,0,0,0,0,0,2
java.lang.NumberFormatException: multiple points
linha fdp!!!!
0.329665,0.20.587794,0,0.136364,0.403722,0.223514,0.903752,0.811024,0.874016,0.606299,0.525861,1,0,0,0,0,0,0,0,0,0,0,0,0,0,0,0,0,0,0,0,0,0,0,0,0,0,0,0,0,0,0,0,1,0,0,0,0,0,0,0,0,0,0,0,2
java.lang.NumberFormatException: multiple points
linha fdp!!!!
0.404202,0.025,0.257576,0.021475,0.229974,0.301251,0.783460.364682,0.225,0.090909,0.365068,0.248062,0.167205,0.897638,0.905512,0.535433,0.560296,1,0,0,0,0,0,0,0,0,0,0,0,0,0,0,0,0,0,0,0,0,0,0,0,0,0,0,0,0,0,0,0,1,0,0,0,0,0,0,0,0,0,0,0,2
java.lang.NumberFormatException: multiple points
linha fdp!!!!
0.591296,0.108333,0.136364,0.429492,0.232558,0.901222,0.870079,0.866142,0.527559,0.5310.505753,0.983333,0.227273,0.021475,0.232558,0.571168,0.767717,0.838583,0.610236,0.858358,1,0,0,0,0,0,0,0,0,0,0,0,0,0,0,0,0,0,0,0,0,0,0,1,0,0,0,0,0,0,0,0,0,0,0,0,0,0,0,0,0,0,0,0,2
java.lang.NumberFormatException: multiple points
linha fdp!!!!
0.468234,0.980556,0.090909,0.0210.594297,0.502778,0.166667,0.030064,0.231266,0.82605,0.88189,0.972441,0.610236,0.335703,1,0,0,0,0,0,0,0,0,0,0,0,0,0,0,0,0,0,0,0,0,0,0,0,0,0,0,0,0,0,0,0,1,0,0,0,0,0,0,0,0,0,0,0,1
java.lang.NumberFormatException: multiple points
linha fdp!!!!
0.364182,0.311111,0.19697,0.355762,0.302326,0.141352,0.952756,0.889764,0.437008,0.5280.594297,0.625,0.151515,0.182534,0.215762,0.811156,0.811024,0.984252,0.708661,0.376969,1,0,0,0,0,0,0,0,0,0,0,0,0,0,0,0,0,0,0,0,0,0,0,0,0,0,0,0,0,0,0,0,1,0,0,0,0,0,0,0,0,0,0,0,1
java.lang.NumberFormatException: multiple points
linha fdp!!!!
0.482741,0.047222,0.27270.413207,0.283333,0.212121,0.265569,0.169251,0.189406,0.956693,0.870079,0.409449,0.551373,1,0,0,0,0,0,0,0,0,0,0,0,0,0,0,0,0,0,0,0,0,0,0,0,0,0,0,0,0,0,0,0,1,0,0,0,0,0,0,0,0,0,0,0,20.409705,0.308333,0.212121,0.286328,0.160207,0.185331,0.96063,0.877953,0.413386,0.548864,1,0,0,0,0,0,0,0,0,0,0,0,0,0,0,0,0,0,0,0,0,0,0,0,0,0,0,0,0,0,0,0,1,0,0,0,0,0,0,0,0,0,0,0,2
java.lang.NumberFormatException: multiple points
linha fdp!!!!
0.450225,0.158333,0.121212,0.121689,0.25323,0.413938,0.0.554777,0.269444,0.090909,0.258411,0.286822,0.696923,0.905512,0.909449,0.531496,0.774432,1,0,0,0,0,0,0,0,0,0,0,0,0,0,0,1,0,0,0,0,0,0,0,0,0,0,0,0,0,0,0,0,0,0,0,0,0,0,0,0,0,0,0,0,2
java.lang.NumberFormatException: multiple points
linha fdp!!!!
0.682841,0.458333,0.106061,0.450966,0.295866,0.0.587794,0.116667,0.378788,0.182534,0.308786,0.712519,0.846457,0.69685,0.330709,0.345462,1,0,0,0,0,0,0,0,0,0,0,0,0,0,0,0,0,0,0,0,0,0,0,0,0,0,0,0,0,0,0,0,1,0,0,0,0,0,0,0,0,0,0,0,10.582791,0.119444,0.378788,0.167502,0.295866,0.71547,0.850394,0.69685,0.326772,0.34602,1,0,0,0,0,0,0,0,0,0,0,0,0,0,0,0,0,0,0,0,0,0,0,0,0,0,0,0,0,0,0,0,1,0,0,0,0,0,0,0,0,0,0,0,1
java.lang.NumberFormatException: multiple points
linha fdp!!!!
0.530265,0.125,0.106061,0.304939,0.270026,0.60.486243,0.233333,0.151515,0.021475,0.228682,0.4863,0.92126,0.88189,0.476378,0.778475,1,0,0,0,0,0,0,0,0,0,0,0,0,0,0,0,0,0,0,0,0,0,0,0,0,0,0,0,0,0,0,0,0,1,0,0,0,0,0,0,0,0,0,0,20.484242,0.125,0.121212,0,0.223514,0.48349,0.877953,0.874016,0.527559,0.77499,1,0,0,0,0,0,0,0,0,0,0,0,0,0,0,0,0,0,0,0,0,0,0,1,0,0,0,0,0,0,0,0,0,0,0,0,0,0,0,0,0,0,0,0,2
java.lang.NumberFormatException: multiple points
linha fdp!!!!
0.52076,0.263889,0.136364,0.167502,0.26615,0.578615,0.92126,0.8930.572786,0.277778,0.181818,0.451682,0.337209,0.808065,0.944882,0.877953,0.437008,0.465496,1,0,0,0,0,0,0,0,0,0,0,0,0,0,0,0,0,0,0,0,0,0,0,0,0,0,0,0,0,0,0,0,1,0,0,0,0,0,0,0,0,0,0,0,2
java.lang.NumberFormatException: multiple points
linha fdp!!!!
0.461731,0.238889,0.106061,0.090909,0.255814,0.430237,0.905512,0.90.337669,0.419444,0.227273,0.064424,0.236434,0.068568,0.937008,0.940945,0.5,0.456434,1,0,0,0,0,0,0,0,0,0,0,0,0,0,0,0,0,0,0,0,0,1,0,0,0,0,0,0,0,0,0,0,0,0,0,0,0,0,0,0,0,0,0,0,2
java.lang.NumberFormatException: multiple points
linha fdp!!!!
0.541771,0.947222,0.30.504252,0.188889,0.287879,0.04796,0.239018,0.512997,0.929134,0.783465,0.34252,0.787537,1,0,0,0,0,0,0,0,0,0,0,0,0,0,0,0,0,0,0,0,0,0,0,0,0,0,0,0,0,0,0,0,0,1,0,0,0,0,0,0,0,0,0,0,2
java.lang.NumberFormatException: multiple points
linha fdp!!!!
0.564782,0.469444,0.136364,0.303508,0.312661,0.777294,0.893701,0.96063,0.5866140.52076,0.375,0.212121,0.090909,0.258398,0.594773,0.948819,0.917323,0.46063,0.869789,1,0,0,0,0,0,0,0,0,0,0,0,0,0,0,0,0,0,0,0,0,0,0,0,0,0,0,0,0,0,0,0,1,0,0,0,0,0,0,0,0,0,0,0,2
java.lang.NumberFormatException: multiple points
linha fdp!!!!
0.422210.596798,0.058333,0.318182,0.021475,0.229974,0.697204,0.795276,0.751969,0.468504,0.40513,1,0,0,0,0,0,0,0,0,0,0,0,0,0,0,0,0,0,0,0,0,0,0,0,0,0,0,0,0,0,0,0,1,0,0,0,0,0,0,0,0,0,0,0,1
java.lang.NumberFormatException: multiple points
linha fdp!!!!
0.517259,0.269444,0.090909,0.030064,0.22739,0.6116340.523762,0.047222,0.242424,0.224052,0.308786,0.498244,0.811024,0.811024,0.527559,0.732469,1,0,0,0,0,0,0,0,0,0,0,0,0,0,0,0,0,0,0,0,0,0,0,0,0,0,0,0,0,0,0,0,1,0,0,0,0,0,0,0,0,0,0,0,2
java.lang.NumberFormatException: multiple points
linha fdp!!!!
0.634317,0.205556,0.287879,0.077309,0.236434,0.67430.692846,0.047222,0.136364,0.56335,0.29199,0.529999,0.838583,0.870079,0.570866,0.33877,1,0,0,0,0,0,0,0,0,0,0,0,0,0,0,0,0,0,0,0,0,0,0,0,0,0,1,0,0,0,0,0,0,0,0,0,0,0,0,0,0,0,0,0,1
java.lang.NumberFormatException: multiple points
linha fdp!!!!
0.50.523762,0.344444,0.166667,0.030064,0.236434,0.63257,0.940945,0.913386,0.484252,0.868814,1,0,0,0,0,0,0,0,0,0,0,0,0,0,0,0,0,0,0,0,0,0,0,0,0,0,0,0,0,0,0,0,1,0,0,0,0,0,0,0,0,0,0,0,2
java.lang.NumberFormatException: multiple points
linha fdp!!!!
0.692846,0.047222,0.181818,0.686471,0.27907,0.561613,0.826770.51926,0.225,0.333333,0.14388,0.281654,0.487003,0.96063,0.767717,0.271654,0.71337,1,0,0,0,0,0,0,0,0,0,0,0,0,0,0,0,0,0,0,0,0,0,0,0,0,0,0,0,0,0,0,0,1,0,0,0,0,0,0,0,0,0,0,0,20.513257,0.236111,0.363636,0.125268,0.281654,0.482788,0.968504,0.759843,0.248031,0.709745,1,0,0,0,0,0,0,0,0,0,0,0,0,0,0,0,0,0,0,0,0,0,0,0,0,0,0,0,0,0,0,0,1,0,0,0,0,0,0,0,0,0,0,0,2
java.lang.NumberFormatException: multiple points
linha fdp!!!!
0.481741,0.152778,0.19697,0.14388,0.255814,0.4290.415208,0.236111,0.227273,0.077309,0.24677,0.206688,0.944882,0.84252,0.393701,0.476091,1,0,0,0,0,0,0,0,0,0,0,0,0,0,0,1,0,0,0,0,0,0,0,0,0,0,0,0,0,0,0,0,0,0,0,0,0,0,0,0,0,0,0,0,2
java.lang.NumberFormatException: multiple points
linha fdp!!!!
0.553277,0.113889,0.242424,0.10.52076,0.313889,0.287879,0.068003,0.26615,0.489392,0.980315,0.854331,0.346457,0.703332,1,0,0,0,0,0,0,0,0,0,0,0,0,0,0,0,0,0,0,0,0,0,0,0,0,0,0,0,0,0,0,0,0,1,0,0,0,0,0,0,0,0,0,0,2
java.lang.NumberFormatException: multiple points
linha fdp!!!!
0.556778,0.09440.551776,0.397222,0.106061,0.343593,0.321705,0.793874,0.909449,0.940945,0.551181,0.618151,1,0,0,0,0,0,0,0,0,0,0,0,0,0,0,0,0,0,0,0,0,0,0,0,0,0,0,0,0,0,0,0,1,0,0,0,0,0,0,0,0,0,0,0,20.551776,0.625,0.075758,0.322119,0.321705,0.796262,0.838583,0.964567,0.665354,0.621079,1,0,0,0,0,0,0,0,0,0,0,0,0,0,0,0,0,0,0,0,0,0,0,0,0,0,0,0,0,0,0,0,1,0,0,0,0,0,0,0,0,0,0,0,2
java.lang.NumberFormatException: multiple points
linha fdp!!!!
0.447224,0.083333,0.151515,0.1430.374687,0.177778,0.242424,0.352183,0.270026,0.097091,0.917323,0.807087,0.389764,0.382824,1,0,0,0,0,0,0,0,0,0,0,0,0,0,0,1,0,0,0,0,0,0,0,0,0,0,0,0,0,0,0,0,0,0,0,0,0,0,0,0,0,0,0,0,2
java.lang.NumberFormatException: multiple points
linha fdp!!!!
0.531766,0.222222,0.075758,0.021475,0.223514,0.670.497749,0.111111,0.166667,0.115963,0.235142,0.450611,0.870079,0.846457,0.5,0.658581,1,0,0,0,0,0,0,0,0,0,0,0,0,0,0,1,0,0,0,0,0,0,0,0,0,0,0,0,0,0,0,0,0,0,0,0,0,0,0,0,0,0,0,0,20.497249,0.111111,0.121212,0.09592,0.24677,0.446396,0.870079,0.874016,0.531496,0.654956,1,0,0,0,0,0,0,0,0,0,0,0,0,0,0,1,0,0,0,0,0,0,0,0,0,0,0,0,0,0,0,0,0,0,0,0,0,0,0,0,0,0,0,0,2
java.lang.NumberFormatException: multiple points
linha fdp!!!!
0.530265,0.480556,0.31810.592796,0.994444,0.257576,0.3801,0.388889,0.645216,0.751969,0.811024,0.594488,0.50955,1,0,0,0,0,0,0,0,0,0,0,0,0,0,0,0,0,0,0,0,0,0,0,0,0,0,0,0,0,0,0,0,1,0,0,0,0,0,0,0,0,0,0,0,1
java.lang.NumberFormatException: multiple points
linha fdp!!!!
0.682841,0.219444,0.196970.461231,0.233333,0.166667,0.211167,0.306202,0.235774,0.925197,0.874016,0.46063,0.4266,1,0,0,0,0,0,0,0,0,0,0,0,0,0,0,1,0,0,0,0,0,0,0,0,0,0,0,0,0,0,0,0,0,0,0,0,0,0,0,0,0,0,0,0,2
java.lang.NumberFormatException: multiple points
linha fdp!!!!
0.384192,0.486111,0.257576,0.198282,0.0.466233,0.019444,0.121212,0.107373,0.262274,0.309119,0.826772,0.88189,0.594488,0.481946,1,0,0,0,0,0,0,0,0,0,0,0,0,0,0,1,0,0,0,0,0,0,0,0,0,0,0,0,0,0,0,0,0,0,0,0,0,0,0,0,0,0,0,0,2
java.lang.NumberFormatException: multiple points
linha fdp!!!!
0.374687,0.494444,0.166667,0.130279,0.23380.524262,0.161111,0.19697,0,0.223514,0.533371,0.901575,0.834646,0.448819,0.690645,1,0,0,0,0,0,0,0,0,0,0,0,0,0,0,0,0,0,0,0,0,0,0,1,0,0,0,0,0,0,0,0,0,0,0,0,0,0,0,0,0,0,0,0,10.522261,0.988889,0.151515,0,0.223514,0.529296,0.80315,0.877953,0.614173,0.686742,1,0,0,0,0,0,0,0,0,0,0,0,0,0,0,0,0,0,0,0,0,0,0,1,0,0,0,0,0,0,0,0,0,0,0,0,0,0,0,0,0,0,0,0,1
java.lang.NumberFormatException: multiple points
linha fdp!!!!
0.615808,0.027778,0.1960.462731,0.138889,0.166667,0.23622,0.26615,0.250667,0.885827,0.854331,0.492126,0.412937,1,0,0,0,0,0,0,0,0,0,0,0,0,0,0,1,0,0,0,0,0,0,0,0,0,0,0,0,0,0,0,0,0,0,0,0,0,0,0,0,0,0,0,0,1
java.lang.NumberFormatException: multiple points
linha fdp!!!!
0.664832,0.875,0.12120.633817,0.936111,0.181818,0.431639,0.161499,0.58297,0.767717,0.88189,0.661417,0.60421,1,0,0,0,0,0,0,0,0,0,0,0,0,0,0,0,0,0,0,0,0,0,0,0,0,0,1,0,0,0,0,0,0,0,0,0,0,0,0,0,0,0,0,0,10.635318,0.991667,0.136364,0.434503,0.165375,0.584656,0.807087,0.877953,0.610236,0.605744,1,0,0,0,0,0,0,0,0,0,0,0,0,0,0,0,0,0,0,0,0,0,0,0,0,0,1,0,0,0,0,0,0,0,0,0,0,0,0,0,0,0,0,0,1
java.lang.NumberFormatException: multiple points
linha fdp!!!!
0.62081,0.25,0.121212,0.289191,0.187339,0.558943,0.917323,0.80.470735,0.744444,0.121212,0.021475,0.228682,0.310103,0.783465,0.956693,0.724409,0.403179,1,0,0,0,0,0,0,0,0,0,0,0,0,0,0,0,0,0,0,0,0,0,0,0,0,0,0,0,0,0,0,0,0,1,0,0,0,0,0,0,0,0,0,0,1
java.lang.NumberFormatException: multiple points
linha fdp!!!!
0.531766,0.133333,0.106061,0.064424,0.20.46023,0.122222,0.272727,0.365068,0.184755,0.238443,0.870079,0.779528,0.413386,0.312422,1,0,0,0,0,0,0,0,0,0,0,0,0,0,0,1,0,0,0,0,0,0,0,0,0,0,0,0,0,0,0,0,0,0,0,0,0,0,0,0,0,0,0,0,20.453727,0.119444,0.272727,0.395132,0.24677,0.232542,0.870079,0.783465,0.42126,0.305033,1,0,0,0,0,0,0,0,0,0,0,0,0,0,0,0,0,0,0,0,0,0,0,0,0,0,0,0,0,0,0,0,0,1,0,0,0,0,0,0,0,0,0,0,2
java.lang.NumberFormatException: multiple points
linha fdp!!!!
0.5427710.476238,0.119444,0.166667,0.021475,0.229974,0.321484,0.874016,0.854331,0.503937,0.395511,1,0,0,0,0,0,0,0,0,0,0,0,0,0,0,0,0,0,0,0,0,0,0,1,0,0,0,0,0,0,0,0,0,0,0,0,0,0,0,0,0,0,0,0,2
java.lang.NumberFormatException: multiple points
linha fdp!!!!
0.491246,0.327778,0.136364,0.137437,0.25323,0.356189,0.90.538769,0.375,0.212121,0.204009,0.22093,0.599129,0.948819,0.917323,0.46063,0.802035,1,0,0,0,0,0,0,0,0,0,0,0,0,0,0,0,0,0,0,0,0,0,0,0,0,0,0,0,0,0,0,0,1,0,0,0,0,0,0,0,0,0,0,0,2
java.lang.NumberFormatException: multiple points
linha fdp!!!!
0.357179,0.097222,0.272727,0.154617,0.219638,0.11873,0.846457,0.7755910.632316,0.2,0.151515,0.090909,0.223514,0.39792,0.909449,0.870079,0.480315,0.800781,1,0,0,0,0,0,0,0,0,0,0,0,0,0,0,0,0,0,0,0,0,0,0,0,0,0,0,0,0,0,0,0,1,0,0,0,0,0,0,0,0,0,0,0,10.630315,0.163889,0.212121,0.107373,0.219638,0.40045,0.905512,0.830709,0.437008,0.802035,1,0,0,0,0,0,0,0,0,0,0,0,0,0,0,0,0,0,0,0,0,0,0,0,0,0,0,0,0,0,0,0,1,0,0,0,0,0,0,0,0,0,0,0,1
java.lang.NumberFormatException: multiple points
linha fdp!!!!
0.572786,0.697222,0.212121,0.451682,0.350129,0.813686,0.73622,0.980315,0.70.552276,0.241667,0.242424,0.107373,0.268734,0.659969,0.952756,0.838583,0.38189,0.628886,1,0,0,0,0,0,0,0,0,0,0,0,0,0,0,0,0,0,0,0,0,0,0,0,0,0,0,0,0,0,0,0,1,0,0,0,0,0,0,0,0,0,0,0,20.548274,0.211111,0.181818,0.09592,0.258398,0.656456,0.925197,0.854331,0.437008,0.62791,1,0,0,0,0,0,0,0,0,0,0,0,0,0,0,0,0,0,0,0,0,0,0,0,0,0,0,0,0,0,0,0,1,0,0,0,0,0,0,0,0,0,0,0,2
java.lang.NumberFormatException: multiple points
linha fdp!!!!
0.491246,0.188889,0.121212,0.09592,0.255814,0.451735,0.8976380.355178,0.166667,0.136364,0.198282,0.295866,0.105381,0.897638,0.870079,0.496063,0.009341,1,0,0,0,0,0,0,0,0,0,0,0,0,0,0,0,0,0,0,0,0,0,0,0,0,0,0,0,0,0,0,0,1,0,0,0,0,0,0,0,0,0,0,0,2
java.lang.NumberFormatException: multiple points
linha fdp!!!!
0.422711,0.50.5993,0.25,0.045455,0.24481,0.312661,0.810875,0.885827,0.92126,0.570866,0.647288,1,0,0,0,0,0,0,0,0,0,0,0,0,0,0,1,0,0,0,0,0,0,0,0,0,0,0,0,0,0,0,0,0,0,0,0,0,0,0,0,0,0,0,0,2
java.lang.NumberFormatException: multiple points
linha fdp!!!!
0.591296,0.327770.597799,0.825,0.151515,0.137437,0.282946,0.754672,0.759843,0.933071,0.724409,0.605744,1,0,0,0,0,0,0,0,0,0,0,0,0,0,0,0,0,0,0,0,0,0,0,0,0,0,0,0,0,0,0,0,0,1,0,0,0,0,0,0,0,0,0,0,10.597799,0.025,0.075758,0.154617,0.288114,0.751159,0.846457,0.905512,0.602362,0.60421,1,0,0,0,0,0,0,0,0,0,0,0,0,0,0,0,0,0,0,0,0,0,0,0,0,0,0,0,0,0,0,0,0,1,0,0,0,0,0,0,0,0,0,0,1
java.lang.NumberFormatException: multiple points
linha fdp!!!!
0.584292,0.672222,0.150.429215,0.575,0.151515,0.021475,0.228682,0.346916,0.84252,0.980315,0.669291,0.269762,1,0,0,0,0,0,0,0,0,0,0,0,0,0,0,0,0,0,0,0,0,0,0,0,0,0,0,0,0,0,0,0,0,1,0,0,0,0,0,0,0,0,0,0,20.429715,0.558333,0.181818,0.030064,0.229974,0.343122,0.846457,0.984252,0.665354,0.265858,1,0,0,0,0,0,0,0,0,0,0,0,0,0,0,0,0,0,0,0,0,0,0,0,0,0,0,0,0,0,0,0,0,1,0,0,0,0,0,0,0,0,0,0,2
java.lang.NumberFormatException: multiple points
linha fdp!!!!
0.496748,0.361111,0.121212,0,0.223514,0.577912,0.92126,0.929134,0.0.50025,0.619444,0.287879,0.060845,0.242894,0.560489,0.759843,1,0.759843,0.481389,1,0,0,0,0,0,0,0,0,0,0,0,0,0,0,0,0,0,0,0,0,0,0,0,0,0,0,0,0,0,0,0,0,1,0,0,0,0,0,0,0,0,0,0,1
java.lang.NumberFormatException: multiple points
linha fdp!!!!
0.574287,0.461111,0.136364,0.107373,0.0.495248,0.477778,0.19697,0.173228,0.27907,0.515807,0.897638,0.968504,0.57874,0.468284,1,0,0,0,0,0,0,0,0,0,0,0,0,0,0,1,0,0,0,0,0,0,0,0,0,0,0,0,0,0,0,0,0,0,0,0,0,0,0,0,0,0,0,0,2
java.lang.NumberFormatException: multiple points
linha fdp!!!!
0.5842920.434217,0.972222,0.19697,0.163207,0.299742,0.26809,0.771654,0.858268,0.629921,0.258609,1,0,0,0,0,0,0,0,0,0,0,0,0,0,0,0,0,0,0,0,0,0,0,0,0,0,0,0,0,0,0,0,1,0,0,0,0,0,0,0,0,0,0,0,2
java.lang.NumberFormatException: multiple points
linha fdp!!!!
0.5993,0.711111,0.090909,0.519685,0.29845,0.799213,0.811024,0.96063,0.6929130.531766,0.180556,0.212121,0.021475,0.218346,0.631305,0.913386,0.830709,0.429134,0.430643,1,0,0,0,0,0,0,0,0,0,0,0,0,0,0,0,0,0,0,0,0,0,0,0,0,0,1,0,0,0,0,0,0,0,0,0,0,0,0,0,0,0,0,0,20.528264,0.161111,0.151515,0,0.223514,0.62709,0.897638,0.858268,0.484252,0.430085,1,0,0,0,0,0,0,0,0,0,0,0,0,0,0,0,0,0,0,0,0,0,0,0,0,0,1,0,0,0,0,0,0,0,0,0,0,0,0,0,0,0,0,0,1
java.lang.NumberFormatException: multiple points
linha fdp!!!!
0.582291,0.040.442721,0.977778,0.121212,0.261274,0.307494,0.266966,0.811024,0.889764,0.622047,0.275477,1,0,0,0,0,0,0,0,0,0,0,0,0,0,0,1,0,0,0,0,0,0,0,0,0,0,0,0,0,0,0,0,0,0,0,0,0,0,0,0,0,0,0,0,2
java.lang.NumberFormatException: multiple points
linha fdp!!!!
0.597799,0.697222,0.1510.457229,0.055556,0.257576,0.236936,0.317829,0.319517,0.814961,0.799213,0.507874,0.322877,1,0,0,0,0,0,0,0,0,0,0,0,0,0,0,0,0,0,0,0,0,0,0,0,0,0,0,0,0,0,0,0,1,0,0,0,0,0,0,0,0,0,0,0,20.454227,0.072222,0.287879,0.2398,0.310078,0.315301,0.818898,0.771654,0.464567,0.319532,1,0,0,0,0,0,0,0,0,0,0,0,0,0,0,0,0,0,0,0,0,0,0,0,0,0,0,0,0,0,0,0,1,0,0,0,0,0,0,0,0,0,0,0,2
java.lang.NumberFormatException: multiple points
linha fdp!!!!
0.595798,0.708333,0.166667,0.538296,0.289406,0.793171,0.76378,0.972441,0.7519690.54077,0.991667,0.075758,0.202577,0.255814,0.645637,0.834646,0.909449,0.614173,0.400251,1,0,0,0,0,0,0,0,0,0,0,0,0,0,0,0,0,0,0,0,0,0,0,0,0,0,1,0,0,0,0,0,0,0,0,0,0,0,0,0,0,0,0,0,20.541771,0.988889,0.106061,0.184681,0.276486,0.641422,0.822835,0.897638,0.61811,0.399554,1,0,0,0,0,0,0,0,0,0,0,0,0,0,0,0,0,0,0,0,0,0,0,0,0,0,1,0,0,0,0,0,0,0,0,0,0,0,0,0,0,0,0,0,2
java.lang.NumberFormatException: multiple points
linha fdp!!!!
0.548274,0.6880.357179,0.438889,0.272727,0.042949,0.228682,0.088661,0.929134,0.944882,0.5,0.27715,1,0,0,0,0,0,0,0,0,0,0,0,0,0,0,0,0,0,0,0,0,0,0,0,0,0,0,0,0,0,0,0,0,1,0,0,0,0,0,0,0,0,0,0,20.354177,0.438889,0.19697,0.030064,0.223514,0.084867,0.917323,0.952756,0.53937,0.276872,1,0,0,0,0,0,0,0,0,0,0,0,0,0,0,0,0,0,0,0,0,0,0,0,0,0,0,0,0,0,0,0,0,1,0,0,0,0,0,0,0,0,0,0,2
java.lang.NumberFormatException: multiple points
linha fdp!!!!
0.506753,0.163889,0.212121,0.060845,0.240.504252,0.136111,0.136364,0.064424,0.239018,0.457637,0.88189,0.866142,0.507874,0.337376,1,0,0,0,0,0,0,0,0,0,0,0,0,0,0,0,0,0,0,0,0,0,0,0,0,0,1,0,0,0,0,0,0,0,0,0,0,0,0,0,0,0,0,0,10.501751,0.147222,0.151515,0.068003,0.232558,0.453421,0.889764,0.862205,0.5,0.33877,1,0,0,0,0,0,0,0,0,0,0,0,0,0,0,0,0,0,0,0,0,0,0,0,0,0,1,0,0,0,0,0,0,0,0,0,0,0,0,0,0,0,0,0,1
java.lang.NumberFormatException: multiple points
linha fdp!!!!
0.366183,0.330556,0.166667,0.115963,0.258398,0.029507,0.940945,0.905512,0.472441,0.0.558279,0.088889,0.060606,0.214746,0.271318,0.578896,0.862205,0.905512,0.57874,0.238394,1,0,0,0,0,0,0,0,0,0,0,0,0,0,0,1,0,0,0,0,0,0,0,0,0,0,0,0,0,0,0,0,0,0,0,0,0,0,0,0,0,0,0,0,2
java.lang.NumberFormatException: multiple points
linha fdp!!!!
0.627314,0.952778,0.136364,0.357190.411206,0.047222,0.136364,0.242663,0.260982,0.131797,0.838583,0.874016,0.570866,0.260979,1,0,0,0,0,0,0,0,0,0,0,0,0,0,0,0,0,0,0,0,0,0,0,0,0,0,1,0,0,0,0,0,0,0,0,0,0,0,0,0,0,0,0,0,2
java.lang.NumberFormatException: multiple points
linha fdp!!!!
0.375688,0.283333,0.090909,0.173228,0.240.478739,0.244444,0.287879,0.04796,0.244186,0.452016,0.96063,0.811024,0.330709,0.256378,1,0,0,0,0,0,0,0,0,0,0,0,0,0,0,0,0,0,0,0,0,0,0,0,0,0,0,0,0,0,0,0,1,0,0,0,0,0,0,0,0,0,0,0,2
java.lang.NumberFormatException: multiple points
linha fdp!!!!
0.574787,0.141667,0.136364,0.259127,0.245478,0.603344,0.8858270.428214,0.436111,0.242424,0.258411,0.232558,0.163974,0.929134,0.948819,0.515748,0.301547,1,0,0,0,0,0,0,0,0,0,0,0,0,0,0,0,0,0,0,0,0,0,0,0,0,0,0,0,0,0,0,0,1,0,0,0,0,0,0,0,0,0,0,0,2
java.lang.NumberFormatException: multiple points
linha fdp!!!!
0.529765,0.458333,0.30300.571286,0.161111,0.212121,0.317108,0.236434,0.606997,0.905512,0.822835,0.429134,0.475254,1,0,0,0,0,0,0,0,0,0,0,0,0,0,0,0,0,0,0,0,0,0,0,0,0,0,0,0,0,0,0,0,1,0,0,0,0,0,0,0,0,0,0,0,20.568284,0.191667,0.19697,0.32713,0.236434,0.610791,0.917323,0.84252,0.433071,0.47149,1,0,0,0,0,0,0,0,0,0,0,0,0,0,0,0,0,0,0,0,0,0,0,0,0,0,0,0,0,0,0,0,1,0,0,0,0,0,0,0,0,0,0,0,2
java.lang.NumberFormatException: multiple points
linha fdp!!!!
0.581291,0.225,0.287870.658329,0.994444,0.121212,0.319256,0.26615,0.422369,0.818898,0.889764,0.610236,0.656629,1,0,0,0,0,0,0,0,0,0,0,0,0,0,0,0,0,0,0,0,0,0,0,1,0,0,0,0,0,0,0,0,0,0,0,0,0,0,0,0,0,0,0,0,10.656828,0.125,0.121212,0.299213,0.262274,0.425882,0.874016,0.877953,0.535433,0.652586,1,0,0,0,0,0,0,0,0,0,0,0,0,0,0,0,0,0,0,0,0,0,0,1,0,0,0,0,0,0,0,0,0,0,0,0,0,0,0,0,0,0,0,0,1
java.lang.NumberFormatException: multiple points
linha fdp!!!!
0.446223,0.927778,0.0.517259,0.955556,0.348485,0.407301,0.479328,0.384432,0.665354,0.783465,0.649606,0.263627,1,0,0,0,0,0,0,0,0,0,0,0,0,0,0,0,0,0,0,0,0,0,0,0,0,0,0,0,0,0,0,0,1,0,0,0,0,0,0,0,0,0,0,0,2
java.lang.NumberFormatException: multiple points
linha fdp!!!!
0.47924,0.830556,0.257576,0.064424,0.22093,0.563861,0.673228,0.9130.571286,0.663889,0.19697,0.271296,0.350129,0.74849,0.771654,0.988189,0.751969,0.19183,1,0,0,0,0,0,0,0,0,0,0,0,0,0,0,0,0,0,0,0,0,0,0,0,0,0,0,0,0,0,0,0,0,1,0,0,0,0,0,0,0,0,0,0,2
java.lang.NumberFormatException: multiple points
linha fdp!!!!
0.474237,0.788889,0.030303,0.021475,0.222222,0.598707,0.84252,0.940945,0.64170.491246,0.727778,0.333333,0.04796,0.254522,0.584516,0.625984,0.964567,0.870079,0.091872,1,0,0,0,0,0,0,0,0,0,0,0,0,0,0,0,0,0,0,0,0,0,0,0,0,0,0,0,0,0,0,0,1,0,0,0,0,0,0,0,0,0,0,0,2
java.lang.NumberFormatException: multiple points
linha fdp!!!!
0.548274,0.052778,0.0.561781,0.652778,0.287879,0.298497,0.334625,0.746663,0.720472,0.996063,0.799213,0.151122,1,0,0,0,0,0,0,0,0,0,0,0,0,0,0,0,0,0,0,0,0,0,0,0,0,0,0,0,0,0,0,0,0,1,0,0,0,0,0,0,0,0,0,0,2
java.lang.NumberFormatException: multiple points
linha fdp!!!!
0.517759,0.95,0.272727,0.077309,0.251938,0.605311,0.0.438719,0.944444,0.075758,0.021475,0.218346,0.23212,0.826772,0.917323,0.637795,0.342535,1,0,0,0,0,0,0,0,0,0,0,0,0,0,0,0,0,0,0,0,0,0,0,1,0,0,0,0,0,0,0,0,0,0,0,0,0,0,0,0,0,0,0,0,2
java.lang.NumberFormatException: multiple points
linha fdp!!!!
0.583292,0.62770.554777,0.230556,0.257576,0.136006,0.317829,0.722214,0.948819,0.822835,0.366142,0.050328,1,0,0,0,0,0,0,0,0,0,0,0,0,0,0,0,0,0,0,0,0,0,0,0,0,0,0,0,0,0,0,0,0,1,0,0,0,0,0,0,0,0,0,0,20.550775,0.244444,0.242424,0.125268,0.307494,0.718561,0.952756,0.838583,0.377953,0.046145,1,0,0,0,0,0,0,0,0,0,0,0,0,0,0,0,0,0,0,0,0,0,0,0,0,0,0,0,0,0,0,0,0,1,0,0,0,0,0,0,0,0,0,0,2
java.lang.NumberFormatException: multiple points
linha fdp!!!!
0.45923,0.30.403702,0.088889,0.227273,0.228346,0.229974,0.084727,0.850394,0.807087,0.480315,0.146382,1,0,0,0,0,0,0,0,0,0,0,0,0,0,0,0,0,0,0,0,0,0,0,0,0,0,0,0,0,0,0,0,1,0,0,0,0,0,0,0,0,0,0,0,20.401201,0.108333,0.30303,0.242663,0.228682,0.084446,0.850394,0.751969,0.405512,0.144152,1,0,0,0,0,0,0,0,0,0,0,0,0,0,0,0,0,0,0,0,0,0,0,0,0,0,0,0,0,0,0,0,1,0,0,0,0,0,0,0,0,0,0,0,2
java.lang.NumberFormatException: multiple points
linha fdp!!!!
0.470235,0.230550.437219,0.1,0.166667,0.128848,0.22739,0.183645,0.862205,0.850394,0.515748,0.24871,1,0,0,0,0,0,0,0,0,0,0,0,0,0,0,1,0,0,0,0,0,0,0,0,0,0,0,0,0,0,0,0,0,0,0,0,0,0,0,0,0,0,0,0,1
java.lang.NumberFormatException: multiple points
linha fdp!!!!
0.490745,0.863889,0.257576,0.030064,0.22739,0.716875,0.677165,0.889764,0.0.55978,0.261111,0.19697,0.125268,0.257106,0.579317,0.944882,0.866142,0.42126,0.309355,1,0,0,0,0,0,0,0,0,0,0,0,0,0,0,0,0,0,0,0,0,0,0,1,0,0,0,0,0,0,0,0,0,0,0,0,0,0,0,0,0,0,0,0,2
java.lang.NumberFormatException: multiple points
learning evaluation instances,Wall Time (Actual Time),Avg Delay (ms),outRate (inst/s),classified instances,classifications correct (percent),Kappa Statistic (percent),Kappa Temporal Statistic (percent),Kappa M Statistic (percent),F1 Score (percent),F1 Score for class 0 (percent),F1 Score for class 1 (percent),F1 Score for class 2 (percent),F1 Score for class 3 (percent),F1 Score for class 4 (percent),F1 Score for class 5 (percent),F1 Score for class 6 (percent),Precision (percent),Precision for class 0 (percent),Precision for class 1 (percent),Precision for class 2 (percent),Precision for class 3 (percent),Precision for class 4 (percent),Precision for class 5 (percent),Precision for class 6 (percent),Recall (percent),Recall for class 0 (percent),Recall for class 1 (percent),Recall for class 2 (percent),Recall for class 3 (percent),Recall for class 4 (percent),Recall for class 5 (percent),Recall for class 6 (percent),model training instances,model serialized size (bytes),ensemble size,[avg] model training instances,[err] model training instances,[avg] model serialized size (bytes),[err] model serialized size (bytes),[avg] tree size (nodes),[err] tree size (nodes),[avg] tree size (leaves),[err] tree size (leaves),[avg] active learning leaves,[err] active learning leaves,[avg] tree depth,[err] tree depth,[avg] active leaf byte size estimate,[err] active leaf byte size estimate,[avg] inactive leaf byte size estimate,[err] inactive leaf byte size estimate,[avg] byte size estimate overhead,[err] byte size estimate overhead
86800.0,600.0009765625,110.0,144.6664276123047,86775.0,85.24805531547105,70.92742611450566,-37.57119828049437,55.75334416369985,66.81594289857658,9.574468085106384,72.5801305293691,91.13108884366709,63.76811594202899,85.01089324618736,72.98630136986301,63.93054459352802,68.55419605675309,28.125,73.9420803782506,90.51940298507462,61.505376344086024,80.28806584362141,71.45922746781116,74.04021937842778,65.16365982895599,5.769230769230769,71.26744517231558,91.75109789411805,66.20370370370371,90.32407407407408,74.58006718924972,56.25,0.0,1.0,25.0,510.5599999999999,393.992182663565,1.0,0.0,0.9599999999999999,0.19999999999999998,0.9599999999999999,0.19999999999999998,0.9599999999999999,0.19999999999999998,0.0,0.0,0.0,0.0,0.0,0.0,1.0,0.0
