Connected!
linha fdp!!!!
0.688344,0.708333,0.075758,0.151754,0.250646,0.680.407704,0.027778,0.121212,0.021475,0.224806,0.181959,0.830709,0.88189,0.586614,0.25108,0,0,1,0,0,0,0,0,0,0,0,0,0,0,0,0,0,0,0,0,0,0,0,1,0,0,0,0,0,0,0,0,0,0,0,0,0,0,0,0,0,0,0,0,50.388194,0.125,0.121212,0.021475,0.235142,0.134186,0.877953,0.877953,0.531496,0.226405,0,0,1,0,0,0,0,0,0,0,0,0,0,0,0,0,0,0,0,0,0,0,0,0,0,0,0,0,0,0,0,0,0,0,0,0,1,0,0,0,0,0,0,0,2
java.lang.NumberFormatException: multiple points
linha fdp!!!!
0.750375,0.28330.428714,0.894444,0.348485,0.228346,0.403101,0.161023,0.606299,0.822835,0.755906,0.290534,0,0,1,0,0,0,0,0,0,0,0,0,0,0,0,0,1,0,0,0,0,0,0,0,0,0,0,0,0,0,0,0,0,0,0,0,0,0,0,0,0,0,0,0,60.093047,0.869444,0.348485,0.088762,0.275194,0.023886,0.598425,0.850394,0.791339,0.102049,0,0,0,1,0,0,0,0,0,0,0,0,0,1,0,0,0,0,0,0,0,0,0,0,0,0,0,0,0,0,0,0,0,0,0,0,0,0,0,0,0,0,0,0,3
java.lang.NumberFormatException: multiple points
linha fdp!!!!
0.44072,0.780556,0.121212,0.021475,0.228682,0.274273,0.78340.444222,0.786111,0.121212,0,0.223514,0.283125,0.783465,0.948819,0.712598,0.109717,0,0,1,0,0,0,0,0,0,0,0,0,0,0,0,0,0,0,0,0,0,0,0,0,0,0,0,0,0,0,0,0,0,0,1,0,0,0,0,0,0,0,0,0,50.461231,0.669444,0.30303,0.04796,0.255814,0.29549,0.700787,0.992126,0.818898,0.121288,0,0,1,0,0,0,0,0,0,0,0,0,0,0,0,0,0,0,0,0,0,0,0,0,0,0,0,0,0,0,0,0,0,0,1,0,0,0,0,0,0,0,0,0,2
java.lang.NumberFormatException: multiple points
linha fdp!!!!
0.136568,0.130556,0.409091,0.0.126563,0.744444,0.515152,0.042949,0.271318,0.205564,0.452756,0.905512,0.952756,0.109996,0,0,0,1,0,0,0,0,0,0,0,0,0,1,0,0,0,0,0,0,0,0,0,0,0,0,0,0,0,0,0,0,0,0,0,0,0,0,0,0,0,0,0,0,30.231116,0.386111,0.212121,0.304939,0.258398,0.185893,0.944882,0.925197,0.480315,0.129932,0,0,0,1,0,1,0,0,0,0,0,0,0,0,0,0,0,0,0,0,0,0,0,0,0,0,0,0,0,0,0,0,0,0,0,0,0,0,0,0,0,0,0,0,4
java.lang.NumberFormatException: multiple points
linha fdp!!!!
0.165583,0.394444,0.378788,0.021475,0.236434,0.157932,0.972441,0.885827,0.358268,0.160.186093,0.222222,0.181818,0,0.223514,0.11873,0.929134,0.858268,0.437008,0.155165,0,0,0,1,0,0,0,0,0,0,0,0,0,1,0,0,0,0,0,0,0,0,0,0,0,0,0,0,0,0,0,0,0,0,0,0,0,0,0,0,0,0,0,0,4
java.lang.NumberFormatException: multiple points
linha fdp!!!!
0.438719,0.283333,0.212121,0.299213,0.426357,0.219896,0.956693,0.870079,0.409449,0.10.36018,0.505556,0.090909,0.204009,0.321705,0.12702,0.874016,0.96063,0.61811,0.190297,0,0,1,0,0,1,0,0,0,0,0,0,0,0,0,0,0,0,0,0,0,0,0,0,0,0,0,0,0,0,0,0,0,0,0,0,0,0,0,0,0,0,0,0,3
java.lang.NumberFormatException: multiple points
linha fdp!!!!
0.290645,0.552778,0.136364,0.021475,0.219638,0.028242,0.854331,0.976378,0.649606,0.0.458229,0.444444,0.242424,0.27917,0.459948,0.414922,0.925197,0.952756,0.523622,0.192806,0,0,1,0,0,0,0,1,0,0,0,0,0,0,0,0,0,0,0,0,0,0,0,0,0,0,0,0,0,0,0,0,0,0,0,0,0,0,0,0,0,0,0,0,3
java.lang.NumberFormatException: multiple points
linha fdp!!!!
0.33967,0.233333,0.075758,0.136006,0.255814,0.090.52076,0.216667,0.151515,0,0.223514,0.737811,0.92126,0.870079,0.464567,0.572703,1,0,0,0,0,0,0,0,0,0,0,0,0,0,0,0,0,0,0,0,0,0,0,0,0,0,0,0,0,0,0,0,1,0,0,0,0,0,0,0,0,0,0,0,2
java.lang.NumberFormatException: multiple points
linha fdp!!!!
0.367684,0.297222,0.075758,0.128848,0.229974,0.092455,0.901575,0.92126,0.0.451726,0.144444,0.136364,0.231926,0.273902,0.373191,0.885827,0.870079,0.511811,0.939914,1,0,0,0,0,0,0,0,0,0,0,0,0,0,0,1,0,0,0,0,0,0,0,0,0,0,0,0,0,0,0,0,0,0,0,0,0,0,0,0,0,0,0,0,10.451726,0.088889,0.136364,0.214746,0.273902,0.369116,0.858268,0.866142,0.53937,0.944096,1,0,0,0,0,0,0,0,0,0,0,0,0,0,0,0,0,0,0,0,0,0,0,1,0,0,0,0,0,0,0,0,0,0,0,0,0,0,0,0,0,0,0,0,1
java.lang.NumberFormatException: multiple points
linha fdp!!!!
0.384692,0.8,0.045455,0.198282,0.248062,0.1436,0.830709,0.940945,0.653543,0.0.551776,0.25,0.090909,0.176807,0.27907,0.775608,0.901575,0.909449,0.535433,0.544681,1,0,0,0,0,0,0,0,0,0,0,0,0,0,0,0,0,0,0,0,0,0,0,0,0,0,0,0,0,0,0,0,1,0,0,0,0,0,0,0,0,0,0,0,2
java.lang.NumberFormatException: multiple points
linha fdp!!!!
0.577789,0.6,0.181818,0.021475,0.215762,0.805677,0.818898,0.9880.568284,0.938889,0.166667,0.400859,0.321705,0.707039,0.771654,0.885827,0.65748,0.741113,1,0,0,0,0,0,0,0,0,0,0,0,0,0,0,0,0,0,0,0,0,0,0,0,0,0,0,1,0,0,0,0,0,0,0,0,0,0,0,0,0,0,0,0,2
java.lang.NumberFormatException: multiple points
linha fdp!!!!
0.367684,0.161111,0.181818,0.231926,0.31137,0.128003,0.897638,0.846457,0.40.554777,0.575,0.212121,0.107373,0.244186,0.770971,0.826772,0.992126,0.688976,0.358846,1,0,0,0,0,0,0,0,0,0,0,0,0,0,0,0,0,0,0,0,0,0,0,0,0,0,1,0,0,0,0,0,0,0,0,0,0,0,0,0,0,0,0,0,1
java.lang.NumberFormatException: multiple points
linha fdp!!!!
0.449225,0.336111,0.090909,0,0.223514,0.33130.535268,0.508333,0.151515,0.214746,0.260982,0.783195,0.877953,0.972441,0.614173,0.647707,1,0,0,0,0,0,0,0,0,0,0,0,0,0,0,0,0,0,0,0,0,0,0,0,0,0,0,0,0,0,0,0,0,1,0,0,0,0,0,0,0,0,0,0,20.536768,0.488889,0.181818,0.198282,0.264858,0.785724,0.889764,0.968504,0.590551,0.650634,1,0,0,0,0,0,0,0,0,0,0,0,0,0,0,0,0,0,0,0,0,0,0,0,0,0,0,0,0,0,0,0,0,1,0,0,0,0,0,0,0,0,0,0,2
java.lang.NumberFormatException: multiple points
linha fdp!!!!
0.543272,0.197222,0.136364,0.064420.483742,0.944444,0.090909,0.167502,0.235142,0.393705,0.818898,0.913386,0.637795,0.593476,1,0,0,0,0,0,0,0,0,0,0,0,0,0,0,0,0,0,0,0,0,0,0,0,0,0,0,0,0,0,0,0,0,1,0,0,0,0,0,0,0,0,0,0,2
java.lang.NumberFormatException: multiple points
linha fdp!!!!
0.554777,0.297222,0.136364,0.214746,0.277778,0.721371,0.929134,0.9010.415208,0.391667,0.151515,0.355762,0.24677,0.164676,0.929134,0.933071,0.515748,0.384497,1,0,0,0,0,0,0,0,0,0,0,0,0,0,0,1,0,0,0,0,0,0,0,0,0,0,0,0,0,0,0,0,0,0,0,0,0,0,0,0,0,0,0,0,2
java.lang.NumberFormatException: multiple points
linha fdp!!!!
0.406703,0.213889,0.378788,0.184681,0.3165370.571286,0.155556,0.106061,0.450966,0.260982,0.785443,0.885827,0.885827,0.527559,0.900042,1,0,0,0,0,0,0,0,0,0,0,0,0,0,0,0,0,0,0,0,0,0,0,1,0,0,0,0,0,0,0,0,0,0,0,0,0,0,0,0,0,0,0,0,10.569785,0.033333,0.151515,0.429492,0.257106,0.781369,0.826772,0.866142,0.574803,0.903388,1,0,0,0,0,0,0,0,0,0,0,0,0,0,0,0,0,0,0,0,0,0,0,1,0,0,0,0,0,0,0,0,0,0,0,0,0,0,0,0,0,0,0,0,1
java.lang.NumberFormatException: multiple points
linha fdp!!!!
0.627314,0.102778,0.250.498249,0.980556,0.121212,0.04796,0.223514,0.424617,0.811024,0.889764,0.622047,0.563084,1,0,0,0,0,0,0,0,0,0,0,0,0,0,0,0,0,0,0,0,0,0,0,0,0,0,0,0,0,0,0,0,0,1,0,0,0,0,0,0,0,0,0,0,2
java.lang.NumberFormatException: multiple points
linha fdp!!!!
0.534767,0.305556,0.106061,0.167502,0.242894,0.50.584292,0.336111,0.181818,0.334288,0.379845,0.599831,0.948819,0.905512,0.456693,0.667921,1,0,0,0,0,0,0,0,0,0,0,0,0,0,0,0,0,0,0,0,0,0,0,0,0,0,0,0,0,0,0,0,1,0,0,0,0,0,0,0,0,0,0,0,2
java.lang.NumberFormatException: multiple points
linha fdp!!!!
0.554777,0.905556,0.181818,0.04796,0.244186,0.640017,0.0.584292,0.166667,0.166667,0.327845,0.286822,0.749192,0.901575,0.850394,0.468504,0.863377,1,0,0,0,0,0,0,0,0,0,0,0,0,0,0,1,0,0,0,0,0,0,0,0,0,0,0,0,0,0,0,0,0,0,0,0,0,0,0,0,0,0,0,0,1
java.lang.NumberFormatException: multiple points
linha fdp!!!!
0.537269,0.119444,0.121212,0.198282,0.249354,0.533511,0.874016,0.877953,0.530.554777,0.647222,0.136364,0.370795,0.316537,0.834621,0.807087,0.980315,0.708661,0.894884,1,0,0,0,0,0,0,0,0,0,0,0,0,0,0,0,0,0,0,0,0,0,0,0,0,0,0,0,0,0,0,0,1,0,0,0,0,0,0,0,0,0,0,0,1
java.lang.NumberFormatException: multiple points
linha fdp!!!!
0.681341,0.194444,0.257576,0.194703,0.282946,0.472531,0.929134,0.807087,0.37790.547274,0.65,0.030303,0.274875,0.275194,0.543206,0.850394,0.948819,0.637795,0.6208,1,0,0,0,0,0,0,0,0,0,0,0,0,0,0,1,0,0,0,0,0,0,0,0,0,0,0,0,0,0,0,0,0,0,0,0,0,0,0,0,0,0,0,0,20.549275,0.875,0.015152,0.26199,0.280362,0.539272,0.850394,0.933071,0.625984,0.616757,1,0,0,0,0,0,0,0,0,0,0,0,0,0,0,1,0,0,0,0,0,0,0,0,0,0,0,0,0,0,0,0,0,0,0,0,0,0,0,0,0,0,0,0,2
java.lang.NumberFormatException: multiple points
linha fdp!!!!
0.534267,0.452778,0.227273,0.259127,0.320413,0.446536,0.917323,0.956693,0.50.336168,0.483333,0.060606,0.115963,0.218346,0.086834,0.874016,0.952756,0.610236,0.062178,1,0,0,0,0,0,0,0,0,0,0,0,0,0,0,0,0,0,0,0,0,0,0,0,0,0,1,0,0,0,0,0,0,0,0,0,0,0,0,0,0,0,0,0,2
java.lang.NumberFormatException: multiple points
linha fdp!!!!
0.52076,0.797222,0.075758,0.088762,0.228682,0.738935,0.811024,0.944882,0.677165,0.0.489245,0.544444,0.121212,0.128848,0.250646,0.434453,0.862205,0.972441,0.641732,0.372508,1,0,0,0,0,0,0,0,0,0,0,0,0,0,0,1,0,0,0,0,0,0,0,0,0,0,0,0,0,0,0,0,0,0,0,0,0,0,0,0,0,0,0,0,2
java.lang.NumberFormatException: multiple points
learning evaluation instances,Wall Time (Actual Time),Avg Delay (ms),outRate (inst/s),classified instances,classifications correct (percent),Kappa Statistic (percent),Kappa Temporal Statistic (percent),Kappa M Statistic (percent),F1 Score (percent),F1 Score for class 0 (percent),F1 Score for class 1 (percent),F1 Score for class 2 (percent),F1 Score for class 3 (percent),F1 Score for class 4 (percent),F1 Score for class 5 (percent),F1 Score for class 6 (percent),Precision (percent),Precision for class 0 (percent),Precision for class 1 (percent),Precision for class 2 (percent),Precision for class 3 (percent),Precision for class 4 (percent),Precision for class 5 (percent),Precision for class 6 (percent),Recall (percent),Recall for class 0 (percent),Recall for class 1 (percent),Recall for class 2 (percent),Recall for class 3 (percent),Recall for class 4 (percent),Recall for class 5 (percent),Recall for class 6 (percent),model training instances,model serialized size (bytes)
69625.0,600.14599609375,126.0,116.01343536376953,69600.0,88.71264367816092,78.3878826385444,-1.6563146997929503,68.80806797427142,68.1567981826863,?,80.8921772861145,93.712444483149,69.39232707924951,85.86626139817629,74.44269308714254,70.82417582417581,69.24526159033627,0.0,90.79255018947029,90.70487830576336,72.3292469352014,79.31679925128685,76.10497237569061,75.46838407494145,67.10202423453326,0.0,72.93866183042942,96.92629872323178,66.68460710441335,93.5946990612921,72.85147642133099,66.7184265010352,0.0,1.0
