Connected!
linha fdp!!!!
0.111056,0.210.706353,0.469444,0.121212,0.300644,0.346253,0.471547,0.893701,0.96063,0.586614,0.405967,1,0,0,0,0,0,0,0,0,0,0,0,0,0,0,0,0,0,0,0,0,0,0,0,0,0,1,0,0,0,0,0,0,0,0,0,0,0,0,0,0,0,0,0,1
java.lang.NumberFormatException: multiple points
linha fdp!!!!
0.366683,0.305556,0.19697,0.042949,0.220.630315,0.094444,0.257576,0.448103,0.165375,0.590136,0.846457,0.791339,0.46063,0.610623,1,0,0,0,0,0,0,0,0,0,0,0,0,0,0,0,0,0,0,0,0,0,0,0,0,0,1,0,0,0,0,0,0,0,0,0,0,0,0,0,0,0,0,0,10.628814,0.069444,0.242424,0.455261,0.152455,0.591963,0.826772,0.80315,0.496063,0.612296,1,0,0,0,0,0,0,0,0,0,0,0,0,0,0,0,0,0,0,0,0,0,0,0,0,0,1,0,0,0,0,0,0,0,0,0,0,0,0,0,0,0,0,0,1
java.lang.NumberFormatException: multiple points
linha fdp!!!!
0.550275,0.269444,0.121212,0.442377,0.217054,0.579458,0.91730.476738,0.177778,0.106061,0.215462,0.226098,0.299564,0.893701,0.889764,0.523622,0.308518,1,0,0,0,0,0,0,0,0,0,0,0,0,0,0,1,0,0,0,0,0,0,0,0,0,0,0,0,0,0,0,0,0,0,0,0,0,0,0,0,0,0,0,0,20.475738,0.055556,0.090909,0.236936,0.223514,0.296895,0.850394,0.897638,0.586614,0.304475,1,0,0,0,0,0,0,0,0,0,0,0,0,0,0,1,0,0,0,0,0,0,0,0,0,0,0,0,0,0,0,0,0,0,0,0,0,0,0,0,0,0,0,0,2
java.lang.NumberFormatException: multiple points
linha fdp!!!!
0.584292,0.769440.571286,0.063889,0.272727,0.219041,0.211886,0.512716,0.814961,0.787402,0.488189,0.806218,1,0,0,0,0,0,0,0,0,0,0,0,0,0,0,0,0,0,0,0,0,0,0,0,0,0,0,0,0,0,0,0,1,0,0,0,0,0,0,0,0,0,0,0,1
java.lang.NumberFormatException: multiple points
linha fdp!!!!
0.57979,0.205556,0.19697,0.156049,0.282946,0.720.452226,0.147222,0.136364,0.088762,0.231266,0.412814,0.889764,0.866142,0.503937,0.319113,1,0,0,0,0,0,0,0,0,0,0,0,0,0,0,1,0,0,0,0,0,0,0,0,0,0,0,0,0,0,0,0,0,0,0,0,0,0,0,0,0,0,0,0,2
java.lang.NumberFormatException: multiple points
linha fdp!!!!
0.545273,0.169444,0.075758,0.2398,0.260.465733,0.344444,0.166667,0.211167,0.308786,0.413236,0.940945,0.913386,0.484252,0.351875,1,0,0,0,0,0,0,0,0,0,0,0,0,0,0,1,0,0,0,0,0,0,0,0,0,0,0,0,0,0,0,0,0,0,0,0,0,0,0,0,0,0,0,0,20.463232,0.347222,0.166667,0.204009,0.302326,0.409161,0.940945,0.913386,0.476378,0.347832,1,0,0,0,0,0,0,0,0,0,0,0,0,0,0,1,0,0,0,0,0,0,0,0,0,0,0,0,0,0,0,0,0,0,0,0,0,0,0,0,0,0,0,0,2
java.lang.NumberFormatException: multiple points
linha fdp!!!!
0.574787,0.708333,0.19697,0.519685,0.359173,0.829563,0.748031,0.9760.441721,0.069444,0.151515,0.23121,0.293282,0.280315,0.846457,0.862205,0.551181,0.282169,1,0,0,0,0,0,0,0,0,0,0,0,0,0,0,1,0,0,0,0,0,0,0,0,0,0,0,0,0,0,0,0,0,0,0,0,0,0,0,0,0,0,0,0,20.44072,0.008333,0.136364,0.23622,0.29845,0.276099,0.818898,0.877953,0.598425,0.278963,1,0,0,0,0,0,0,0,0,0,0,0,0,0,0,1,0,0,0,0,0,0,0,0,0,0,0,0,0,0,0,0,0,0,0,0,0,0,0,0,0,0,0,0,2
java.lang.NumberFormatException: multiple points
linha fdp!!!!
0.597799,0.469444,0.19697,0.464567,0.294574,0.771814,0.905512,0.0.543272,0.05,0.151515,0.154617,0.280362,0.637066,0.838583,0.866142,0.562992,0.394674,1,0,0,0,0,0,0,0,0,0,0,0,0,0,0,0,0,0,0,0,0,0,0,0,0,0,1,0,0,0,0,0,0,0,0,0,0,0,0,0,0,0,0,0,2
java.lang.NumberFormatException: multiple points
linha fdp!!!!
0.0.597799,0.180556,0.242424,0.077309,0.217054,0.597583,0.917323,0.807087,0.385827,0.364422,1,0,0,0,0,0,0,0,0,0,0,0,0,0,0,0,0,0,0,0,0,0,0,0,0,0,0,0,0,0,0,0,1,0,0,0,0,0,0,0,0,0,0,0,2
java.lang.NumberFormatException: multiple points
linha fdp!!!!
0.57979,0.297222,0.166667,0.163207,0.25323,0.583392,0.937008,0.893700.528264,0.294444,0.045455,0.289191,0.303618,0.374315,0.889764,0.925197,0.570866,0.320647,1,0,0,0,0,0,0,0,0,0,0,0,0,0,0,0,0,0,0,0,0,0,0,0,0,0,0,0,0,0,0,0,1,0,0,0,0,0,0,0,0,0,0,0,20.525763,0.333333,0.166667,0.303508,0.295866,0.370943,0.944882,0.905512,0.468504,0.32469,1,0,0,0,0,0,0,0,0,0,0,0,0,0,0,0,0,0,0,0,0,0,0,0,0,0,0,0,0,0,0,0,1,0,0,0,0,0,0,0,0,0,0,0,2
java.lang.NumberFormatException: multiple points
linha fdp!!!!
0.55978,0.422220.573787,0.247222,0.181818,0.212598,0.344961,0.742448,0.937008,0.866142,0.437008,0.071658,1,0,0,0,0,0,0,0,0,0,0,0,0,0,0,0,0,0,0,0,0,0,0,0,0,0,0,0,0,0,0,0,0,1,0,0,0,0,0,0,0,0,0,0,20.571786,0.266667,0.181818,0.198282,0.339793,0.738794,0.940945,0.877953,0.444882,0.067475,1,0,0,0,0,0,0,0,0,0,0,0,0,0,0,0,0,0,0,0,0,0,0,0,0,0,0,0,0,0,0,0,0,1,0,0,0,0,0,0,0,0,0,0,2
java.lang.NumberFormatException: multiple points
linha fdp!!!!
0.543772,0.327778,0.106061,0.167502,0.288114,0.451314,0.913386,0.92126,0.527559,0.260.554277,0.811111,0.378788,0.136006,0.319121,0.770128,0.559055,0.889764,0.866142,0.121567,1,0,0,0,0,0,0,0,0,0,0,0,0,0,0,0,0,0,0,0,0,0,0,0,0,0,0,0,0,0,0,0,1,0,0,0,0,0,0,0,0,0,0,0,20.56028,0.825,0.333333,0.154617,0.334625,0.767037,0.606299,0.893701,0.830709,0.1185,1,0,0,0,0,0,0,0,0,0,0,0,0,0,0,0,0,0,0,0,0,0,0,0,0,0,0,0,0,0,0,0,1,0,0,0,0,0,0,0,0,0,0,0,2
java.lang.NumberFormatException: multiple points
BYTES READ -1
learning evaluation instances,Wall Time (Actual Time),Avg Delay (ms),outRate (inst/s),classified instances,classifications correct (percent),Kappa Statistic (percent),Kappa Temporal Statistic (percent),Kappa M Statistic (percent),F1 Score (percent),F1 Score for class 0 (percent),F1 Score for class 1 (percent),F1 Score for class 2 (percent),F1 Score for class 3 (percent),F1 Score for class 4 (percent),F1 Score for class 5 (percent),F1 Score for class 6 (percent),Precision (percent),Precision for class 0 (percent),Precision for class 1 (percent),Precision for class 2 (percent),Precision for class 3 (percent),Precision for class 4 (percent),Precision for class 5 (percent),Precision for class 6 (percent),Recall (percent),Recall for class 0 (percent),Recall for class 1 (percent),Recall for class 2 (percent),Recall for class 3 (percent),Recall for class 4 (percent),Recall for class 5 (percent),Recall for class 6 (percent),model training instances,model serialized size (bytes),ensemble size,change detections,[avg] model training instances,[err] model training instances,[avg] model serialized size (bytes),[err] model serialized size (bytes),[avg] tree size (nodes),[err] tree size (nodes),[avg] tree size (leaves),[err] tree size (leaves),[avg] active learning leaves,[err] active learning leaves,[avg] tree depth,[err] tree depth,[avg] active leaf byte size estimate,[err] active leaf byte size estimate,[avg] inactive leaf byte size estimate,[err] inactive leaf byte size estimate,[avg] byte size estimate overhead,[err] byte size estimate overhead
132000.0,599.4739990234375,6318.0,220.1930389404297,130000.0,92.14769230769231,82.46356237180942,-7.215628610440003,73.25438205779862,68.72271113733065,5.882352941176471,86.18678506923541,95.71397779933183,65.08538899430741,84.94155397662159,75.83960920008141,63.59237119271278,69.72935173388053,8.0,89.24257772929167,94.73083527993771,62.194016319129645,78.38409475465313,76.16516762060506,79.38877043354655,67.74472145122218,4.651162790697675,83.33333333333334,96.71774096943166,68.2587064676617,92.69634817408703,75.51682205107419,53.03893637226971,0.0,1.0,25.0,66.0,372097.48,254584.37394426495,1.0,0.0,175.28000000000003,124.44862393775192,88.11999999999999,62.253728134680145,88.11999999999999,62.253728134680145,11.64,4.508140784551136,0.0,0.0,0.0,0.0,1.0,0.0
