Connected!
[newChuckSize]:0
thread is open, sizeMB500
[newChuckSize]:500
thread is open, sizeMB500
thread is open, sizeMB500
print extradionario!!!!
0.368184,0.441667,0.19697,0,0.223514,0.252635,0.917323,0.90.74087,0.933333,0.424242,0.09592,0.277778,0.481383,0.574803,0.744094,0.688976,0.328733,0,0,1,0,0,0,0,0,0,0,0,0,0,0,0,0,0,0,0,0,0,0,0,0,0,0,0,1,0,0,0,0,0,0,0,0,0,0,0,0,0,0,0,0,70.626313,0.266667,0.106061,0.236936,0.324289,0.025573,0.913386,0.905512,0.515748,0.162693,0,0,1,0,0,0,0,0,0,0,0,0,0,0,0,0,0,0,0,0,0,0,0,0,0,0,0,0,0,0,0,0,0,0,0,1,0,0,0,0,0,0,0,0,2
java.lang.NumberFormatException: multiple points
thread is open, sizeMB500
thread is open, sizeMB500
thread is open, sizeMB250
[newChuckSize]:250
print extradionario!!!!
0.510755,0.169444,0.181818,0.204009,0.26615,0.559927,0.905512,0.846457,0.0.656828,0.011111,0.151515,0.258411,0.299742,0.678095,0.814961,0.866142,0.594488,0.21553,1,0,0,0,0,0,0,0,0,0,0,0,0,0,0,0,0,0,0,0,0,0,0,0,0,0,0,0,0,0,0,0,1,0,0,0,0,0,0,0,0,0,0,0,10.654827,0.038889,0.151515,0.24481,0.294574,0.680343,0.826772,0.858268,0.566929,0.216925,1,0,0,0,0,0,0,0,0,0,0,0,0,0,0,0,0,0,0,0,0,0,0,0,0,0,0,0,0,0,0,0,1,0,0,0,0,0,0,0,0,0,0,0,1
java.lang.NumberFormatException: multiple points
thread is open, sizeMB250
thread is open, sizeMB250
print extradionario!!!!
0.546773,0.891667,0.0.323162,0.180556,0.227273,0.068003,0.22093,0.063229,0.917323,0.822835,0.413386,0.046703,1,0,0,0,0,0,0,0,0,0,0,0,0,0,0,0,0,0,0,0,0,0,0,0,0,0,0,0,0,0,0,0,1,0,0,0,0,0,0,0,0,0,0,0,20.32016,0.063889,0.151515,0.060845,0.218346,0.059014,0.84252,0.862205,0.551181,0.050467,1,0,0,0,0,0,0,0,0,0,0,0,0,0,0,0,0,0,0,1,0,0,0,0,0,0,0,0,0,0,0,0,0,0,0,0,0,0,0,0,0,0,0,0,2
java.lang.NumberFormatException: multiple points
thread is open, sizeMB250
print extradionario!!!!
0.563282,0.086111,0.121212,0.125268,0.249354,0.468456,0.858268,0.8740160.592296,0.061111,0.075758,0.251253,0.308786,0.719404,0.854331,0.901575,0.586614,0.508434,1,0,0,0,0,0,0,0,0,0,0,0,0,0,0,0,0,0,0,0,0,0,0,0,0,0,0,0,0,0,0,0,1,0,0,0,0,0,0,0,0,0,0,0,20.592296,0.102778,0.106061,0.24481,0.308786,0.715189,0.866142,0.88189,0.547244,0.507319,1,0,0,0,0,0,0,0,0,0,0,0,0,0,0,0,0,0,0,0,0,0,0,0,0,0,0,0,0,0,0,0,1,0,0,0,0,0,0,0,0,0,0,0,2
java.lang.NumberFormatException: multiple points
print extradionario!!!!
0.377189,0.0.442721,0.233333,0.030303,0.300644,0.321705,0.242377,0.874016,0.925197,0.586614,0.257354,1,0,0,0,0,0,0,0,0,0,0,0,0,0,0,1,0,0,0,0,0,0,0,0,0,0,0,0,0,0,0,0,0,0,0,0,0,0,0,0,0,0,0,0,20.442721,0.258333,0.075758,0.30136,0.325581,0.238162,0.897638,0.913386,0.543307,0.254426,1,0,0,0,0,0,0,0,0,0,0,0,0,0,0,1,0,0,0,0,0,0,0,0,0,0,0,0,0,0,0,0,0,0,0,0,0,0,0,0,0,0,0,0,2
java.lang.NumberFormatException: multiple points
thread is open, sizeMB250
thread is open, sizeMB250
print extradionario!!!!
0.458729,0.955556,0.439394,0.1982820.561281,0.088889,0.090909,0.333572,0.229974,0.74582,0.862205,0.893701,0.570866,0.216088,1,0,0,0,0,0,0,0,0,0,0,0,0,0,0,0,0,0,0,0,0,0,0,0,0,0,1,0,0,0,0,0,0,0,0,0,0,0,0,0,0,0,0,0,20.561781,0.952778,0.090909,0.312813,0.231266,0.741745,0.818898,0.909449,0.633858,0.2133,1,0,0,0,0,0,0,0,0,0,0,0,0,0,0,0,0,0,0,0,0,0,0,0,0,0,1,0,0,0,0,0,0,0,0,0,0,0,0,0,0,0,0,0,2
java.lang.NumberFormatException: multiple points
thread is open, sizeMB250
thread is open, sizeMB250
thread is open, sizeMB250
print extradionario!!!!
0.529265,0.0.596298,0.222222,0.106061,0.27917,0.25969,0.659829,0.901575,0.897638,0.523622,0.158372,1,0,0,0,0,0,0,0,0,0,0,0,0,0,0,0,0,0,0,0,0,0,0,0,0,0,0,0,0,0,0,0,1,0,0,0,0,0,0,0,0,0,0,0,10.594297,0.297222,0.075758,0.298497,0.255814,0.658002,0.901575,0.92126,0.547244,0.162415,1,0,0,0,0,0,0,0,0,0,0,0,0,0,0,0,0,0,0,0,0,0,0,0,0,0,0,0,0,0,0,0,1,0,0,0,0,0,0,0,0,0,0,0,1
java.lang.NumberFormatException: multiple points
print extradionario!!!!
0.3992,0.3,0.212121,0.077309,0.202842,0.169875,0.96063,0.874016,0.409449,0.20.667334,0.694444,0.318182,0.423049,0.387597,0.853449,0.673228,0.984252,0.838583,0.261955,1,0,0,0,0,0,0,0,0,0,0,0,0,0,0,0,0,0,0,0,0,0,0,0,0,0,0,0,0,0,0,0,0,1,0,0,0,0,0,0,0,0,0,0,20.672836,0.697222,0.287879,0.442377,0.401809,0.856962,0.685039,0.984252,0.830709,0.260839,1,0,0,0,0,0,0,0,0,0,0,0,0,0,0,0,0,0,0,0,0,0,0,0,0,0,0,0,0,0,0,0,0,1,0,0,0,0,0,0,0,0,0,0,2
java.lang.NumberFormatException: multiple points
thread is open, sizeMB250
thread is open, sizeMB250
thread is open, sizeMB250
print extradionario!!!!
0.661331,0.763889,0.166667,0.042949,0.236434,0.803147,0.751960.622811,0.394444,0.257576,0.204009,0.275194,0.568498,0.952756,0.92126,0.452756,0.078071,1,0,0,0,0,0,0,0,0,0,0,0,0,0,0,0,0,0,0,0,0,0,0,0,0,0,0,0,0,0,0,0,0,1,0,0,0,0,0,0,0,0,0,0,20.62031,0.405556,0.212121,0.198282,0.268734,0.564283,0.940945,0.933071,0.488189,0.074167,1,0,0,0,0,0,0,0,0,0,0,0,0,0,0,0,0,0,0,0,0,0,0,0,0,0,0,0,0,0,0,0,0,1,0,0,0,0,0,0,0,0,0,0,2
java.lang.NumberFormatException: multiple points
thread is open, sizeMB250
thread is open, sizeMB250
print extradionario!!!!
0.607304,0.163889,0.242424,0.085898,0.210594,0.244766,0.909449,0.807087,0.401575,0.4300.674837,0.813889,0.257576,0.021475,0.21447,0.505269,0.673228,0.92126,0.795276,0.243134,1,0,0,0,0,0,0,0,0,0,0,0,0,0,0,0,0,0,0,0,0,0,0,0,0,1,0,0,0,0,0,0,0,0,0,0,0,0,0,0,0,0,0,0,10.678839,0.830556,0.227273,0,0.223514,0.501475,0.700787,0.917323,0.767717,0.246898,1,0,0,0,0,0,0,0,0,0,0,0,0,0,0,0,0,0,0,0,0,0,0,0,0,1,0,0,0,0,0,0,0,0,0,0,0,0,0,0,0,0,0,0,1
java.lang.NumberFormatException: multiple points
thread is open, sizeMB250
thread is open, sizeMB250
thread is open, sizeMB250
print extradionario!!!!
0.11956,0.819444,0.530303,0.042949,0.27907,0.033722,0.413386,0.814961,0.9133860.491246,0.833333,0.106061,0.242663,0.27907,0.133905,0.795276,0.933071,0.688976,0.037362,0,0,1,0,0,0,0,0,0,0,0,0,0,0,0,0,0,0,0,0,0,0,0,0,0,0,0,0,0,0,0,0,0,0,0,1,0,0,0,0,0,0,0,0,20.491746,0.905556,0.030303,0.228346,0.29845,0.134888,0.846457,0.933071,0.629921,0.039454,0,0,1,0,0,0,0,0,0,0,0,0,0,0,0,0,0,0,0,0,0,0,0,0,0,0,0,0,0,0,0,0,0,0,0,1,0,0,0,0,0,0,0,0,2
java.lang.NumberFormatException: multiple points
thread is open, sizeMB250
print extradionario!!!!
0.189595,0.891667,0.424242,0.042949,0.273902,0.0210.581791,0.880556,0.151515,0.19184,0.271318,0.098356,0.76378,0.909449,0.700787,0.116688,0,0,1,0,0,0,0,0,0,0,0,0,0,0,0,0,0,0,0,0,0,0,0,0,0,0,0,0,0,0,0,0,0,0,1,0,0,0,0,0,0,0,0,0,20.583292,0.047222,0.121212,0.211167,0.262274,0.097794,0.84252,0.877953,0.574803,0.112645,0,0,1,0,0,0,0,0,0,0,0,0,0,0,0,0,0,0,0,0,0,0,0,0,0,0,0,0,0,0,0,0,0,0,1,0,0,0,0,0,0,0,0,0,2
java.lang.NumberFormatException: multiple points
print extradionario!!!!
0.732866,0.547222,0.272727,0.462419,0.348837,0.551075,0.834646,0.992126,0.661417,0.0.489745,0.633333,0.333333,0.042949,0.248062,0.194042,0.716535,1,0.795276,0.257912,0,0,1,0,0,0,0,1,0,0,0,0,0,0,0,0,0,0,0,0,0,0,0,0,0,0,0,0,0,0,0,0,0,0,0,0,0,0,0,0,0,0,0,0,20.494747,0.636111,0.333333,0.04796,0.254522,0.193902,0.708661,1,0.799213,0.261955,0,0,1,0,0,0,0,1,0,0,0,0,0,0,0,0,0,0,0,0,0,0,0,0,0,0,0,0,0,0,0,0,0,0,0,0,0,0,0,0,0,0,0,0,2
java.lang.NumberFormatException: multiple points
thread is open, sizeMB250
thread is open, sizeMB250
learning evaluation instances,Wall Time (Actual Time),Avg Delay (ms),outRate (inst/s),classified instances,classifications correct (percent),Kappa Statistic (percent),Kappa Temporal Statistic (percent),Kappa M Statistic (percent),F1 Score (percent),F1 Score for class 0 (percent),F1 Score for class 1 (percent),F1 Score for class 2 (percent),F1 Score for class 3 (percent),F1 Score for class 4 (percent),F1 Score for class 5 (percent),F1 Score for class 6 (percent),Precision (percent),Precision for class 0 (percent),Precision for class 1 (percent),Precision for class 2 (percent),Precision for class 3 (percent),Precision for class 4 (percent),Precision for class 5 (percent),Precision for class 6 (percent),Recall (percent),Recall for class 0 (percent),Recall for class 1 (percent),Recall for class 2 (percent),Recall for class 3 (percent),Recall for class 4 (percent),Recall for class 5 (percent),Recall for class 6 (percent),model training instances,model serialized size (bytes),ensemble size,[avg] model training instances,[err] model training instances,[avg] model serialized size (bytes),[err] model serialized size (bytes),[avg] tree size (nodes),[err] tree size (nodes),[avg] tree size (leaves),[err] tree size (leaves),[avg] active learning leaves,[err] active learning leaves,[avg] tree depth,[err] tree depth,[avg] active leaf byte size estimate,[err] active leaf byte size estimate,[avg] inactive leaf byte size estimate,[err] inactive leaf byte size estimate,[avg] byte size estimate overhead,[err] byte size estimate overhead
140598.0,120.177001953125,255.0,1169.92431640625,140500.0,83.23772241992883,67.7346161073017,-183.30325995428848,55.23134243242217,62.56983873829716,?,75.8436921962514,88.17984127695824,81.08634494698117,73.45454545454547,63.1003738855335,53.47432024169184,60.32290227592768,0.0,80.32494931229108,86.89413687977732,76.7827868852459,68.01346801346801,53.2007759456838,57.04419889502762,64.99064139110186,0.0,71.83602460121045,89.50416420152004,85.9009628610729,79.84189723320159,77.52650176678445,50.32493907392364,0.0,1.0,25.0,3349.24,2391.4202593159293,1.0,0.0,0.9599999999999999,0.19999999999999998,0.9599999999999999,0.19999999999999998,0.9599999999999999,0.19999999999999998,0.0,0.0,0.0,0.0,0.0,0.0,1.0,0.0
