Connected!
[newChuckSize]:0
thread is open, sizeMB500
[newChuckSize]:500
thread is open, sizeMB500
print extradionario!!!!
0.483742,0.030556,0.10.431716,0.208333,0.515152,0.068003,0.297158,0.013348,0.937008,0.614173,0.07874,0.226823,1,0,0,0,0,0,0,0,0,0,0,0,0,0,0,0,0,0,0,0,0,0,0,0,0,0,0,0,0,0,0,0,0,1,0,0,0,0,0,0,0,0,0,0,50.49925,0.241667,0.318182,0.125268,0.189922,0.04707,0.964567,0.791339,0.295276,0.245365,1,0,0,0,0,0,0,0,0,0,0,0,0,0,0,0,0,0,0,0,0,0,0,0,0,0,0,0,0,0,0,0,0,1,0,0,0,0,0,0,0,0,0,0,2
java.lang.NumberFormatException: multiple points
thread is open, sizeMB500
thread is open, sizeMB500
thread is open, sizeMB500
print extradionario!!!!
0.376188,0.338889,0.151515,0.021475,0.232558,0.0790.436718,0.363889,0.424242,0.030064,0.236434,0.487143,0.992126,0.834646,0.26378,0.822529,1,0,0,0,0,0,0,0,0,0,0,0,0,0,0,0,0,0,0,0,0,0,0,0,0,0,0,0,0,0,0,0,0,1,0,0,0,0,0,0,0,0,0,0,20.431716,0.391667,0.181818,0.021475,0.223514,0.483069,0.937008,0.929134,0.496063,0.826572,1,0,0,0,0,0,0,0,0,0,0,0,0,0,0,0,0,0,0,0,0,0,0,0,0,0,0,0,0,0,0,0,0,1,0,0,0,0,0,0,0,0,0,0,2
java.lang.NumberFormatException: multiple points
print extradionario!!!!
0.545273,0.347222,0.19697,0.20.473237,0.005556,0.121212,0.088762,0.24031,0.579036,0.822835,0.88189,0.606299,0.758678,1,0,0,0,0,0,0,0,0,0,0,0,0,0,0,0,0,0,0,1,0,0,0,0,0,0,0,0,0,0,0,0,0,0,0,0,0,0,0,0,0,0,0,0,10.474237,0.908333,0.181818,0.09592,0.25323,0.574961,0.751969,0.893701,0.688976,0.762861,1,0,0,0,0,0,0,0,0,0,0,0,0,0,0,0,0,0,0,1,0,0,0,0,0,0,0,0,0,0,0,0,0,0,0,0,0,0,0,0,0,0,0,0,1
java.lang.NumberFormatException: multiple points
thread is open, sizeMB500
print extradionario!!!!
0.355678,0.175,0.106061,0.150322,0.275194,0.190389,0.893701,0.885827,0.519685,0.60.466233,0.375,0.030303,0.163207,0.248062,0.424196,0.874016,0.937008,0.594488,0.909243,1,0,0,0,0,0,0,0,0,0,0,0,0,0,0,1,0,0,0,0,0,0,0,0,0,0,0,0,0,0,0,0,0,0,0,0,0,0,0,0,0,0,0,0,20.466233,0.5,0.015152,0.156049,0.248062,0.420542,0.862205,0.940945,0.61811,0.906037,1,0,0,0,0,0,0,0,0,0,0,0,0,0,0,0,0,0,0,0,0,0,0,0,0,0,0,0,0,0,0,0,0,1,0,0,0,0,0,0,0,0,0,0,2
java.lang.NumberFormatException: multiple points
print extradionario!!!!
0.448724,0.288889,0.106061,0.300644,0.222222,0.337221,0.0.636818,0.580556,0.181818,0.042949,0.235142,0.750597,0.826772,0.988189,0.688976,0.152098,1,0,0,0,0,0,0,0,0,0,0,0,0,0,0,0,0,0,0,0,0,0,0,0,0,0,0,0,0,0,0,0,1,0,0,0,0,0,0,0,0,0,0,0,10.636818,0.516667,0.212121,0.060845,0.24031,0.752564,0.874016,0.980315,0.622047,0.154329,1,0,0,0,0,0,0,0,0,0,0,0,0,0,0,0,0,0,0,0,0,0,0,0,0,0,0,0,0,0,0,0,1,0,0,0,0,0,0,0,0,0,0,0,1
java.lang.NumberFormatException: multiple points
thread is open, sizeMB500
thread is open, sizeMB500
print extradionario!!!!
0.584292,0,0.13630.548274,0.261111,0.19697,0.250537,0.337209,0.8231,0.944882,0.866142,0.42126,0.603792,1,0,0,0,0,0,0,0,0,0,0,0,0,0,0,0,0,0,0,0,0,0,0,0,0,0,0,0,0,0,0,0,1,0,0,0,0,0,0,0,0,0,0,0,20.546773,0.288889,0.121212,0.23121,0.329457,0.825348,0.92126,0.905512,0.507874,0.606859,1,0,0,0,0,0,0,0,0,0,0,0,0,0,0,0,0,0,0,0,0,0,0,0,0,0,0,0,0,0,0,0,1,0,0,0,0,0,0,0,0,0,0,0,2
java.lang.NumberFormatException: multiple points
thread is open, sizeMB500
print extradionario!!!!
0.382691,0.119444,0.30303,0.202577,0.290698,0.105662,0.866142,0.755906,0.389764,0.0.546773,0.747222,0.242424,0.125268,0.270026,0.717156,0.700787,0.96063,0.807087,0.600586,1,0,0,0,0,0,0,0,0,0,0,0,0,0,0,0,0,0,0,0,0,0,0,0,0,0,0,0,0,0,0,0,1,0,0,0,0,0,0,0,0,0,0,0,20.551776,0.725,0.181818,0.14388,0.29199,0.719404,0.744094,0.968504,0.767717,0.603095,1,0,0,0,0,0,0,0,0,0,0,0,0,0,0,0,0,0,0,0,0,0,0,0,0,0,0,0,0,0,0,0,1,0,0,0,0,0,0,0,0,0,0,0,2
java.lang.NumberFormatException: multiple points
thread is open, sizeMB500
print extradionario!!!!
0.448724,0.136111,0.272727,0.410165,0.10.574787,0.691667,0.212121,0.455261,0.355297,0.814107,0.740157,0.984252,0.783465,0.677123,1,0,0,0,0,0,0,0,0,0,0,0,0,0,0,0,0,0,0,0,0,0,0,0,0,0,0,0,0,0,0,0,1,0,0,0,0,0,0,0,0,0,0,0,20.57979,0.680556,0.19697,0.451682,0.258398,0.818041,0.76378,0.984252,0.759843,0.675031,1,0,0,0,0,0,0,0,0,0,0,0,0,0,0,0,0,0,0,0,0,0,0,0,0,0,0,0,0,0,0,0,1,0,0,0,0,0,0,0,0,0,0,0,2
java.lang.NumberFormatException: multiple points
thread is open, sizeMB500
print extradionario!!!!
0.566283,0.2,0.030303,0.194703,0.25323,0.454264,0.874016,0.92126,0.586614,0.8551510.416208,0.086111,0.045455,0.413028,0.319121,0.143319,0.862205,0.917323,0.594488,0.194898,1,0,0,0,0,0,0,0,0,0,0,0,0,0,0,1,0,0,0,0,0,0,0,0,0,0,0,0,0,0,0,0,0,0,0,0,0,0,0,0,0,0,0,0,20.416708,0,0.030303,0.416607,0.332041,0.139525,0.850394,0.925197,0.614173,0.193364,1,0,0,0,0,0,0,0,0,0,0,0,0,0,0,1,0,0,0,0,0,0,0,0,0,0,0,0,0,0,0,0,0,0,0,0,0,0,0,0,0,0,0,0,2
java.lang.NumberFormatException: multiple points
thread is open, sizeMB500
print extradionario!!!!
0.614807,0.880556,0.19697,0.064424,0.248062,0.456794,0.730.425213,0.088889,0.090909,0.064424,0.24031,0.180132,0.862205,0.889764,0.566929,0.311446,1,0,0,0,0,0,0,0,0,0,0,0,0,0,0,1,0,0,0,0,0,0,0,0,0,0,0,0,0,0,0,0,0,0,0,0,0,0,0,0,0,0,0,0,20.423212,0.097222,0.151515,0.064424,0.235142,0.176057,0.862205,0.862205,0.531496,0.309912,1,0,0,0,0,0,0,0,0,0,0,0,0,0,0,1,0,0,0,0,0,0,0,0,0,0,0,0,0,0,0,0,0,0,0,0,0,0,0,0,0,0,0,0,2
java.lang.NumberFormatException: multiple points
thread is open, sizeMB500
thread is open, sizeMB500
print extradionario!!!!
0.370685,0.069444,0.242424,0.088762,0.224806,0.054939,0.830709,0.803150.538769,0.211111,0.363636,0.214746,0.432817,0.603344,0.948819,0.73622,0.244094,0.093963,1,0,0,0,0,0,0,0,0,0,0,0,0,0,0,0,0,0,0,0,0,0,0,0,0,0,0,0,0,0,0,0,1,0,0,0,0,0,0,0,0,0,0,0,20.533767,0.155556,0.318182,0.193271,0.419897,0.59955,0.901575,0.748031,0.330709,0.095497,1,0,0,0,0,0,0,0,0,0,0,0,0,0,0,0,0,0,0,0,0,0,0,0,0,0,0,0,0,0,0,0,1,0,0,0,0,0,0,0,0,0,0,0,2
java.lang.NumberFormatException: multiple points
thread is open, sizeMB500
thread is open, sizeMB500
print extradionario!!!!
0.523762,0.772222,0.287879,0.077309,0.250640.582291,0.183333,0.121212,0.343593,0.324289,0.589434,0.901575,0.88189,0.503937,0.230029,1,0,0,0,0,0,0,0,0,0,0,0,0,0,0,0,0,0,0,0,0,0,0,0,0,0,0,0,0,0,0,0,1,0,0,0,0,0,0,0,0,0,0,0,20.57979,0.225,0.151515,0.322119,0.317829,0.586202,0.92126,0.874016,0.464567,0.234212,1,0,0,0,0,0,0,0,0,0,0,0,0,0,0,0,0,0,0,0,0,0,0,0,0,0,0,0,0,0,0,0,1,0,0,0,0,0,0,0,0,0,0,0,2
java.lang.NumberFormatException: multiple points
thread is open, sizeMB500
print extradionario!!!!
0.661831,0.744444,0.136364,0.431639,0.27261,0.863285,0.775591,0.9600.556278,0.25,0.030303,0.030064,0.223514,0.354363,0.874016,0.929134,0.590551,0.235606,1,0,0,0,0,0,0,0,0,0,0,0,0,0,0,0,0,0,0,0,0,0,1,0,0,0,0,0,0,0,0,0,0,0,0,0,0,0,0,0,0,0,0,0,20.555778,0.280556,0.015152,0.030064,0.223514,0.350148,0.870079,0.933071,0.598425,0.235188,1,0,0,0,0,0,0,0,0,0,0,0,0,0,0,0,0,0,0,0,0,0,1,0,0,0,0,0,0,0,0,0,0,0,0,0,0,0,0,0,0,0,0,0,2
java.lang.NumberFormatException: multiple points
thread is open, sizeMB500
thread is open, sizeMB500
print extradionario!!!!
0.48024,0.136111,0.348485,0.298497,0.412145,0.00.562281,0.216667,0.212121,0.04796,0.236434,0.373472,0.933071,0.838583,0.409449,0.03792,1,0,0,0,0,0,0,0,0,0,0,0,0,0,0,0,0,0,0,0,0,0,0,1,0,0,0,0,0,0,0,0,0,0,0,0,0,0,0,0,0,0,0,0,10.557279,0.213889,0.136364,0.042949,0.223514,0.369678,0.913386,0.88189,0.492126,0.038617,1,0,0,0,0,0,0,0,0,0,0,0,0,0,0,0,0,0,0,0,0,0,0,1,0,0,0,0,0,0,0,0,0,0,0,0,0,0,0,0,0,0,0,0,1
java.lang.NumberFormatException: multiple points
thread is open, sizeMB500
print extradionario!!!!
0.550275,0.922222,0.121212,0,0.223514,0.31207,0.79130.529265,0.152778,0.166667,0.107373,0.210594,0.098637,0.893701,0.846457,0.472441,0.288164,1,0,0,0,0,0,0,0,0,0,0,0,0,0,0,0,0,0,0,0,0,0,0,0,0,1,0,0,0,0,0,0,0,0,0,0,0,0,0,0,0,0,0,0,20.526763,0.133333,0.181818,0.128848,0.204134,0.094703,0.88189,0.84252,0.480315,0.283982,1,0,0,0,0,0,0,0,0,0,0,0,0,0,0,0,0,0,0,0,0,0,0,0,0,1,0,0,0,0,0,0,0,0,0,0,0,0,0,0,0,0,0,0,2
java.lang.NumberFormatException: multiple points
thread is open, sizeMB500
print extradionario!!!!
0.65983,0.183333,0.045455,0.077309,0.260982,0.672896,0.870.714857,0.625,0.060606,0.360057,0.343669,0.724322,0.84252,0.956693,0.653543,0.138575,1,0,0,0,0,0,0,0,0,0,0,0,0,0,0,0,0,0,0,0,0,0,0,0,0,0,0,0,0,0,0,0,1,0,0,0,0,0,0,0,0,0,0,0,20.715358,0.636111,0.075758,0.380816,0.280362,0.728397,0.838583,0.96063,0.665354,0.138296,1,0,0,0,0,0,0,0,0,0,0,0,0,0,0,0,0,0,0,0,0,0,0,0,0,0,0,0,0,0,0,0,1,0,0,0,0,0,0,0,0,0,0,0,2
java.lang.NumberFormatException: multiple points
thread is open, sizeMB500
thread is open, sizeMB500
thread is open, sizeMB500
thread is open, sizeMB500
learning evaluation instances,Wall Time (Actual Time),Avg Delay (ms),outRate (inst/s),classified instances,classifications correct (percent),Kappa Statistic (percent),Kappa Temporal Statistic (percent),Kappa M Statistic (percent),F1 Score (percent),F1 Score for class 0 (percent),F1 Score for class 1 (percent),F1 Score for class 2 (percent),F1 Score for class 3 (percent),F1 Score for class 4 (percent),F1 Score for class 5 (percent),F1 Score for class 6 (percent),Precision (percent),Precision for class 0 (percent),Precision for class 1 (percent),Precision for class 2 (percent),Precision for class 3 (percent),Precision for class 4 (percent),Precision for class 5 (percent),Precision for class 6 (percent),Recall (percent),Recall for class 0 (percent),Recall for class 1 (percent),Recall for class 2 (percent),Recall for class 3 (percent),Recall for class 4 (percent),Recall for class 5 (percent),Recall for class 6 (percent),model training instances,model serialized size (bytes),ensemble size,change detections,[avg] model training instances,[err] model training instances,[avg] model serialized size (bytes),[err] model serialized size (bytes),[avg] tree size (nodes),[err] tree size (nodes),[avg] tree size (leaves),[err] tree size (leaves),[avg] active learning leaves,[err] active learning leaves,[avg] tree depth,[err] tree depth,[avg] active leaf byte size estimate,[err] active leaf byte size estimate,[avg] inactive leaf byte size estimate,[err] inactive leaf byte size estimate,[avg] byte size estimate overhead,[err] byte size estimate overhead
99001.0,120.52100372314453,596.0,821.44189453125,99000.0,92.75454545454545,84.94435500483057,-46.897399139872995,79.3112399411612,69.30994043615529,?,90.2474575703252,94.85181094212246,85.27542372881355,67.69230769230768,72.50755287009063,73.52128247650636,69.39270136841948,0.0,91.74302551350615,94.26277327437977,88.55885588558856,73.33333333333333,67.9245283018868,69.92639327024185,69.22737667773295,0.0,88.79986811737554,95.44825656411771,82.2267620020429,62.857142857142854,77.7537796976242,77.50582750582751,0.0,1.0,25.0,196.0,150594.32,126714.84830342495,1.0,0.0,86.48,82.81662474004439,43.72,41.43018223469455,43.72,41.43018223469455,7.4,4.839077046985992,0.0,0.0,0.0,0.0,1.0,0.0
