Connected!
[newChuckSize]:0
thread is open, sizeMB500
[newChuckSize]:500
thread is open, sizeMB500
print extradionario!!!!
0.530265,0.655556,0.106061,0.250537,0.244186,0.768582,0.818898,0.968500.186093,0.222222,0.181818,0,0.223514,0.11873,0.929134,0.858268,0.437008,0.155165,0,0,0,1,0,0,0,0,0,0,0,0,0,1,0,0,0,0,0,0,0,0,0,0,0,0,0,0,0,0,0,0,0,0,0,0,0,0,0,0,0,0,0,0,40.17959,0.008333,0.439394,0.090909,0.294574,0.113953,0.661417,0.677165,0.515748,0.150565,0,0,0,1,0,0,0,0,0,0,0,0,0,1,0,0,0,0,0,0,0,0,0,0,0,0,0,0,0,0,0,0,0,0,0,0,0,0,0,0,0,0,0,0,6
java.lang.NumberFormatException: multiple points
thread is open, sizeMB500
thread is open, sizeMB500
print extradionario!!!!
0.442721,0.80.45923,0.327778,0.19697,0.064424,0.219638,0.071659,0.952756,0.897638,0.448819,0.03792,1,0,0,0,0,0,0,0,0,0,0,0,0,0,0,0,0,0,0,0,0,0,0,0,0,0,0,0,0,0,0,0,0,1,0,0,0,0,0,0,0,0,0,0,50.422711,0.263889,0.30303,0,0.223514,0.033722,0.972441,0.814961,0.314961,0.075422,1,0,0,0,0,0,0,0,0,0,0,0,0,0,0,0,0,0,0,0,0,0,0,0,0,0,0,0,0,0,0,0,0,1,0,0,0,0,0,0,0,0,0,0,5
java.lang.NumberFormatException: multiple points
print extradionario!!!!
0.703852,0.477778,0.19697,0.194700.286143,0.766667,0.378788,0.151754,0.284238,0.036251,0.57874,0.929134,0.885827,0.073052,0,0,0,1,0,0,0,0,0,0,0,0,0,1,0,0,0,0,0,0,0,0,0,0,0,0,0,0,0,0,0,0,0,0,0,0,0,0,0,0,0,0,0,0,30.597799,0.161111,0.363636,0.395132,0.280362,0.080511,0.901575,0.716535,0.287402,0.214833,1,0,0,0,0,0,0,0,0,0,0,0,0,0,0,0,0,0,0,0,0,0,0,0,0,0,0,0,0,0,0,0,1,0,0,0,0,0,0,0,0,0,0,0,1
java.lang.NumberFormatException: multiple points
thread is open, sizeMB500
print extradionario!!!!
0.431216,0.783333,0.090909,0.04796,0.229974,0.346635,0.80315,0.944882,0.688976,0.6405970.432216,0.563889,0.030303,0.107373,0.218346,0.216524,0.858268,0.944882,0.625984,0.548864,1,0,0,0,0,0,0,0,0,0,0,0,0,0,0,1,0,0,0,0,0,0,0,0,0,0,0,0,0,0,0,0,0,0,0,0,0,0,0,0,0,0,0,0,20.433717,0.575,0.030303,0.125268,0.222222,0.212309,0.858268,0.948819,0.629921,0.546215,1,0,0,0,0,0,0,0,0,0,0,0,0,0,0,1,0,0,0,0,0,0,0,0,0,0,0,0,0,0,0,0,0,0,0,0,0,0,0,0,0,0,0,0,2
java.lang.NumberFormatException: multiple points
print extradionario!!!!
0.437219,0.105556,0.181818,0.068003,0.228682,0.3750.325163,0.383333,0.166667,0.060845,0.245478,0.052129,0.933071,0.929134,0.503937,0.449045,1,0,0,0,0,0,0,0,0,0,0,0,0,0,0,0,0,0,0,0,0,1,0,0,0,0,0,0,0,0,0,0,0,0,0,0,0,0,0,0,0,0,0,0,20.323662,0.35,0.151515,0.04796,0.241602,0.048054,0.937008,0.917323,0.492126,0.447233,1,0,0,0,0,0,0,0,0,0,0,0,0,0,0,0,0,0,0,0,0,1,0,0,0,0,0,0,0,0,0,0,0,0,0,0,0,0,0,0,0,0,0,0,2
java.lang.NumberFormatException: multiple points
print extradionario!!!!
0.43270.428714,0.538889,0.030303,0.182534,0.239018,0.316144,0.862205,0.944882,0.622047,0.604768,1,0,0,0,0,0,0,0,0,0,0,0,0,0,0,1,0,0,0,0,0,0,0,0,0,0,0,0,0,0,0,0,0,0,0,0,0,0,0,0,0,0,0,0,2
java.lang.NumberFormatException: multiple points
thread is open, sizeMB500
thread is open, sizeMB2000
[newChuckSize]:2000
thread is open, sizeMB2000
print extradionario!!!!
0.568284,0.319444,0.19697,0,0.223514,0.545174,0.952756,0.893701,0.444882,0.0.576288,0.225,0.212121,0.130279,0.273902,0.724884,0.937008,0.84252,0.409449,0.573958,1,0,0,0,0,0,0,0,0,0,0,0,0,0,0,0,0,0,0,0,0,0,0,0,0,0,0,0,0,0,0,0,1,0,0,0,0,0,0,0,0,0,0,0,20.572786,0.211111,0.227273,0.10952,0.264858,0.721371,0.933071,0.830709,0.397638,0.572703,1,0,0,0,0,0,0,0,0,0,0,0,0,0,0,0,0,0,0,0,0,0,0,0,0,0,0,0,0,0,0,0,1,0,0,0,0,0,0,0,0,0,0,0,2
java.lang.NumberFormatException: multiple points
print extradionario!!!!
0.532766,0.191667,0.212121,0.107373,0.28553,0.622734,0.92126,0.826772,0.4090.564282,0.205556,0.212121,0.2398,0.236434,0.649009,0.929134,0.834646,0.409449,0.493936,1,0,0,0,0,0,0,0,0,0,0,0,0,0,0,0,0,0,0,0,0,0,0,0,0,0,0,0,0,0,0,0,1,0,0,0,0,0,0,0,0,0,0,0,20.56028,0.205556,0.242424,0.242663,0.344961,0.644794,0.933071,0.818898,0.385827,0.493378,1,0,0,0,0,0,0,0,0,0,0,0,0,0,0,0,0,0,0,0,0,0,0,0,0,0,0,0,0,0,0,0,1,0,0,0,0,0,0,0,0,0,0,0,2
java.lang.NumberFormatException: multiple points
thread is open, sizeMB2000
print extradionario!!!!
0.437219,0.25,0.136364,0,0.223514,0.401012,0.917323,0.893701,0.492126,0.36860.463232,0.069444,0.19697,0.204009,0.30491,0.349304,0.838583,0.826772,0.519685,0.344486,1,0,0,0,0,0,0,0,0,0,0,0,0,0,0,0,0,0,0,0,0,0,0,0,0,0,0,0,0,0,0,0,1,0,0,0,0,0,0,0,0,0,0,0,20.461231,0.091667,0.227273,0.211167,0.299742,0.34523,0.850394,0.811024,0.480315,0.341001,1,0,0,0,0,0,0,0,0,0,0,0,0,0,0,0,0,0,0,0,0,0,0,0,0,0,0,0,0,0,0,0,1,0,0,0,0,0,0,0,0,0,0,0,2
java.lang.NumberFormatException: multiple points
thread is open, sizeMB2000
print extradionario!!!!
0.587794,0.166667,0.136364,0.107373,0.22739,0.0.448224,0.1,0.242424,0,0.223514,0.539132,0.854331,0.795276,0.456693,0.149728,1,0,0,0,0,0,0,0,0,0,0,0,0,0,0,0,0,0,0,0,0,0,0,0,0,0,1,0,0,0,0,0,0,0,0,0,0,0,0,0,0,0,0,0,10.446723,0.980556,0.212121,0.021475,0.22739,0.535338,0.767717,0.84252,0.614173,0.152238,1,0,0,0,0,0,0,0,0,0,0,0,0,0,0,0,0,0,0,0,0,0,0,0,0,0,1,0,0,0,0,0,0,0,0,0,0,0,0,0,0,0,0,0,1
java.lang.NumberFormatException: multiple points
thread is open, sizeMB2000
print extradionario!!!!
0.554277,0.677778,0.136364,0.335719,0.20.597299,0.097222,0.136364,0.251253,0.332041,0.75973,0.862205,0.866142,0.535433,0.111529,1,0,0,0,0,0,0,0,0,0,0,0,0,0,0,0,0,0,0,0,0,0,0,0,0,0,0,0,0,0,0,0,1,0,0,0,0,0,0,0,0,0,0,0,20.595298,0.15,0.166667,0.23121,0.326873,0.755936,0.889764,0.850394,0.480315,0.107486,1,0,0,0,0,0,0,0,0,0,0,0,0,0,0,0,0,0,0,0,0,0,0,0,0,0,0,0,0,0,0,0,1,0,0,0,0,0,0,0,0,0,0,0,2
java.lang.NumberFormatException: multiple points
print extradionario!!!!
0.531266,0.858333,0.181818,0.10952,0.273902,0.457215,0.73622,0.913386,0.0.46073,0.280556,0.242424,0.09592,0.248062,0.299986,0.964567,0.850394,0.374016,0.425345,1,0,0,0,0,0,0,0,0,0,0,0,0,0,0,1,0,0,0,0,0,0,0,0,0,0,0,0,0,0,0,0,0,0,0,0,0,0,0,0,0,0,0,0,20.456228,0.322222,0.212121,0.088762,0.236434,0.2983,0.956693,0.889764,0.425197,0.423254,1,0,0,0,0,0,0,0,0,0,0,0,0,0,0,1,0,0,0,0,0,0,0,0,0,0,0,0,0,0,0,0,0,0,0,0,0,0,0,0,0,0,0,0,2
java.lang.NumberFormatException: multiple points
thread is open, sizeMB2000
thread is open, sizeMB2000
print extradionario!!!!
0.596798,0.766667,0.030303,0.242663,0.263566,0.648447,0.838583,0.940945,0.645660.607304,0.158333,0.106061,0.211167,0.277778,0.674863,0.885827,0.889764,0.535433,0.144152,1,0,0,0,0,0,0,0,0,0,0,0,0,0,0,0,0,0,0,0,0,0,0,0,0,0,0,0,0,0,0,0,1,0,0,0,0,0,0,0,0,0,0,0,10.604302,0.213889,0.19697,0.23121,0.271318,0.673036,0.929134,0.850394,0.433071,0.148195,1,0,0,0,0,0,0,0,0,0,0,0,0,0,0,0,0,0,0,0,0,0,0,0,0,0,0,0,0,0,0,0,1,0,0,0,0,0,0,0,0,0,0,0,1
java.lang.NumberFormatException: multiple points
thread is open, sizeMB2000
print extradionario!!!!
0.664332,0.000.584792,0.630556,0.136364,0.150322,0.250646,0.78994,0.814961,0.980315,0.700787,0.280217,1,0,0,0,0,0,0,0,0,0,0,0,0,0,0,0,0,0,0,0,0,0,0,0,0,1,0,0,0,0,0,0,0,0,0,0,0,0,0,0,0,0,0,0,20.586293,0.638889,0.166667,0.171797,0.254522,0.79289,0.799213,0.984252,0.724409,0.277011,1,0,0,0,0,0,0,0,0,0,0,0,0,0,0,0,0,0,0,0,0,0,0,0,0,1,0,0,0,0,0,0,0,0,0,0,0,0,0,0,0,0,0,0,2
java.lang.NumberFormatException: multiple points
print extradionario!!!!
0.418709,0.208333,0.257576,0.364352,0.10.609305,0.902778,0.227273,0.2398,0.290698,0.658986,0.712598,0.874016,0.708661,0.408476,1,0,0,0,0,0,0,0,0,0,0,0,0,0,0,0,0,0,0,0,0,0,0,0,0,0,0,0,0,0,0,0,1,0,0,0,0,0,0,0,0,0,0,0,10.612306,0.858333,0.242424,0.221188,0.294574,0.662077,0.692913,0.897638,0.755906,0.405409,1,0,0,0,0,0,0,0,0,0,0,0,0,0,0,0,0,0,0,0,0,0,0,0,0,0,0,0,0,0,0,0,1,0,0,0,0,0,0,0,0,0,0,0,1
java.lang.NumberFormatException: multiple points
thread is open, sizeMB2000
thread is open, sizeMB2000
thread is open, sizeMB2000
thread is open, sizeMB2000
thread is open, sizeMB2000
print extradionario!!!!
0.601801,0.238889,0.166667,0.088762,0.23385,0.181256,0.929134,0.870079,0.0.474737,0.183333,0.166667,0.319256,0.481912,0.192637,0.909449,0.858268,0.464567,0.157396,0,0,1,0,0,0,0,0,0,0,0,0,0,0,0,0,0,0,0,0,0,0,0,0,0,0,0,1,0,0,0,0,0,0,0,0,0,0,0,0,0,0,0,0,20.472236,0.019444,0.060606,0.312813,0.475452,0.190951,0.846457,0.913386,0.606299,0.153492,0,0,1,0,0,0,0,0,0,0,0,0,0,0,0,0,0,0,0,0,0,0,0,0,0,0,0,1,0,0,0,0,0,0,0,0,0,0,0,0,0,0,0,0,2
java.lang.NumberFormatException: multiple points
thread is open, sizeMB2000
thread is open, sizeMB2000
thread is open, sizeMB2000
print extradionario!!!!
0.73937,0.566667,0.409091,0.501074,0.365633,0.534635,0.767717,0.992126,0.69685,0.0.444222,0.147222,0.212121,0.198282,0.239018,0.220599,0.893701,0.822835,0.440945,0.059947,0,0,1,0,0,0,0,0,0,0,0,0,0,0,0,0,0,0,0,0,0,0,0,0,0,0,0,0,0,0,0,0,0,0,1,0,0,0,0,0,0,0,0,0,20.441221,0.138889,0.19697,0.204009,0.236434,0.22369,0.885827,0.834646,0.468504,0.056043,0,0,1,0,0,0,0,0,0,0,0,0,0,0,0,0,0,0,0,0,0,0,0,0,0,0,0,0,0,0,0,0,0,0,1,0,0,0,0,0,0,0,0,0,2
java.lang.NumberFormatException: multiple points
thread is open, sizeMB2000
print extradionario!!!!
0.215608,0,0.4840.610305,0.511111,0.166667,0.077309,0.229974,0.362793,0.877953,0.976378,0.61811,0.491147,1,0,0,0,0,0,0,0,0,0,0,0,0,0,0,0,0,0,0,0,0,0,0,0,0,0,1,0,0,0,0,0,0,0,0,0,0,0,0,0,0,0,0,0,10.610305,0.488889,0.166667,0.09592,0.229974,0.358578,0.889764,0.968504,0.598425,0.492402,1,0,0,0,0,0,0,0,0,0,0,0,0,0,0,0,0,0,0,0,0,0,0,0,0,0,1,0,0,0,0,0,0,0,0,0,0,0,0,0,0,0,0,0,1
java.lang.NumberFormatException: multiple points
thread is open, sizeMB2000
print extradionario!!!!
0.17959,0.861111,0.439394,0.060845,0.0.550775,0.755556,0.121212,0.077309,0.254522,0.030631,0.779528,0.956693,0.724409,0.175659,0,0,1,0,0,0,0,0,0,0,0,0,0,0,0,0,0,0,0,0,0,0,0,0,0,0,0,0,0,0,0,0,0,0,0,1,0,0,0,0,0,0,0,0,20.553777,0.755556,0.121212,0.090909,0.251938,0.029788,0.783465,0.956693,0.716535,0.175659,0,0,1,0,0,0,0,0,0,0,0,0,0,0,0,0,0,0,0,0,0,0,0,0,0,0,0,0,0,0,0,0,0,0,0,1,0,0,0,0,0,0,0,0,2
java.lang.NumberFormatException: multiple points
learning evaluation instances,Wall Time (Actual Time),Avg Delay (ms),outRate (inst/s),classified instances,classifications correct (percent),Kappa Statistic (percent),Kappa Temporal Statistic (percent),Kappa M Statistic (percent),F1 Score (percent),F1 Score for class 0 (percent),F1 Score for class 1 (percent),F1 Score for class 2 (percent),F1 Score for class 3 (percent),F1 Score for class 4 (percent),F1 Score for class 5 (percent),F1 Score for class 6 (percent),Precision (percent),Precision for class 0 (percent),Precision for class 1 (percent),Precision for class 2 (percent),Precision for class 3 (percent),Precision for class 4 (percent),Precision for class 5 (percent),Precision for class 6 (percent),Recall (percent),Recall for class 0 (percent),Recall for class 1 (percent),Recall for class 2 (percent),Recall for class 3 (percent),Recall for class 4 (percent),Recall for class 5 (percent),Recall for class 6 (percent),model training instances,model serialized size (bytes)
129501.0,120.20800018310547,1445.0,1077.3076171875,129500.0,90.24092664092665,81.74883907523316,-77.00280112044815,75.51818991902678,68.28872455867939,?,86.45210968358312,93.43208409902302,90.90010589481116,69.87951807228914,69.56069664673772,62.84210526315789,73.417829056128,0.0,92.56748503725419,90.15164179104478,87.2003250711093,77.25409836065575,83.83458646616542,82.91666666666667,63.82947976817409,0.0,81.0946737647468,96.96027944368105,94.92774992627544,63.7901861252115,59.44024877832075,50.593220338983045,0.0,1.0
