Connected!
linha fdp!!!!
0.117059,0.902778,0.515152,0.259127,0.260982,0.054798,0.46060.402201,0.338889,0.409091,0.085898,0.260982,0.367149,0.996063,0.814961,0.244094,0.93364,1,0,0,0,0,0,0,0,0,0,0,0,0,0,0,0,0,0,0,0,0,0,0,0,0,0,0,0,0,0,0,0,0,1,0,0,0,0,0,0,0,0,0,0,20.395698,0.361111,0.409091,0.064424,0.244186,0.362934,0.992126,0.838583,0.271654,0.937822,1,0,0,0,0,0,0,0,0,0,0,0,0,0,0,0,0,0,0,0,0,0,0,0,0,0,0,0,0,0,0,0,0,1,0,0,0,0,0,0,0,0,0,0,2
java.lang.NumberFormatException: multiple points
linha fdp!!!!
0.541771,0.194444,0.075758,0.24481,0.231266,0.802445,0.885827,0.905512,0.5511810.610805,0.416667,0.136364,0.322119,0.187339,0.911199,0.913386,0.944882,0.547244,0.414889,1,0,0,0,0,0,0,0,0,0,0,0,0,0,0,0,0,0,0,0,0,0,0,0,0,0,0,0,0,0,0,0,1,0,0,0,0,0,0,0,0,0,0,0,20.609305,0.369444,0.166667,0.322119,0.183463,0.912744,0.937008,0.925197,0.496063,0.418235,1,0,0,0,0,0,0,0,0,0,0,0,0,0,0,0,0,0,0,0,0,0,0,1,0,0,0,0,0,0,0,0,0,0,0,0,0,0,0,0,0,0,0,0,2
java.lang.NumberFormatException: multiple points
linha fdp!!!!
0.594297,0.288889,0.060606,0.607731,0.24031,0.857665,0.889764,0.92126,0.562992,0.40.628814,0.130556,0.393939,0.258411,0.26615,0.658423,0.858268,0.685039,0.295276,0.455458,1,0,0,0,0,0,0,0,0,0,0,0,0,0,0,0,0,0,0,0,0,0,0,0,0,0,0,0,0,0,0,0,1,0,0,0,0,0,0,0,0,0,0,0,10.622311,0.130556,0.348485,0.273443,0.255814,0.659407,0.870079,0.720472,0.330709,0.456434,1,0,0,0,0,0,0,0,0,0,0,0,0,0,0,0,0,0,0,0,0,0,0,0,0,0,0,0,0,0,0,0,1,0,0,0,0,0,0,0,0,0,0,0,1
java.lang.NumberFormatException: multiple points
linha fdp!!!!
0.46023,0.033333,0.136364,0.0.351676,0.216667,0.242424,0.042949,0.22093,0.038921,0.940945,0.826772,0.38189,0.201868,1,0,0,0,0,0,0,0,0,0,0,0,0,0,0,1,0,0,0,0,0,0,0,0,0,0,0,0,0,0,0,0,0,0,0,0,0,0,0,0,0,0,0,0,20.347674,0.208333,0.166667,0.030064,0.224806,0.036251,0.92126,0.862205,0.456693,0.202844,1,0,0,0,0,0,0,0,0,0,0,0,0,0,0,1,0,0,0,0,0,0,0,0,0,0,0,0,0,0,0,0,0,0,0,0,0,0,0,0,0,0,0,0,2
java.lang.NumberFormatException: multiple points
linha fdp!!!!
0.535268,0.166667,0.136364,0.18325,0.22093,0.575383,0.893701,0.870079,0.5,0.670.535268,0.222222,0.106061,0.367215,0.236434,0.611915,0.901575,0.897638,0.523622,0.63753,1,0,0,0,0,0,0,0,0,0,0,0,0,0,0,0,0,0,0,0,0,0,0,0,0,0,1,0,0,0,0,0,0,0,0,0,0,0,0,0,0,0,0,0,20.531766,0.272222,0.136364,0.387258,0.22739,0.61613,0.925197,0.897638,0.488189,0.634184,1,0,0,0,0,0,0,0,0,0,0,0,0,0,0,0,0,0,0,0,0,0,0,0,0,0,1,0,0,0,0,0,0,0,0,0,0,0,0,0,0,0,0,0,2
java.lang.NumberFormatException: multiple points
linha fdp!!!!
0.509755,0.483330.435718,0.963889,0.348485,0.042949,0.25969,0.416608,0.665354,0.771654,0.633858,0.263627,1,0,0,0,0,0,0,0,0,0,0,0,0,0,0,0,0,0,0,0,0,0,0,0,0,0,0,0,0,0,0,0,1,0,0,0,0,0,0,0,0,0,0,0,20.436218,0.958333,0.363636,0.042949,0.262274,0.412814,0.653543,0.767717,0.637795,0.266695,1,0,0,0,0,0,0,0,0,0,0,0,0,0,0,0,0,0,0,0,0,0,0,0,0,0,0,0,0,0,0,0,1,0,0,0,0,0,0,0,0,0,0,0,2
java.lang.NumberFormatException: multiple points
learning evaluation instances,Wall Time (Actual Time),Avg Delay (ms),outRate (inst/s),classified instances,classifications correct (percent),Kappa Statistic (percent),Kappa Temporal Statistic (percent),Kappa M Statistic (percent),F1 Score (percent),F1 Score for class 0 (percent),F1 Score for class 1 (percent),F1 Score for class 2 (percent),F1 Score for class 3 (percent),F1 Score for class 4 (percent),F1 Score for class 5 (percent),F1 Score for class 6 (percent),Precision (percent),Precision for class 0 (percent),Precision for class 1 (percent),Precision for class 2 (percent),Precision for class 3 (percent),Precision for class 4 (percent),Precision for class 5 (percent),Precision for class 6 (percent),Recall (percent),Recall for class 0 (percent),Recall for class 1 (percent),Recall for class 2 (percent),Recall for class 3 (percent),Recall for class 4 (percent),Recall for class 5 (percent),Recall for class 6 (percent),model training instances,model serialized size (bytes),ensemble size,[avg] model training instances,[err] model training instances,[avg] model serialized size (bytes),[err] model serialized size (bytes),[avg] tree size (nodes),[err] tree size (nodes),[avg] tree size (leaves),[err] tree size (leaves),[avg] active learning leaves,[err] active learning leaves,[avg] tree depth,[err] tree depth,[avg] active leaf byte size estimate,[err] active leaf byte size estimate,[avg] inactive leaf byte size estimate,[err] inactive leaf byte size estimate,[avg] byte size estimate overhead,[err] byte size estimate overhead
352000.0,120.0009994506836,659.0,2933.308837890625,350000.0,76.29714285714286,58.12747226665198,-364.4496696898446,47.984199636340826,53.71621733198103,?,67.46025539331241,83.8933525541823,76.74861043757228,68.13942071674029,26.41202763104429,37.2037645991609,60.15959691094073,0.0,81.58652092256557,76.088907119235,72.23763210561427,74.02666666666666,47.32435384055333,69.85309772195019,48.51954300814909,0.0,57.50378546192159,93.48178711475771,81.86050212867545,63.11959981809914,18.317598985486825,25.353527548102928,0.0,1.0,25.0,349976.76,103327.31529314986,1.0,0.0,63.400000000000006,51.022054055084844,26.400000000000002,28.31666176182025,26.400000000000002,28.31666176182025,6.5200000000000005,4.528796749689701,0.0,0.0,0.0,0.0,1.0,0.0
