Connected!
[newChuckSize]:0
thread is open, sizeMB25
[newChuckSize]:25
thread is open, sizeMB25
print extradionario!!!!
0.571286,0.661111,0.136364,0.423765,0.342377,0.838275,0.80315,0.976378,0.710.342671,0.238889,0.106061,0.176807,0.202842,0.143319,0.905512,0.901575,0.519685,0.074028,1,0,0,0,0,0,0,0,0,0,0,0,1,0,0,0,0,0,0,0,0,0,0,0,0,0,0,0,0,0,0,0,0,0,0,0,0,0,0,0,0,0,0,0,20.651826,0.152778,0.151515,0.136006,0.25323,0.4034,0.889764,0.862205,0.496063,0.48808,1,0,0,0,0,0,0,0,0,0,0,0,0,0,0,0,0,0,0,0,0,0,0,0,0,0,0,0,0,0,0,0,1,0,0,0,0,0,0,0,0,0,0,0,2
java.lang.NumberFormatException: multiple points
thread is open, sizeMB25
thread is open, sizeMB25
thread is open, sizeMB25
print extradionario!!!!
0.335668,0.91940.256128,0.755556,0.378788,0.128848,0.307494,0.179149,0.574803,0.937008,0.893701,0.198801,0,0,0,1,0,0,0,0,0,0,0,0,0,1,0,0,0,0,0,0,0,0,0,0,0,0,0,0,0,0,0,0,0,0,0,0,0,0,0,0,0,0,0,0,60.65983,0.219444,0.272727,0.476736,0.317829,0.12983,0.944882,0.807087,0.350394,0.264046,1,0,0,0,0,0,0,0,0,0,0,0,0,0,0,0,0,0,0,0,0,0,0,0,0,0,0,0,0,0,0,0,1,0,0,0,0,0,0,0,0,0,0,0,2
java.lang.NumberFormatException: multiple points
thread is open, sizeMB25
thread is open, sizeMB25
thread is open, sizeMB25
print extradionario!!!!
0.414707,0.130556,0.181818,0.257695,0.250646,0.23212,0.88189,0.84252,0.480315,0.8470.561781,0.988889,0.181818,0.336435,0.423773,0.720107,0.791339,0.862205,0.610236,0.724104,1,0,0,0,0,0,0,0,0,0,0,0,0,0,0,0,0,0,0,0,0,0,0,0,0,0,0,1,0,0,0,0,0,0,0,0,0,0,0,0,0,0,0,0,20.561781,0.963889,0.19697,0.355762,0.423773,0.716313,0.771654,0.862205,0.637795,0.727868,1,0,0,0,0,0,0,0,0,0,0,0,0,0,0,0,0,0,0,0,0,0,0,0,0,0,0,1,0,0,0,0,0,0,0,0,0,0,0,0,0,0,0,0,2
java.lang.NumberFormatException: multiple points
thread is open, sizeMB25
print extradionario!!!!
0.432216,0.897222,0.07570.582791,0.563889,0.227273,0.211167,0.211886,0.793874,0.830709,0.992126,0.681102,0.388819,1,0,0,0,0,0,0,0,0,0,0,0,0,0,0,0,0,0,0,0,0,0,0,0,0,0,0,0,0,0,0,0,1,0,0,0,0,0,0,0,0,0,0,0,10.582791,0.544444,0.212121,0.23121,0.20801,0.794998,0.850394,0.988189,0.653543,0.39105,1,0,0,0,0,0,0,0,0,0,0,0,0,0,0,0,0,0,0,0,0,0,0,0,0,0,0,0,0,0,0,0,1,0,0,0,0,0,0,0,0,0,0,0,1
java.lang.NumberFormatException: multiple points
print extradionario!!!!
0.0.67984,0.105556,0.166667,0.462419,0.507752,0.636926,0.866142,0.850394,0.507874,0.335006,1,0,0,0,0,0,0,0,0,0,0,0,0,0,0,0,0,0,0,0,0,0,0,0,0,0,0,0,0,0,0,0,1,0,0,0,0,0,0,0,0,0,0,0,1
java.lang.NumberFormatException: multiple points
thread is open, sizeMB25
thread is open, sizeMB25
print extradionario!!!!
0.369685,0.05,0.227273,0.121689,0.280362,0.090.568284,0.3,0.121212,0.442377,0.334625,0.785865,0.917323,0.913386,0.511811,0.562387,1,0,0,0,0,0,0,0,0,0,0,0,0,0,0,0,0,0,0,0,0,0,0,0,0,0,0,0,0,0,0,0,1,0,0,0,0,0,0,0,0,0,0,0,20.566283,0.325,0.106061,0.459556,0.329457,0.787972,0.917323,0.917323,0.519685,0.565175,1,0,0,0,0,0,0,0,0,0,0,0,0,0,0,0,0,0,0,0,0,0,0,0,0,0,0,0,0,0,0,0,1,0,0,0,0,0,0,0,0,0,0,0,2
java.lang.NumberFormatException: multiple points
print extradionario!!!!
0.50.443222,0.836111,0.121212,0.042949,0.24031,0.327385,0.775591,0.933071,0.704724,0.56392,1,0,0,0,0,0,0,0,0,0,0,0,0,0,0,1,0,0,0,0,0,0,0,0,0,0,0,0,0,0,0,0,0,0,0,0,0,0,0,0,0,0,0,0,2
java.lang.NumberFormatException: multiple points
thread is open, sizeMB25
thread is open, sizeMB25
thread is open, sizeMB25
thread is open, sizeMB25
print extradionario!!!!
0.486243,0.177778,0.10.648324,0.816667,0.136364,0.30136,0.202842,0.558241,0.76378,0.937008,0.724409,0.626098,1,0,0,0,0,0,0,0,0,0,0,0,0,0,0,0,0,0,0,0,0,0,0,0,0,0,1,0,0,0,0,0,0,0,0,0,0,0,0,0,0,0,0,0,10.650325,0.077778,0.075758,0.303508,0.217054,0.559927,0.858268,0.905512,0.582677,0.627631,1,0,0,0,0,0,0,0,0,0,0,0,0,0,0,0,0,0,0,0,0,0,0,0,0,0,0,0,0,0,0,0,1,0,0,0,0,0,0,0,0,0,0,0,1
java.lang.NumberFormatException: multiple points
thread is open, sizeMB25
thread is open, sizeMB25
thread is open, sizeMB25
print extradionario!!!!
0.3997,0.1,0.151515,0.068003,0.224806,0.197555,0.862205,0.854331,0.519680.533767,0.061111,0.136364,0.10952,0.24031,0.667276,0.84252,0.866142,0.555118,0.549561,1,0,0,0,0,0,0,0,0,0,0,0,0,0,0,0,0,0,0,0,0,0,0,0,0,0,1,0,0,0,0,0,0,0,0,0,0,0,0,0,0,0,0,0,10.533767,0.025,0.106061,0.088762,0.24031,0.671491,0.834646,0.885827,0.594488,0.546215,1,0,0,0,0,0,0,0,0,0,0,0,0,0,0,0,0,0,0,0,0,0,0,0,0,0,1,0,0,0,0,0,0,0,0,0,0,0,0,0,0,0,0,0,1
java.lang.NumberFormatException: multiple points
thread is open, sizeMB25
thread is open, sizeMB25
thread is open, sizeMB25
print extradionario!!!!
0.5232620.432216,0.391667,0.348485,0.107373,0.315245,0.317128,0.968504,0.893701,0.38189,0.358706,1,0,0,0,0,0,0,0,0,0,0,0,0,0,0,0,0,0,0,0,0,0,0,0,0,0,0,0,0,0,0,0,0,1,0,0,0,0,0,0,0,0,0,0,2
java.lang.NumberFormatException: multiple points
thread is open, sizeMB25
print extradionario!!!!
0.521261,0.188889,0.378788,0.068003,0.2545220.64032,0.258333,0.075758,0.346457,0.286822,0.483209,0.893701,0.917323,0.551181,0.455876,1,0,0,0,0,0,0,0,0,0,0,0,0,0,0,0,0,0,0,0,0,0,0,0,0,0,0,0,0,0,0,0,1,0,0,0,0,0,0,0,0,0,0,0,10.638819,0.186111,0.090909,0.336435,0.295866,0.4863,0.893701,0.897638,0.531496,0.451694,1,0,0,0,0,0,0,0,0,0,0,0,0,0,0,0,0,0,0,0,0,0,0,0,0,0,0,0,0,0,0,0,1,0,0,0,0,0,0,0,0,0,0,0,1
java.lang.NumberFormatException: multiple points
thread is open, sizeMB25
thread is open, sizeMB25
learning evaluation instances,Wall Time (Actual Time),Avg Delay (ms),outRate (inst/s),classified instances,classifications correct (percent),Kappa Statistic (percent),Kappa Temporal Statistic (percent),Kappa M Statistic (percent),F1 Score (percent),F1 Score for class 0 (percent),F1 Score for class 1 (percent),F1 Score for class 2 (percent),F1 Score for class 3 (percent),F1 Score for class 4 (percent),F1 Score for class 5 (percent),F1 Score for class 6 (percent),Precision (percent),Precision for class 0 (percent),Precision for class 1 (percent),Precision for class 2 (percent),Precision for class 3 (percent),Precision for class 4 (percent),Precision for class 5 (percent),Precision for class 6 (percent),Recall (percent),Recall for class 0 (percent),Recall for class 1 (percent),Recall for class 2 (percent),Recall for class 3 (percent),Recall for class 4 (percent),Recall for class 5 (percent),Recall for class 6 (percent),model training instances,model serialized size (bytes)
36151.0,120.0469970703125,81.0,301.140380859375,36150.0,93.26970954356847,86.81595442355614,32.734310201824755,80.76071485054564,72.17160638771594,3.125,90.28781103084509,96.17227910904677,67.67317939609235,90.25735294117648,86.40454760776882,68.65671641791045,72.62627392899726,2.127659574468085,92.26622920084368,95.43683218101823,70.68645640074212,84.6551724137931,84.44444444444444,78.76712328767124,71.72259620576621,5.88235294117647,88.39245621912887,96.9191489361702,64.90630323679727,96.65354330708661,88.45780795344325,60.84656084656085,0.0,1.0
