Connected!
[newChuckSize]:0
thread is open, sizeMB500
[newChuckSize]:500
print extradionario!!!!
0.462731,0.966667,0.19697,0.121689,0.271318,0.30.717359,0.605556,0.181818,0.324982,0.308786,0.571308,0.814961,0.988189,0.704724,0.309773,1,0,0,0,0,0,0,0,0,0,0,0,0,0,0,0,0,0,0,0,0,0,0,0,0,0,1,0,0,0,0,0,0,0,0,0,0,0,0,0,0,0,0,0,70.503752,0.861111,0.166667,0.021475,0.226098,0.295911,0.744094,0.913386,0.720472,0.131047,0,0,1,0,0,0,0,0,0,0,0,0,0,0,0,0,0,0,0,0,0,0,0,0,0,0,0,0,0,0,0,0,0,0,0,0,1,0,0,0,0,0,0,0,5
java.lang.NumberFormatException: multiple points
thread is open, sizeMB500
print extradionario!!!!
0.164082,0.0.203602,0.983333,0.409091,0.021475,0.23385,0.232261,0.653543,0.720472,0.57874,0.1185,0,0,0,1,0,0,0,0,0,0,0,0,0,1,0,0,0,0,0,0,0,0,0,0,0,0,0,0,0,0,0,0,0,0,0,0,0,0,0,0,0,0,0,0,40.202601,0.033333,0.333333,0,0.223514,0.228186,0.755906,0.748031,0.503937,0.115433,0,0,0,1,0,0,0,0,0,0,0,0,0,0,0,0,0,0,0,0,1,0,0,0,0,0,0,0,0,0,0,0,0,0,0,0,0,0,0,0,0,0,0,0,4
java.lang.NumberFormatException: multiple points
thread is open, sizeMB500
thread is open, sizeMB500
thread is open, sizeMB500
print extradionario!!!!
0.49925,0.897222,0.212121,0.107373,0.273902,0.620627,0.720.374687,0.125,0.075758,0.068003,0.223514,0.107911,0.870079,0.901575,0.566929,0.79632,1,0,0,0,0,0,0,0,0,0,0,0,0,0,0,0,0,0,0,0,0,0,0,0,0,0,0,0,0,0,0,0,1,0,0,0,0,0,0,0,0,0,0,0,20.373187,0.175,0.075758,0.077309,0.226098,0.105381,0.885827,0.901575,0.547244,0.794228,1,0,0,0,0,0,0,0,0,0,0,0,0,0,0,0,0,0,0,0,0,0,0,0,0,0,0,0,0,0,0,0,1,0,0,0,0,0,0,0,0,0,0,0,2
java.lang.NumberFormatException: multiple points
print extradionario!!!!
0.441721,0.130556,0.166667,0.021475,0.223514,0.4970.333167,0.288889,0.106061,0.064424,0.229974,0.152733,0.913386,0.909449,0.515748,0.697198,1,0,0,0,0,0,0,0,0,0,0,0,0,0,0,0,0,0,0,0,0,1,0,0,0,0,0,0,0,0,0,0,0,0,0,0,0,0,0,0,0,0,0,0,20.331166,0.333333,0.106061,0.064424,0.232558,0.155403,0.913386,0.925197,0.535433,0.695804,1,0,0,0,0,0,0,0,0,0,0,0,0,0,0,0,0,0,0,0,0,1,0,0,0,0,0,0,0,0,0,0,0,0,0,0,0,0,0,0,0,0,0,0,2
java.lang.NumberFormatException: multiple points
thread is open, sizeMB500
thread is open, sizeMB500
print extradionario!!!!
0.536768,0.75,0.040.669835,0.85,0.19697,0.151754,0.257106,0.650415,0.716535,0.913386,0.744094,0.209815,1,0,0,0,0,0,0,0,0,0,0,0,0,0,0,0,0,0,0,0,0,0,0,0,0,0,0,0,0,0,0,0,1,0,0,0,0,0,0,0,0,0,0,0,10.671336,0.85,0.19697,0.156049,0.260982,0.652241,0.716535,0.913386,0.744094,0.210093,1,0,0,0,0,0,0,0,0,0,0,0,0,0,0,0,0,0,0,0,0,0,0,0,0,0,0,0,0,0,0,0,1,0,0,0,0,0,0,0,0,0,0,0,1
java.lang.NumberFormatException: multiple points
thread is open, sizeMB500
print extradionario!!!!
0.587794,0.783333,0.151515,0.652827,0.379845,0.84263,0.751969,0.948819,0.744094,0.49400.448224,0.319444,0.272727,0.04796,0.248062,0.409723,0.976378,0.866142,0.370079,0.689251,1,0,0,0,0,0,0,0,0,0,0,0,0,0,0,0,0,0,0,0,0,0,0,0,0,0,0,0,0,0,0,0,1,0,0,0,0,0,0,0,0,0,0,0,20.443722,0.319444,0.257576,0.030064,0.236434,0.405508,0.972441,0.870079,0.377953,0.685905,1,0,0,0,0,0,0,0,0,0,0,0,0,0,0,0,0,0,0,0,0,0,0,0,0,0,0,0,0,0,0,0,1,0,0,0,0,0,0,0,0,0,0,0,2
java.lang.NumberFormatException: multiple points
print extradionario!!!!
0.531766,0.2805560.533767,0.086111,0.151515,0.064424,0.228682,0.708726,0.858268,0.858268,0.531496,0.445978,1,0,0,0,0,0,0,0,0,0,0,0,0,0,0,0,0,0,0,1,0,0,0,0,0,0,0,0,0,0,0,0,0,0,0,0,0,0,0,0,0,0,0,0,10.533767,0.097222,0.090909,0.060845,0.236434,0.70985,0.862205,0.893701,0.566929,0.447651,1,0,0,0,0,0,0,0,0,0,0,0,0,0,0,0,0,0,0,1,0,0,0,0,0,0,0,0,0,0,0,0,0,0,0,0,0,0,0,0,0,0,0,0,1
java.lang.NumberFormatException: multiple points
thread is open, sizeMB500
print extradionario!!!!
0.534767,0.094444,0.075758,0.171797,0.250646,0.488127,0.862205,0.0.571286,0.391667,0.136364,0.173228,0.282946,0.447801,0.92126,0.937008,0.527559,0.879269,1,0,0,0,0,0,0,0,0,0,0,0,0,0,0,0,0,0,0,0,0,0,0,0,0,0,0,0,0,0,0,0,1,0,0,0,0,0,0,0,0,0,0,0,10.568284,0.361111,0.166667,0.163207,0.275194,0.450892,0.937008,0.92126,0.488189,0.880942,1,0,0,0,0,0,0,0,0,0,0,0,0,0,0,0,0,0,0,0,0,0,0,0,0,0,0,0,0,0,0,0,1,0,0,0,0,0,0,0,0,0,0,0,1
java.lang.NumberFormatException: multiple points
thread is open, sizeMB500
print extradionario!!!!
0.447724,0.922222,0.439394,0.14388,0.326873,0.316847,0.555118,0.748031,0.708661,0.0.633817,0.241667,0.19697,0.335719,0.249354,0.521428,0.940945,0.858268,0.425197,0.511362,1,0,0,0,0,0,0,0,0,0,0,0,0,0,0,0,0,0,0,0,0,0,0,0,0,0,0,0,0,0,0,0,1,0,0,0,0,0,0,0,0,0,0,0,10.628814,0.25,0.242424,0.352183,0.244186,0.525221,0.956693,0.838583,0.377953,0.507319,1,0,0,0,0,0,0,0,0,0,0,0,0,0,0,0,0,0,0,0,0,0,0,0,0,0,0,0,0,0,0,0,1,0,0,0,0,0,0,0,0,0,0,0,1
java.lang.NumberFormatException: multiple points
thread is open, sizeMB500
thread is open, sizeMB500
print extradionario!!!!
0.576288,0.077778,0.075758,0.242663,0.20.57979,0.169444,0.090909,0.214746,0.284238,0.584937,0.885827,0.897638,0.53937,0.167433,1,0,0,0,0,0,0,0,0,0,0,0,0,0,0,0,0,0,0,0,0,0,0,0,0,0,0,0,0,0,0,0,1,0,0,0,0,0,0,0,0,0,0,0,20.576788,0.172222,0.121212,0.198282,0.276486,0.581846,0.893701,0.877953,0.511811,0.167712,1,0,0,0,0,0,0,0,0,0,0,0,0,0,0,0,0,0,0,0,0,0,0,0,0,0,0,0,0,0,0,0,1,0,0,0,0,0,0,0,0,0,0,0,2
java.lang.NumberFormatException: multiple points
thread is open, sizeMB500
thread is open, sizeMB500
thread is open, sizeMB500
thread is open, sizeMB500
thread is open, sizeMB500
print extradionario!!!!
0.601801,0.127778,0.212121,0.214746,0.316537,0.214978,0.0.671836,0.083333,0.121212,0.09592,0.205426,0.415625,0.858268,0.877953,0.551181,0.219155,1,0,0,0,0,0,0,0,0,0,0,0,0,0,0,0,0,0,0,0,0,0,0,0,0,0,0,0,0,0,0,0,1,0,0,0,0,0,0,0,0,0,0,0,10.670835,0.097222,0.121212,0.107373,0.204134,0.411831,0.862205,0.877953,0.547244,0.221943,1,0,0,0,0,0,0,0,0,0,0,0,0,0,0,0,0,0,0,0,0,0,0,0,0,0,0,0,0,0,0,0,1,0,0,0,0,0,0,0,0,0,0,0,1
java.lang.NumberFormatException: multiple points
thread is open, sizeMB500
print extradionario!!!!
0.601801,0.827778,0.060606,0.279885,0.282946,0.186595,0.826772,0.937000.72086,0.261111,0.136364,0.077309,0.275194,0.853449,0.925197,0.889764,0.480315,0.083647,1,0,0,0,0,0,0,0,0,0,0,0,0,0,0,0,0,0,0,0,0,0,0,0,0,0,0,0,0,0,0,0,0,0,0,0,0,0,0,0,0,1,0,0,10.717359,0.272222,0.19697,0.060845,0.26615,0.849937,0.944882,0.874016,0.433071,0.083786,1,0,0,0,0,0,0,0,0,0,0,0,0,0,0,0,0,0,0,0,0,0,0,0,0,0,0,0,0,0,0,0,0,0,0,0,0,0,0,0,0,1,0,0,1
java.lang.NumberFormatException: multiple points
thread is open, sizeMB500
print extradionario!!!!
0.704352,0.902778,0.060606,0,0.223514,0.581565,0.82670.106553,0.261111,0.272727,0.34932,0.366925,0.080933,0.968504,0.826772,0.34252,0.029276,0,0,0,1,0,0,0,0,1,0,0,0,0,0,0,0,0,0,0,0,0,0,0,0,0,0,0,0,0,0,0,0,0,0,0,0,0,0,0,0,0,0,0,0,30.102551,0.297222,0.257576,0.328561,0.356589,0.078404,0.972441,0.854331,0.362205,0.025094,0,0,0,1,0,0,0,0,1,0,0,0,0,0,0,0,0,0,0,0,0,0,0,0,0,0,0,0,0,0,0,0,0,0,0,0,0,0,0,0,0,0,0,0,3
java.lang.NumberFormatException: multiple points
thread is open, sizeMB500
thread is open, sizeMB500
thread is open, sizeMB500
print extradionario!!!!
0.689845,0.14160.423712,0.305556,0.469697,0.125268,0.356589,0.216243,1,0.744094,0.149606,0.144988,0,0,1,0,0,0,0,0,0,0,0,0,0,0,0,0,1,0,0,0,0,0,0,0,0,0,0,0,0,0,0,0,0,0,0,0,0,0,0,0,0,0,0,0,20.414207,0.305556,0.5,0.115963,0.350129,0.218631,1,0.720472,0.106299,0.148473,0,0,1,0,0,0,0,0,0,0,0,0,0,0,0,0,1,0,0,0,0,0,0,0,0,0,0,0,0,0,0,0,0,0,0,0,0,0,0,0,0,0,0,0,2
java.lang.NumberFormatException: multiple points
print extradionario!!!!
0.0.026013,0.111111,0.454545,0.14388,0.302326,0.029507,0.811024,0.629921,0.275591,0.121846,0,0,0,1,0,1,0,0,0,0,0,0,0,0,0,0,0,0,0,0,0,0,0,0,0,0,0,0,0,0,0,0,0,0,0,0,0,0,0,0,0,0,0,0,3
java.lang.NumberFormatException: multiple points
thread is open, sizeMB500
thread is open, sizeMB500
thread is open, sizeMB500
learning evaluation instances,Wall Time (Actual Time),Avg Delay (ms),outRate (inst/s),classified instances,classifications correct (percent),Kappa Statistic (percent),Kappa Temporal Statistic (percent),Kappa M Statistic (percent),F1 Score (percent),F1 Score for class 0 (percent),F1 Score for class 1 (percent),F1 Score for class 2 (percent),F1 Score for class 3 (percent),F1 Score for class 4 (percent),F1 Score for class 5 (percent),F1 Score for class 6 (percent),Precision (percent),Precision for class 0 (percent),Precision for class 1 (percent),Precision for class 2 (percent),Precision for class 3 (percent),Precision for class 4 (percent),Precision for class 5 (percent),Precision for class 6 (percent),Recall (percent),Recall for class 0 (percent),Recall for class 1 (percent),Recall for class 2 (percent),Recall for class 3 (percent),Recall for class 4 (percent),Recall for class 5 (percent),Recall for class 6 (percent),model training instances,model serialized size (bytes),ensemble size,[avg] model training instances,[err] model training instances,[avg] model serialized size (bytes),[err] model serialized size (bytes),[avg] tree size (nodes),[err] tree size (nodes),[avg] tree size (leaves),[err] tree size (leaves),[avg] active learning leaves,[err] active learning leaves,[avg] tree depth,[err] tree depth,[avg] active leaf byte size estimate,[err] active leaf byte size estimate,[avg] inactive leaf byte size estimate,[err] inactive leaf byte size estimate,[avg] byte size estimate overhead,[err] byte size estimate overhead
129501.0,120.45600128173828,457.0,1075.089599609375,129500.0,83.1081081081081,68.17382410775718,-182.54972875226042,55.153962852105444,65.1779365641775,14.814814814814813,75.2920569418261,88.51313378130727,82.48481039178714,77.72065124250214,62.00215285252961,51.05367793240556,64.25833996270386,22.22222222222222,80.06629834254143,87.30462865888194,79.31103948428687,73.98042414355628,52.99684542586751,53.926921461570764,66.1242358712801,11.11111111111111,71.05513840636557,89.75556574203699,85.92317765168049,81.85920577617328,74.6943312337903,48.47112117780294,0.0,1.0,25.0,12859.28,21723.932046094546,1.0,0.0,4.08,11.269131880199705,2.519999999999999,5.642989751305005,2.519999999999999,5.642989751305005,0.5600000000000002,1.9595917942265424,0.0,0.0,0.0,0.0,1.0,0.0
