Connected!
[newChuckSize]:0
thread is open, sizeMB500
[newChuckSize]:500
thread is open, sizeMB500
print extradionario!!!!
0.536768,0.05,0.00.423712,0.211111,0.454545,0.077309,0.284238,0.017423,0.944882,0.673228,0.153543,0.23937,1,0,0,0,0,0,0,0,0,0,0,0,0,0,0,0,0,0,0,0,0,0,0,0,0,0,0,0,0,0,0,0,0,1,0,0,0,0,0,0,0,0,0,0,50.621811,0.158333,0.166667,0.060845,0.242894,0.710412,0.897638,0.854331,0.476378,0.210093,1,0,0,0,0,0,0,0,0,0,0,0,0,0,0,0,0,0,0,0,0,0,0,0,0,1,0,0,0,0,0,0,0,0,0,0,0,0,0,0,0,0,0,0,1
java.lang.NumberFormatException: multiple points
print extradionario!!!!
0.43770.561781,0.266667,0.227273,0.173228,0.27907,0.049178,0.956693,0.854331,0.389764,0.288861,0,0,1,0,0,0,0,0,0,0,0,0,0,0,0,0,0,0,0,0,0,0,0,0,0,0,0,0,0,0,0,0,0,0,0,1,0,0,0,0,0,0,0,0,2
java.lang.NumberFormatException: multiple points
thread is open, sizeMB500
thread is open, sizeMB500
print extradionario!!!!
0.125563,0.983333,0.20.44022,0.394444,0.393939,0.10952,0.316537,0.396375,0.972441,0.877953,0.34252,0.903388,1,0,0,0,0,0,0,0,0,0,0,0,0,0,0,0,0,0,0,0,0,0,0,0,0,0,0,0,0,0,0,0,0,1,0,0,0,0,0,0,0,0,0,0,20.436718,0.369444,0.363636,0.10952,0.312661,0.39216,0.984252,0.862205,0.322835,0.90757,1,0,0,0,0,0,0,0,0,0,0,0,0,0,0,0,0,0,0,0,0,0,0,0,0,0,0,0,0,0,0,0,0,1,0,0,0,0,0,0,0,0,0,0,2
java.lang.NumberFormatException: multiple points
thread is open, sizeMB2000
print extradionario!!!!
0.354177,0.152778,0.166667,0,0.223514,0.00.342171,0.25,0.045455,0.064424,0.24031,0.109316,0.885827,0.92126,0.570866,0.733166,1,0,0,0,0,0,0,0,0,0,0,0,0,0,0,0,0,0,0,0,0,1,0,0,0,0,0,0,0,0,0,0,0,0,0,0,0,0,0,0,0,0,0,0,20.342171,0.272222,0.106061,0.060845,0.249354,0.111423,0.913386,0.905512,0.511811,0.731633,1,0,0,0,0,0,0,0,0,0,0,0,0,0,0,0,0,0,0,0,0,1,0,0,0,0,0,0,0,0,0,0,0,0,0,0,0,0,0,0,0,0,0,0,2
java.lang.NumberFormatException: multiple points
[newChuckSize]:2000
thread is open, sizeMB2000
print extradionario!!!!
0.489245,0.255556,0.121212,0.030.481241,0.375,0.030303,0.150322,0.245478,0.464522,0.874016,0.937008,0.594488,0.863516,1,0,0,0,0,0,0,0,0,0,0,0,0,0,0,1,0,0,0,0,0,0,0,0,0,0,0,0,0,0,0,0,0,0,0,0,0,0,0,0,0,0,0,0,20.481241,0.3,0.030303,0.150322,0.245478,0.461149,0.877953,0.929134,0.586614,0.860031,1,0,0,0,0,0,0,0,0,0,0,0,0,0,0,1,0,0,0,0,0,0,0,0,0,0,0,0,0,0,0,0,0,0,0,0,0,0,0,0,0,0,0,0,2
java.lang.NumberFormatException: multiple points
print extradionario!!!!
0.531760.591296,0.347222,0.272727,0.365784,0.44832,0.910215,0.972441,0.88189,0.385827,0.534783,1,0,0,0,0,0,0,0,0,0,0,0,0,0,0,0,0,0,0,0,0,0,0,0,0,0,0,0,0,0,0,0,1,0,0,0,0,0,0,0,0,0,0,0,2
java.lang.NumberFormatException: multiple points
thread is open, sizeMB2000
print extradionario!!!!
0.390195,0.120.421711,0.186111,0.212121,0.021475,0.237726,0.237319,0.917323,0.830709,0.42126,0.46912,1,0,0,0,0,0,0,0,0,0,0,0,0,0,0,1,0,0,0,0,0,0,0,0,0,0,0,0,0,0,0,0,0,0,0,0,0,0,0,0,0,0,0,0,20.417709,0.019444,0.227273,0,0.223514,0.229451,0.795276,0.826772,0.566929,0.462707,1,0,0,0,0,0,0,0,0,0,0,0,0,0,0,0,0,0,0,0,0,0,0,1,0,0,0,0,0,0,0,0,0,0,0,0,0,0,0,0,0,0,0,0,2
java.lang.NumberFormatException: multiple points
thread is open, sizeMB2000
thread is open, sizeMB2000
print extradionario!!!!
0.531766,0.669444,0.181818,0.23622,0.257106,0.0.377189,0.269444,0.227273,0.163207,0.21447,0.158775,0.96063,0.850394,0.385827,0.047679,1,0,0,0,0,0,0,0,0,0,0,0,0,0,0,0,0,0,0,0,0,0,0,0,0,0,0,0,0,0,0,0,1,0,0,0,0,0,0,0,0,0,0,0,20.372686,0.238889,0.181818,0.173228,0.209302,0.15456,0.937008,0.862205,0.433071,0.043636,1,0,0,0,0,0,0,0,0,0,0,0,0,0,0,0,0,0,0,0,0,0,0,0,0,0,0,0,0,0,0,0,1,0,0,0,0,0,0,0,0,0,0,0,2
java.lang.NumberFormatException: multiple points
print extradionario!!!!
0.382691,0.075,0.090.510755,0.063889,0.151515,0.085898,0.236434,0.576788,0.84252,0.858268,0.547244,0.4266,1,0,0,0,0,0,0,0,0,0,0,0,0,0,0,0,0,0,0,0,0,0,0,0,0,0,0,0,0,0,0,0,0,1,0,0,0,0,0,0,0,0,0,0,20.510255,0.077778,0.136364,0.088762,0.229974,0.572573,0.854331,0.866142,0.543307,0.4266,1,0,0,0,0,0,0,0,0,0,0,0,0,0,0,0,0,0,0,0,0,0,0,0,0,0,0,0,0,0,0,0,0,1,0,0,0,0,0,0,0,0,0,0,2
java.lang.NumberFormatException: multiple points
thread is open, sizeMB2000
print extradionario!!!!
0.564782,0.125,0.19697,0.471009,0.273902,0.0.377189,0.963889,0.5,0.060845,0.263566,0.126458,0.551181,0.661417,0.602362,0.317022,1,0,0,0,0,0,0,0,0,0,0,0,0,0,0,0,0,0,0,0,0,0,0,0,0,0,0,0,0,0,0,0,1,0,0,0,0,0,0,0,0,0,0,0,20.37969,0.944444,0.530303,0.068003,0.27907,0.123086,0.503937,0.661417,0.649606,0.316465,1,0,0,0,0,0,0,0,0,0,0,0,0,0,0,0,0,0,0,0,0,0,0,0,0,0,0,0,0,0,0,0,1,0,0,0,0,0,0,0,0,0,0,0,2
java.lang.NumberFormatException: multiple points
print extradionario!!!!
0.613807,0.25,0.227273,0.365068,0.245478,0.514262,0.0.405703,0.127778,0.227273,0.202577,0.24677,0.130111,0.877953,0.811024,0.440945,0.249268,1,0,0,0,0,0,0,0,0,0,0,0,0,0,0,0,0,0,0,0,0,0,0,0,0,0,1,0,0,0,0,0,0,0,0,0,0,0,0,0,0,0,0,0,20.402201,0.080556,0.181818,0.19184,0.237726,0.126317,0.850394,0.84252,0.523622,0.245504,1,0,0,0,0,0,0,0,0,0,0,0,0,0,0,0,0,0,0,0,0,0,0,0,0,0,1,0,0,0,0,0,0,0,0,0,0,0,0,0,0,0,0,0,2
java.lang.NumberFormatException: multiple points
thread is open, sizeMB2000
thread is open, sizeMB2000
print extradionario!!!!
0.44022,0.866667,0.19697,0.151754,0.241602,0.181250.55978,0.013889,0.045455,0.304939,0.248062,0.495714,0.850394,0.92126,0.610236,0.150843,1,0,0,0,0,0,0,0,0,0,0,0,0,0,0,0,0,0,0,0,0,0,0,0,0,0,0,0,0,0,0,0,1,0,0,0,0,0,0,0,0,0,0,0,20.55978,0.338889,0.060606,0.292054,0.248062,0.492483,0.897638,0.929134,0.562992,0.15391,1,0,0,0,0,0,0,0,0,0,0,0,0,0,0,0,0,0,0,0,0,0,0,0,0,0,0,0,0,0,0,0,1,0,0,0,0,0,0,0,0,0,0,0,2
java.lang.NumberFormatException: multiple points
print extradionario!!!!
0.338669,0.341667,0.121212,0.171797,0.0.444222,0.025,0.106061,0.156049,0.219638,0.184769,0.834646,0.885827,0.594488,0.181235,1,0,0,0,0,0,0,0,0,0,0,0,0,0,0,0,0,0,0,0,0,0,0,0,0,0,1,0,0,0,0,0,0,0,0,0,0,0,0,0,0,0,0,0,20.443222,0.113889,0.136364,0.176807,0.226098,0.18238,0.870079,0.862205,0.519685,0.177192,1,0,0,0,0,0,0,0,0,0,0,0,0,0,0,0,0,0,0,0,0,0,0,0,0,0,1,0,0,0,0,0,0,0,0,0,0,0,0,0,0,0,0,0,2
java.lang.NumberFormatException: multiple points
thread is open, sizeMB2000
print extradionario!!!!
0.373187,0.127778,0.242424,0.273443,0.319121,0.122524,0.877953,0.795276,0.425197,0.0582740.495748,0.294444,0.19697,0.04796,0.239018,0.402698,0.952756,0.88189,0.429134,0.365119,1,0,0,0,0,0,0,0,0,0,0,0,0,0,0,1,0,0,0,0,0,0,0,0,0,0,0,0,0,0,0,0,0,0,0,0,0,0,0,0,0,0,0,0,20.492746,0.280556,0.151515,0.030064,0.231266,0.399607,0.929134,0.893701,0.476378,0.360937,1,0,0,0,0,0,0,0,0,0,0,0,0,0,0,0,0,0,0,0,0,0,0,0,0,0,1,0,0,0,0,0,0,0,0,0,0,0,0,0,0,0,0,0,2
java.lang.NumberFormatException: multiple points
thread is open, sizeMB2000
print extradionario!!!!
0.548274,0.788889,0.212121,0.064424,0.254522,0.0.523762,0.269444,0.090909,0.287759,0.315245,0.430097,0.905512,0.909449,0.531496,0.301129,1,0,0,0,0,0,0,0,0,0,0,0,0,0,0,1,0,0,0,0,0,0,0,0,0,0,0,0,0,0,0,0,0,0,0,0,0,0,0,0,0,0,0,0,20.521761,0.352778,0.106061,0.307802,0.307494,0.425882,0.913386,0.929134,0.535433,0.297923,1,0,0,0,0,0,0,0,0,0,0,0,0,0,0,1,0,0,0,0,0,0,0,0,0,0,0,0,0,0,0,0,0,0,0,0,0,0,0,0,0,0,0,0,2
java.lang.NumberFormatException: multiple points
thread is open, sizeMB2000
print extradionario!!!!
0.504250.681841,0.991667,0.227273,0.173228,0.251938,0.532668,0.76378,0.830709,0.602362,0.546354,1,0,0,0,0,0,0,0,0,0,0,0,0,0,0,0,0,0,0,0,0,0,0,0,0,0,0,0,0,0,0,0,0,0,0,0,0,0,0,0,0,1,0,0,1
java.lang.NumberFormatException: multiple points
thread is open, sizeMB2000
thread is open, sizeMB500
print extradionario!!!!
0.58079,0.1722220.667834,0.663889,0.015152,0.228346,0.251938,0.826612,0.850394,0.944882,0.633858,0.285376,1,0,0,0,0,0,0,0,0,0,0,0,0,0,0,0,0,0,0,0,0,0,0,0,0,0,1,0,0,0,0,0,0,0,0,0,0,0,0,0,0,0,0,0,20.667834,0.719444,0.015152,0.2398,0.254522,0.830547,0.850394,0.940945,0.633858,0.286212,1,0,0,0,0,0,0,0,0,0,0,0,0,0,0,0,0,0,0,0,0,0,0,0,0,0,1,0,0,0,0,0,0,0,0,0,0,0,0,0,0,0,0,0,2
java.lang.NumberFormatException: multiple points
[newChuckSize]:500
thread is open, sizeMB2000
[newChuckSize]:2000
thread is open, sizeMB2000
thread is open, sizeMB2000
thread is open, sizeMB2000
thread is open, sizeMB2000
print extradionario!!!!
0.509255,0.966667,0.272727,0.077309,0.25190.417709,0.766667,0.136364,0.125268,0.249354,0.04707,0.771654,0.952756,0.732283,0.037641,1,0,0,0,0,0,0,0,0,0,0,0,0,0,0,0,0,0,0,0,0,0,0,0,0,0,0,0,0,0,0,0,1,0,0,0,0,0,0,0,0,0,0,0,20.42021,0.7,0.121212,0.137437,0.258398,0.049178,0.795276,0.968504,0.716535,0.03792,1,0,0,0,0,0,0,0,0,0,0,0,0,0,0,0,0,0,0,0,0,0,0,0,0,0,0,0,0,0,0,0,0,1,0,0,0,0,0,0,0,0,0,0,2
java.lang.NumberFormatException: multiple points
thread is open, sizeMB2000
thread is open, sizeMB2000
thread is open, sizeMB2000
learning evaluation instances,Wall Time (Actual Time),Avg Delay (ms),outRate (inst/s),classified instances,classifications correct (percent),Kappa Statistic (percent),Kappa Temporal Statistic (percent),Kappa M Statistic (percent),F1 Score (percent),F1 Score for class 0 (percent),F1 Score for class 1 (percent),F1 Score for class 2 (percent),F1 Score for class 3 (percent),F1 Score for class 4 (percent),F1 Score for class 5 (percent),F1 Score for class 6 (percent),Precision (percent),Precision for class 0 (percent),Precision for class 1 (percent),Precision for class 2 (percent),Precision for class 3 (percent),Precision for class 4 (percent),Precision for class 5 (percent),Precision for class 6 (percent),Recall (percent),Recall for class 0 (percent),Recall for class 1 (percent),Recall for class 2 (percent),Recall for class 3 (percent),Recall for class 4 (percent),Recall for class 5 (percent),Recall for class 6 (percent),model training instances,model serialized size (bytes)
132076.0,121.60299682617188,1495.0,1086.12451171875,131500.0,89.9893536121673,81.6149098042402,-79.22396187882921,75.20717191502185,68.95059884191703,?,86.03040076363479,93.17745744366822,90.91777061701873,62.303030303030305,73.29032258064517,69.63829009864816,75.5913594864946,0.0,91.97513684015215,89.96413642409273,86.20572592508769,88.01369863013699,86.73647469458989,86.24434389140272,63.3824045343931,0.0,80.80747704178667,96.62882653061224,96.17472541345789,48.21763602251407,63.45355888924353,58.39460784313726,0.0,1.0
