Connected!
[newChuckSize]:0
thread is open, sizeMB500
[newChuckSize]:500
thread is open, sizeMB500
print extradionario!!!!
0.468234,0.130556,0.151515,0.322835,0.346253,0.31755,0.88189,0.862205,0.500.245623,0.613889,0.530303,0.077309,0.326873,0.182942,0.614173,0.968504,0.807087,0.071936,0,0,0,1,1,0,0,0,0,0,0,0,0,0,0,0,0,0,0,0,0,0,0,0,0,0,0,0,0,0,0,0,0,0,0,0,0,0,0,0,0,0,0,0,60.193597,0.911111,0.045455,0,0.223514,0.052831,0.834646,0.929134,0.637795,0.10902,0,0,0,1,0,0,0,0,0,0,0,0,0,0,0,0,0,0,0,1,0,0,0,0,0,0,0,0,0,0,0,0,0,0,0,0,0,0,0,0,0,0,0,0,4
java.lang.NumberFormatException: multiple points
print extradionario!!!!
0.29965,0.816667,0.242424,0.021475,0.231266,0.10.613807,0.097222,0.151515,0.171797,0.24031,0.202332,0.862205,0.858268,0.527559,0.412937,0,0,1,0,0,0,0,0,0,0,0,0,0,0,0,0,0,0,0,0,0,0,0,0,0,0,0,0,0,0,0,0,0,0,1,0,0,0,0,0,0,0,0,0,10.861931,0.263889,0.333333,0.23622,0.326873,0.369538,0.980315,0.795276,0.275591,0.536874,1,0,0,0,0,0,0,0,0,0,0,0,0,0,0,0,0,0,0,0,0,0,0,0,0,0,0,0,0,0,0,0,0,0,0,0,0,0,0,0,0,0,0,1,7
java.lang.NumberFormatException: multiple points
thread is open, sizeMB500
thread is open, sizeMB500
print extradionario!!!!
0.431216,0.011111,0.272727,0.125268,0.0.438219,0.330556,0.166667,0.060845,0.245478,0.332724,0.940945,0.909449,0.476378,0.971002,1,0,0,0,0,0,0,0,0,0,0,0,0,0,0,1,0,0,0,0,0,0,0,0,0,0,0,0,0,0,0,0,0,0,0,0,0,0,0,0,0,0,0,0,10.435718,0.330556,0.166667,0.04796,0.239018,0.328509,0.940945,0.909449,0.476378,0.974209,1,0,0,0,0,0,0,0,0,0,0,0,0,0,0,1,0,0,0,0,0,0,0,0,0,0,0,0,0,0,0,0,0,0,0,0,0,0,0,0,0,0,0,0,1
java.lang.NumberFormatException: multiple points
print extradionario!!!!
0.504252,0.897222,0.136364,0.182534,0.286820.45973,0.980556,0.181818,0.214746,0.366925,0.395953,0.783465,0.858268,0.61811,0.914262,1,0,0,0,0,0,0,0,0,0,0,0,0,0,0,1,0,0,0,0,0,0,0,0,0,0,0,0,0,0,0,0,0,0,0,0,0,0,0,0,0,0,0,0,10.458229,0.063889,0.19697,0.215462,0.363049,0.391879,0.834646,0.838583,0.531496,0.918444,1,0,0,0,0,0,0,0,0,0,0,0,0,0,0,1,0,0,0,0,0,0,0,0,0,0,0,0,0,0,0,0,0,0,0,0,0,0,0,0,0,0,0,0,1
java.lang.NumberFormatException: multiple points
print extradionario!!!!
0.564782,0.002778,0.166667,0.077309,0.249354,0.829282,0.807087,0.866142,0.598425,0.4900.428214,0.069444,0.151515,0.289191,0.250646,0.268934,0.846457,0.862205,0.551181,0.841628,1,0,0,0,0,0,0,0,0,0,0,0,0,0,0,1,0,0,0,0,0,0,0,0,0,0,0,0,0,0,0,0,0,0,0,0,0,0,0,0,0,0,0,0,20.427214,0.030556,0.151515,0.289191,0.254522,0.265421,0.822835,0.866142,0.57874,0.83884,1,0,0,0,0,0,0,0,0,0,0,0,0,0,0,1,0,0,0,0,0,0,0,0,0,0,0,0,0,0,0,0,0,0,0,0,0,0,0,0,0,0,0,0,2
java.lang.NumberFormatException: multiple points
thread is open, sizeMB500
thread is open, sizeMB500
thread is open, sizeMB500
print extradionario!!!!
0.541771,0.161111,0.136364,0.125268,0.25323,0.648869,0.893701,0.874016,0.5078740.677839,0.25,0.015152,0.49821,0.282946,0.569622,0.870079,0.929134,0.594488,0.288582,1,0,0,0,0,0,0,0,0,0,0,0,0,0,0,0,0,0,0,0,0,0,1,0,0,0,0,0,0,0,0,0,0,0,0,0,0,0,0,0,0,0,0,0,10.677839,0,0,0.519685,0.282946,0.571589,0.858268,0.937008,0.614173,0.288582,1,0,0,0,0,0,0,0,0,0,0,0,0,0,0,0,0,0,0,0,0,0,1,0,0,0,0,0,0,0,0,0,0,0,0,0,0,0,0,0,0,0,0,0,1
java.lang.NumberFormatException: multiple points
thread is open, sizeMB500
print extradionario!!!!
0.461731,0.380556,0.242424,0.04796,0.24677,0.442743,0.956693,0.917323,0.448810.548274,0.327778,0.121212,0.24481,0.299742,0.641843,0.92126,0.917323,0.511811,0.886658,1,0,0,0,0,0,0,0,0,0,0,0,0,0,0,1,0,0,0,0,0,0,0,0,0,0,0,0,0,0,0,0,0,0,0,0,0,0,0,0,0,0,0,0,20.545273,0.358333,0.090909,0.228346,0.29199,0.638612,0.909449,0.929134,0.543307,0.890422,1,0,0,0,0,0,0,0,0,0,0,0,0,0,0,1,0,0,0,0,0,0,0,0,0,0,0,0,0,0,0,0,0,0,0,0,0,0,0,0,0,0,0,0,2
java.lang.NumberFormatException: multiple points
thread is open, sizeMB500
thread is open, sizeMB500
thread is open, sizeMB500
print extradionario!!!!
0.528764,0.180.516758,0.425,0.242424,0.021475,0.224806,0.502037,0.937008,0.940945,0.492126,0.263209,1,0,0,0,0,0,0,0,0,0,0,0,0,0,0,0,0,0,0,0,0,0,0,1,0,0,0,0,0,0,0,0,0,0,0,0,0,0,0,0,0,0,0,0,20.514757,0.422222,0.257576,0.021475,0.228682,0.497963,0.937008,0.937008,0.488189,0.264464,1,0,0,0,0,0,0,0,0,0,0,0,0,0,0,0,0,0,0,0,0,0,0,1,0,0,0,0,0,0,0,0,0,0,0,0,0,0,0,0,0,0,0,0,2
java.lang.NumberFormatException: multiple points
thread is open, sizeMB500
thread is open, sizeMB500
thread is open, sizeMB500
thread is open, sizeMB500
print extradionario!!!!
0.409205,0.308333,0.106061,0.10730.427714,0.105556,0.227273,0.088762,0.205426,0.211184,0.858268,0.807087,0.464567,0.147916,1,0,0,0,0,0,0,0,0,0,0,0,0,0,0,0,0,0,0,0,0,0,0,0,0,0,0,0,0,0,0,0,1,0,0,0,0,0,0,0,0,0,0,0,20.425713,0.016667,0.166667,0.09592,0.206718,0.206969,0.814961,0.862205,0.586614,0.147358,1,0,0,0,0,0,0,0,0,0,0,0,0,0,0,0,0,0,0,0,0,0,0,0,0,0,1,0,0,0,0,0,0,0,0,0,0,0,0,0,0,0,0,0,2
java.lang.NumberFormatException: multiple points
thread is open, sizeMB500
thread is open, sizeMB500
print extradionario!!!!
0.67934,0.988880.608804,0,0.075758,0.173228,0.237726,0.73191,0.838583,0.909449,0.614173,0.363167,1,0,0,0,0,0,0,0,0,0,0,0,0,0,0,0,0,0,0,0,0,0,0,0,0,0,1,0,0,0,0,0,0,0,0,0,0,0,0,0,0,0,0,0,10.608804,0.041667,0.075758,0.154617,0.237726,0.735422,0.850394,0.905512,0.598425,0.361216,1,0,0,0,0,0,0,0,0,0,0,0,0,0,0,0,0,0,0,0,0,0,0,0,0,0,1,0,0,0,0,0,0,0,0,0,0,0,0,0,0,0,0,0,1
java.lang.NumberFormatException: multiple points
print extradionario!!!!
0.661831,0.7,0.287879,0.413028,0.339793,0.80.684842,0.977778,0.106061,0.184681,0.286822,0.615849,0.818898,0.901575,0.622047,0.411962,1,0,0,0,0,0,0,0,0,0,0,0,0,0,0,0,0,0,0,0,0,0,0,0,0,1,0,0,0,0,0,0,0,0,0,0,0,0,0,0,0,0,0,0,10.685343,0.922222,0.090909,0.198282,0.288114,0.619924,0.814961,0.917323,0.649606,0.40987,1,0,0,0,0,0,0,0,0,0,0,0,0,0,0,0,0,0,0,0,0,0,0,0,0,1,0,0,0,0,0,0,0,0,0,0,0,0,0,0,0,0,0,0,1
java.lang.NumberFormatException: multiple points
thread is open, sizeMB500
thread is open, sizeMB500
thread is open, sizeMB500
thread is open, sizeMB500
thread is open, sizeMB500
print extradionario!!!!
0.570785,0.266667,0.424242,0.48461,0.48708,0.176198,0.988189,0.740157,0.1811020.094547,0.938889,0.424242,0.156049,0.302326,0.079528,0.57874,0.740157,0.677165,0.084065,0,0,0,1,0,0,0,0,0,0,0,0,0,1,0,0,0,0,0,0,0,0,0,0,0,0,0,0,0,0,0,0,0,0,0,0,0,0,0,0,0,0,0,0,60.102551,0.036111,0.348485,0.198282,0.347545,0.086834,0.751969,0.732283,0.492126,0.09243,0,0,0,1,0,0,0,0,0,0,0,0,0,1,0,0,0,0,0,0,0,0,0,0,0,0,0,0,0,0,0,0,0,0,0,0,0,0,0,0,0,0,0,0,6
java.lang.NumberFormatException: multiple points
thread is open, sizeMB500
thread is open, sizeMB500
print extradionario!!!!
0.561281,0.022222,0.0.277639,0.95,0.227273,0.269148,0.523256,0.157932,0.73622,0.850394,0.653543,0.154189,0,0,0,1,0,0,0,0,0,1,0,0,0,0,0,0,0,0,0,0,0,0,0,0,0,0,0,0,0,0,0,0,0,0,0,0,0,0,0,0,0,0,0,0,30.278139,0.091667,0.257576,0.303508,0.524548,0.15203,0.84252,0.791339,0.464567,0.15628,0,0,0,1,0,0,0,0,0,1,0,0,0,0,0,0,0,0,0,0,0,0,0,0,0,0,0,0,0,0,0,0,0,0,0,0,0,0,0,0,0,0,0,0,3
java.lang.NumberFormatException: multiple points
thread is open, sizeMB500
learning evaluation instances,Wall Time (Actual Time),Avg Delay (ms),outRate (inst/s),classified instances,classifications correct (percent),Kappa Statistic (percent),Kappa Temporal Statistic (percent),Kappa M Statistic (percent),F1 Score (percent),F1 Score for class 0 (percent),F1 Score for class 1 (percent),F1 Score for class 2 (percent),F1 Score for class 3 (percent),F1 Score for class 4 (percent),F1 Score for class 5 (percent),F1 Score for class 6 (percent),Precision (percent),Precision for class 0 (percent),Precision for class 1 (percent),Precision for class 2 (percent),Precision for class 3 (percent),Precision for class 4 (percent),Precision for class 5 (percent),Precision for class 6 (percent),Recall (percent),Recall for class 0 (percent),Recall for class 1 (percent),Recall for class 2 (percent),Recall for class 3 (percent),Recall for class 4 (percent),Recall for class 5 (percent),Recall for class 6 (percent),model training instances,model serialized size (bytes),ensemble size,change detections,[avg] model training instances,[err] model training instances,[avg] model serialized size (bytes),[err] model serialized size (bytes),[avg] tree size (nodes),[err] tree size (nodes),[avg] tree size (leaves),[err] tree size (leaves),[avg] active learning leaves,[err] active learning leaves,[avg] tree depth,[err] tree depth,[avg] active leaf byte size estimate,[err] active leaf byte size estimate,[avg] inactive leaf byte size estimate,[err] inactive leaf byte size estimate,[avg] byte size estimate overhead,[err] byte size estimate overhead
96501.0,120.5719985961914,613.0,800.3599853515625,96500.0,91.49015544041451,83.47326346215411,-78.21180555555547,76.84151156232376,70.53344725556059,3.448275862068965,88.40344115874261,94.03755102040816,91.3286512827863,75.6892230576441,68.73563218390805,71.48910411622276,69.54529601279947,4.0,89.99962810071032,93.71013926851491,86.76470588235294,75.5,64.25501432664757,72.58758451137062,71.5500840159682,3.0303030303030303,86.86288585786073,94.36725866701619,96.39939485627836,75.87939698492463,73.88797364085667,70.42337507453786,0.0,1.0,25.0,189.0,149731.91999999998,163295.74745991806,1.0,0.0,75.03999999999999,89.7665862111287,38.0,44.900816622120956,38.0,44.900816622120956,6.16,5.193585787616619,0.0,0.0,0.0,0.0,1.0,0.0
