Connected!
[newChuckSize]:0
thread is open, sizeMB500
[newChuckSize]:500
print extradionario!!!!
0.568284,0.6472220.250625,0.397222,0.272727,0.258411,0.308786,0.161444,0.956693,0.917323,0.437008,0.097031,0,0,0,1,0,0,0,0,0,1,0,0,0,0,0,0,0,0,0,0,0,0,0,0,0,0,0,0,0,0,0,0,0,0,0,0,0,0,0,0,0,0,0,0,40.232116,0.336111,0.530303,0.258411,0.260982,0.155122,0.996063,0.740157,0.11811,0.088666,0,0,0,1,0,0,1,0,0,0,0,0,0,0,0,0,0,0,0,0,0,0,0,0,0,0,0,0,0,0,0,0,0,0,0,0,0,0,0,0,0,0,0,0,4
java.lang.NumberFormatException: multiple points
thread is open, sizeMB500
thread is open, sizeMB500
print extradionario!!!!
0.630815,0.905556,0.13630.306153,0.847222,0.272727,0.204009,0.286822,0.122243,0.665354,0.897638,0.779528,0.020912,0,0,0,1,0,1,0,0,0,0,0,0,0,0,0,0,0,0,0,0,0,0,0,0,0,0,0,0,0,0,0,0,0,0,0,0,0,0,0,0,0,0,0,0,6
java.lang.NumberFormatException: multiple points
thread is open, sizeMB250
thread is open, sizeMB250
print extradionario!!!!
0.349675,0.366667,0.090909,0.068003,0.23385,0.0622450.41971,0.319444,0.19697,0.04796,0.24031,0.283968,0.956693,0.889764,0.433071,0.910079,1,0,0,0,0,0,0,0,0,0,0,0,0,0,0,1,0,0,0,0,0,0,0,0,0,0,0,0,0,0,0,0,0,0,0,0,0,0,0,0,0,0,0,0,20.415208,0.294444,0.212121,0.030064,0.228682,0.279893,0.956693,0.874016,0.409449,0.907291,1,0,0,0,0,0,0,0,0,0,0,0,0,0,0,1,0,0,0,0,0,0,0,0,0,0,0,0,0,0,0,0,0,0,0,0,0,0,0,0,0,0,0,0,2
java.lang.NumberFormatException: multiple points
[newChuckSize]:250
thread is open, sizeMB250
thread is open, sizeMB250
print extradionario!!!!
0.676338,0.202778,0.100.489245,0.977778,0.242424,0.021475,0.22739,0.796965,0.748031,0.830709,0.622047,0.641712,1,0,0,0,0,0,0,0,0,0,0,0,0,0,0,0,0,0,0,0,0,0,0,0,0,0,0,1,0,0,0,0,0,0,0,0,0,0,0,0,0,0,0,0,20.490745,0.930556,0.318182,0.021475,0.235142,0.793171,0.65748,0.811024,0.688976,0.645337,1,0,0,0,0,0,0,0,0,0,0,0,0,0,0,0,0,0,0,0,0,0,0,0,0,0,0,1,0,0,0,0,0,0,0,0,0,0,0,0,0,0,0,0,2
java.lang.NumberFormatException: multiple points
thread is open, sizeMB250
print extradionario!!!!
0.650325,0.186111,0.090909,0.219041,0.232558,0.0.445723,0.086111,0.121212,0.088762,0.25323,0.261487,0.858268,0.874016,0.551181,0.213021,1,0,0,0,0,0,0,0,0,0,0,0,0,0,0,0,0,0,0,0,0,0,0,0,0,0,0,0,0,0,0,0,1,0,0,0,0,0,0,0,0,0,0,0,20.444722,0.069444,0.181818,0.085898,0.250646,0.260081,0.838583,0.838583,0.527559,0.208978,1,0,0,0,0,0,0,0,0,0,0,0,0,0,0,0,0,0,0,0,0,0,0,0,0,0,0,0,0,0,0,0,1,0,0,0,0,0,0,0,0,0,0,0,2
java.lang.NumberFormatException: multiple points
thread is open, sizeMB250
thread is open, sizeMB500
[newChuckSize]:500
print extradionario!!!!
0.564782,0.4380.569785,0.613889,0.227273,0.431639,0.350129,0.806941,0.787402,0.996063,0.732283,0.55918,1,0,0,0,0,0,0,0,0,0,0,0,0,0,0,0,0,0,0,0,0,0,0,0,0,0,0,0,0,0,0,0,1,0,0,0,0,0,0,0,0,0,0,0,20.571286,0.605556,0.227273,0.453114,0.354005,0.811156,0.795276,0.996063,0.724409,0.55681,1,0,0,0,0,0,0,0,0,0,0,0,0,0,0,0,0,0,0,0,0,0,0,0,0,0,0,0,0,0,0,0,1,0,0,0,0,0,0,0,0,0,0,0,2
java.lang.NumberFormatException: multiple points
print extradionario!!!!
0.433717,0.255556,0.10.584292,0.625,0.166667,0.519685,0.379845,0.805255,0.807087,0.984252,0.712598,0.443329,1,0,0,0,0,0,0,0,0,0,0,0,0,0,0,0,0,0,0,0,0,0,0,0,0,0,0,0,0,0,0,0,1,0,0,0,0,0,0,0,0,0,0,0,20.586293,0.472222,0.181818,0.536865,0.385013,0.80104,0.901575,0.964567,0.57874,0.441099,1,0,0,0,0,0,0,0,0,0,0,0,0,0,0,0,0,0,0,0,0,0,0,0,0,0,0,0,0,0,0,0,1,0,0,0,0,0,0,0,0,0,0,0,2
java.lang.NumberFormatException: multiple points
thread is open, sizeMB250
[newChuckSize]:250
print extradionario!!!!
0.543272,0.444444,0.166667,0.365784,0.273902,0.7846,0.9094490.389195,0.313889,0.151515,0.273443,0.202842,0.0718,0.933071,0.905512,0.484252,0.191552,1,0,0,0,0,0,0,0,0,0,0,0,0,0,0,1,0,0,0,0,0,0,0,0,0,0,0,0,0,0,0,0,0,0,0,0,0,0,0,0,0,0,0,0,20.386693,0.263889,0.151515,0.289191,0.202842,0.067585,0.933071,0.885827,0.464567,0.187927,1,0,0,0,0,0,0,0,0,0,0,0,0,0,0,1,0,0,0,0,0,0,0,0,0,0,0,0,0,0,0,0,0,0,0,0,0,0,0,0,0,0,0,0,2
java.lang.NumberFormatException: multiple points
thread is open, sizeMB250
print extradionario!!!!
0.566283,0.0805560.54027,0.466667,0.242424,0.224052,0.25323,0.654349,0.909449,0.964567,0.551181,0.059111,1,0,0,0,0,0,0,0,0,0,0,0,0,0,0,0,0,0,0,0,0,0,0,0,0,0,0,0,0,0,0,0,0,1,0,0,0,0,0,0,0,0,0,0,20.54077,0.516667,0.257576,0.23121,0.254522,0.650696,0.866142,0.984252,0.61811,0.058692,1,0,0,0,0,0,0,0,0,0,0,0,0,0,0,0,0,0,0,0,0,0,0,0,0,0,0,0,0,0,0,0,0,1,0,0,0,0,0,0,0,0,0,0,2
java.lang.NumberFormatException: multiple points
thread is open, sizeMB250
thread is open, sizeMB250
print extradionario!!!!
0.535268,0.925,0.227273,0.121689,0.262274,0.0.538269,0.925,0.257576,0.115963,0.290698,0.484755,0.704724,0.850394,0.688976,0.228217,1,0,0,0,0,0,0,0,0,0,0,0,0,0,0,0,0,0,0,0,0,0,0,0,0,0,0,0,0,0,0,0,1,0,0,0,0,0,0,0,0,0,0,0,20.54027,0.916667,0.257576,0.125268,0.295866,0.482226,0.69685,0.850394,0.700787,0.231005,1,0,0,0,0,0,0,0,0,0,0,0,0,0,0,0,0,0,0,0,0,0,0,0,0,0,0,0,0,0,0,0,1,0,0,0,0,0,0,0,0,0,0,0,2
java.lang.NumberFormatException: multiple points
thread is open, sizeMB250
thread is open, sizeMB250
print extradionario!!!!
0.504252,0.083333,0.121212,0.211167,0.24031,0.0.597799,0.158333,0.075758,0.176807,0.232558,0.536181,0.877953,0.901575,0.559055,0.281054,1,0,0,0,0,0,0,0,0,0,0,0,0,0,0,0,0,0,0,0,0,0,0,0,0,0,0,0,0,0,0,0,1,0,0,0,0,0,0,0,0,0,0,0,20.596798,0.186111,0.090909,0.156049,0.229974,0.531966,0.893701,0.897638,0.531496,0.277987,1,0,0,0,0,0,0,0,0,0,0,0,0,0,0,0,0,0,0,0,0,0,0,0,0,0,0,0,0,0,0,0,1,0,0,0,0,0,0,0,0,0,0,0,2
java.lang.NumberFormatException: multiple points
thread is open, sizeMB250
print extradionario!!!!
0.603302,0.319444,0.181818,0.077309,0.236434,0.484474,0.944882,0.897638,0.46060.651326,0.141667,0.19697,0.176807,0.284238,0.73486,0.889764,0.830709,0.456693,0.389656,1,0,0,0,0,0,0,0,0,0,0,0,0,0,0,0,0,0,0,0,0,0,0,0,0,1,0,0,0,0,0,0,0,0,0,0,0,0,0,0,0,0,0,0,20.648824,0.102778,0.181818,0.156049,0.276486,0.738794,0.862205,0.834646,0.496063,0.388819,1,0,0,0,0,0,0,0,0,0,0,0,0,0,0,0,0,0,0,0,0,0,0,0,0,1,0,0,0,0,0,0,0,0,0,0,0,0,0,0,0,0,0,0,2
java.lang.NumberFormatException: multiple points
thread is open, sizeMB250
thread is open, sizeMB250
print extradionario!!!!
0.495748,0.177778,0.439394,0.23121,0.470284,0.04707,0.913386,0.661417,0.188970.662831,0.852778,0.075758,0.251253,0.186047,0.444991,0.811024,0.933071,0.669291,0.161439,1,0,0,0,0,0,0,0,0,0,0,0,0,0,0,0,0,0,0,0,0,0,0,0,0,0,0,0,0,0,0,0,1,0,0,0,0,0,0,0,0,0,0,0,20.662831,0.913889,0.060606,0.24481,0.186047,0.441197,0.826772,0.925197,0.641732,0.163948,1,0,0,0,0,0,0,0,0,0,0,0,0,0,0,0,0,0,0,0,0,0,0,0,0,0,0,0,0,0,0,0,1,0,0,0,0,0,0,0,0,0,0,0,2
java.lang.NumberFormatException: multiple points
thread is open, sizeMB250
thread is open, sizeMB250
thread is open, sizeMB250
thread is open, sizeMB500
[newChuckSize]:500
thread is open, sizeMB250
print extradionario!!!!
0.089045,0.313889,0.212121,0.021475,0.222222,0.00.789395,0.6,0.363636,0.474588,0.186047,0.477729,0.73622,1,0.755906,0.357452,1,0,0,0,0,0,0,0,0,0,0,0,0,0,0,0,0,0,0,0,0,0,0,0,0,0,0,0,0,0,0,0,0,0,0,0,0,0,0,0,0,0,0,1,10.794897,0.627778,0.409091,0.473157,0.200258,0.473655,0.677165,0.996063,0.811024,0.358009,1,0,0,0,0,0,0,0,0,0,0,0,0,0,0,0,0,0,0,0,0,0,0,0,0,0,0,0,0,0,0,0,0,0,0,0,0,0,0,0,0,0,0,1,1
java.lang.NumberFormatException: multiple points
[newChuckSize]:250
thread is open, sizeMB250
learning evaluation instances,Wall Time (Actual Time),Avg Delay (ms),outRate (inst/s),classified instances,classifications correct (percent),Kappa Statistic (percent),Kappa Temporal Statistic (percent),Kappa M Statistic (percent),F1 Score (percent),F1 Score for class 0 (percent),F1 Score for class 1 (percent),F1 Score for class 2 (percent),F1 Score for class 3 (percent),F1 Score for class 4 (percent),F1 Score for class 5 (percent),F1 Score for class 6 (percent),Precision (percent),Precision for class 0 (percent),Precision for class 1 (percent),Precision for class 2 (percent),Precision for class 3 (percent),Precision for class 4 (percent),Precision for class 5 (percent),Precision for class 6 (percent),Recall (percent),Recall for class 0 (percent),Recall for class 1 (percent),Recall for class 2 (percent),Recall for class 3 (percent),Recall for class 4 (percent),Recall for class 5 (percent),Recall for class 6 (percent),model training instances,model serialized size (bytes),ensemble size,[avg] model training instances,[err] model training instances,[avg] model serialized size (bytes),[err] model serialized size (bytes),[avg] tree size (nodes),[err] tree size (nodes),[avg] tree size (leaves),[err] tree size (leaves),[avg] active learning leaves,[err] active learning leaves,[avg] tree depth,[err] tree depth,[avg] active leaf byte size estimate,[err] active leaf byte size estimate,[avg] inactive leaf byte size estimate,[err] inactive leaf byte size estimate,[avg] byte size estimate overhead,[err] byte size estimate overhead
147331.0,120.47699737548828,258.0,1222.8973388671875,147000.0,83.3251700680272,67.41569151122152,-186.08776844070968,55.59339843113099,64.1396254328085,4.3478260869565215,75.78701051784866,88.49624299879903,70.65527065527066,84.19243986254295,65.20435967302451,48.178675884073385,63.66924088080951,7.142857142857142,81.4865289862669,86.39089475431607,65.56991774383079,76.85069008782936,53.981502368599145,74.26229508196721,64.61701206173143,3.125,70.83266886889167,90.7067692106582,76.59574468085107,93.08510638297872,82.31854145166838,35.655253837072024,0.0,1.0,25.0,5975.5999999999985,3269.390182689528,1.0,0.0,0.96,0.2,0.96,0.2,0.96,0.2,0.0,0.0,0.0,0.0,0.0,0.0,1.0,0.0
