Connected!
[newChuckSize]:0
thread is open, sizeMB500
[newChuckSize]:500
thread is open, sizeMB500
print extradionario!!!!
0.398199,0.227778,0.121212,0.274875,0.357881,0.085289,0.91330.256628,0.591667,0.318182,0.228346,0.329457,0.119292,0.771654,1,0.73622,0.059111,0,0,0,1,0,0,0,0,0,1,0,0,0,0,0,0,0,0,0,0,0,0,0,0,0,0,0,0,0,0,0,0,0,0,0,0,0,0,0,0,0,0,0,0,40.244622,0.377778,0.69697,0.26199,0.29845,0.11325,0.937008,0.681102,0.035433,0.050885,0,0,0,1,0,0,1,0,0,0,0,0,0,0,0,0,0,0,0,0,0,0,0,0,0,0,0,0,0,0,0,0,0,0,0,0,0,0,0,0,0,0,0,0,4
java.lang.NumberFormatException: multiple points
thread is open, sizeMB500
print extradionario!!!!
0.172086,0.05,0.090909,0,0.223514,0.110299,0.850394,0.893701,0.586614,0.0.795898,0.852778,0.272727,0.780959,0.634367,0.59393,0.65748,0.889764,0.779528,0.367907,0,0,1,0,0,0,0,0,0,0,0,0,0,0,0,0,0,0,0,0,0,0,0,0,0,0,0,0,0,0,0,0,0,0,0,0,0,0,0,0,0,0,0,1,70.808904,0.891667,0.257576,0.816034,0.660207,0.605311,0.681102,0.866142,0.732283,0.378782,0,0,1,0,0,0,0,0,0,0,0,0,0,0,0,0,0,0,0,0,0,0,0,0,0,0,0,0,0,0,0,0,0,0,0,0,0,0,0,0,0,0,0,1,7
java.lang.NumberFormatException: multiple points
thread is open, sizeMB500
thread is open, sizeMB500
thread is open, sizeMB500
print extradionario!!!!
0.55978,0.855556,0.136364,0.030064,0.229974,0.04707,0.771654,0.925197,0.70070.384192,0.25,0.227273,0.021475,0.22739,0.371224,0.952756,0.84252,0.385827,0.928482,1,0,0,0,0,0,0,0,0,0,0,0,0,0,0,0,0,0,0,0,0,0,0,0,0,0,0,0,0,0,0,0,0,1,0,0,0,0,0,0,0,0,0,0,20.384192,0.802778,0.257576,0,0.223514,0.367009,0.669291,0.929134,0.807087,0.932664,1,0,0,0,0,0,0,0,0,0,0,0,0,0,0,0,0,0,0,0,0,0,0,0,0,0,0,0,0,0,0,0,0,1,0,0,0,0,0,0,0,0,0,0,2
java.lang.NumberFormatException: multiple points
thread is open, sizeMB500
print extradionario!!!!
0.481241,0.036111,0.30303,0.04796,0.24031,0.5751020.409705,0.1,0.121212,0.271296,0.255814,0.213995,0.866142,0.870079,0.53937,0.834937,1,0,0,0,0,0,0,0,0,0,0,0,0,0,0,0,0,0,0,0,0,0,0,0,0,0,0,0,0,0,0,0,1,0,0,0,0,0,0,0,0,0,0,0,20.408204,0.083333,0.106061,0.27917,0.249354,0.210482,0.858268,0.889764,0.562992,0.832288,1,0,0,0,0,0,0,0,0,0,0,0,0,0,0,0,0,0,0,0,0,0,0,0,0,0,0,0,0,0,0,0,1,0,0,0,0,0,0,0,0,0,0,0,2
java.lang.NumberFormatException: multiple points
print extradionario!!!!
0.561781,0.322222,0.10.561781,0.344444,0.181818,0.30136,0.30491,0.700155,0.944882,0.909449,0.468504,0.763279,1,0,0,0,0,0,0,0,0,0,0,0,0,0,0,1,0,0,0,0,0,0,0,0,0,0,0,0,0,0,0,0,0,0,0,0,0,0,0,0,0,0,0,0,20.55978,0.347222,0.19697,0.279885,0.299742,0.696501,0.952756,0.905512,0.448819,0.767043,1,0,0,0,0,0,0,0,0,0,0,0,0,0,0,1,0,0,0,0,0,0,0,0,0,0,0,0,0,0,0,0,0,0,0,0,0,0,0,0,0,0,0,0,2
java.lang.NumberFormatException: multiple points
thread is open, sizeMB500
thread is open, sizeMB500
thread is open, sizeMB500
thread is open, sizeMB500
print extradionario!!!!
0.43922,0.055556,0.212121,0.136006,0.258398,0.296754,0.822830.587794,0.480556,0.166667,0.670723,0.372093,0.777715,0.893701,0.968504,0.586614,0.792277,1,0,0,0,0,0,0,0,0,0,0,0,0,0,0,0,0,0,0,0,0,0,0,0,0,0,0,0,0,0,0,0,0,1,0,0,0,0,0,0,0,0,0,0,20.587794,0.544444,0.136364,0.657122,0.372093,0.774203,0.858268,0.976378,0.641732,0.795901,1,0,0,0,0,0,0,0,0,0,0,0,0,0,0,0,0,0,0,0,0,0,0,0,0,0,0,0,0,0,0,0,0,1,0,0,0,0,0,0,0,0,0,0,2
java.lang.NumberFormatException: multiple points
thread is open, sizeMB500
thread is open, sizeMB500
thread is open, sizeMB500
thread is open, sizeMB500
thread is open, sizeMB500
thread is open, sizeMB500
thread is open, sizeMB500
thread is open, sizeMB500
thread is open, sizeMB500
print extradionario!!!!
0.465233,0.063889,0.242424,0.193271,0.310078,0.36181,0.822835,0.807087,0.507874,0.3550820.425713,0.988889,0.166667,0.265569,0.244186,0.126739,0.799213,0.870079,0.614173,0.145685,1,0,0,0,0,0,0,0,0,0,0,0,0,0,0,1,0,0,0,0,0,0,0,0,0,0,0,0,0,0,0,0,0,0,0,0,0,0,0,0,0,0,0,0,20.426713,0.963889,0.181818,0.271296,0.24677,0.125334,0.775591,0.870079,0.633858,0.142479,1,0,0,0,0,0,0,0,0,0,0,0,0,0,0,1,0,0,0,0,0,0,0,0,0,0,0,0,0,0,0,0,0,0,0,0,0,0,0,0,0,0,0,0,2
java.lang.NumberFormatException: multiple points
thread is open, sizeMB500
thread is open, sizeMB500
thread is open, sizeMB500
thread is open, sizeMB500
print extradionario!!!!
0.596298,0.058333,0.257576,0.173228,0.260982,0.641843,0.814961,0.791339,0.5,0.10380.574287,0.288889,0.136364,0.030064,0.223514,0.703246,0.925197,0.901575,0.496063,0.383382,1,0,0,0,0,0,0,0,0,0,0,0,0,0,0,0,0,0,0,0,0,0,0,0,0,0,0,0,0,0,0,0,1,0,0,0,0,0,0,0,0,0,0,0,20.574287,0,0,0.021475,0.223514,0.706477,0.858268,0.937008,0.614173,0.379757,1,0,0,0,0,0,0,0,0,0,0,0,0,0,0,0,0,0,0,0,0,0,0,0,0,0,0,0,0,0,0,0,1,0,0,0,0,0,0,0,0,0,0,0,2
java.lang.NumberFormatException: multiple points
thread is open, sizeMB500
learning evaluation instances,Wall Time (Actual Time),Avg Delay (ms),outRate (inst/s),classified instances,classifications correct (percent),Kappa Statistic (percent),Kappa Temporal Statistic (percent),Kappa M Statistic (percent),F1 Score (percent),F1 Score for class 0 (percent),F1 Score for class 1 (percent),F1 Score for class 2 (percent),F1 Score for class 3 (percent),F1 Score for class 4 (percent),F1 Score for class 5 (percent),F1 Score for class 6 (percent),Precision (percent),Precision for class 0 (percent),Precision for class 1 (percent),Precision for class 2 (percent),Precision for class 3 (percent),Precision for class 4 (percent),Precision for class 5 (percent),Precision for class 6 (percent),Recall (percent),Recall for class 0 (percent),Recall for class 1 (percent),Recall for class 2 (percent),Recall for class 3 (percent),Recall for class 4 (percent),Recall for class 5 (percent),Recall for class 6 (percent),model training instances,model serialized size (bytes)
39001.0,121.43800354003906,1522.0,321.1597595214844,39000.0,93.92820512820514,87.67778720042315,27.495407225964552,81.86552305100324,70.90848573041978,2.5974025974025974,91.19286510590858,96.5790835393549,65.25096525096524,90.97162510748066,80.41389504804138,65.07936507936508,71.57141129883674,1.639344262295082,93.01494476933073,96.02515243902438,68.42105263157895,85.66801619433198,76.61971830985915,79.6116504854369,70.25772806796893,6.25,89.4407997500781,97.13944253826284,62.36162361623616,96.97525206232814,84.60342146189736,55.033557046979865,0.0,1.0
