Connected!
[newChuckSize]:0
thread is open, sizeMB500
[newChuckSize]:500
thread is open, sizeMB2000
print extradionario!!!!
0.530265,0.655556,0.106061,0.250537,0.244186,0.76850.472236,0.161111,0.060606,0.163207,0.232558,0.063229,0.877953,0.905512,0.562992,0.087969,1,0,0,0,0,0,0,0,0,0,0,0,0,0,0,0,0,0,0,0,0,0,0,0,0,0,0,0,0,0,0,0,0,1,0,0,0,0,0,0,0,0,0,0,50.467234,0.208333,0.166667,0.224052,0.22739,0.050583,0.92126,0.858268,0.452756,0.093963,1,0,0,0,0,0,0,0,0,0,0,0,0,0,0,0,0,0,0,0,0,0,0,0,0,0,0,0,0,0,0,0,0,1,0,0,0,0,0,0,0,0,0,0,5
java.lang.NumberFormatException: multiple points
thread is open, sizeMB2000
[newChuckSize]:2000
print extradionario!!!!
0.561281,0.025,0.30303,0.115963,0.255814,0.072081,0.0.218609,0.925,0.439394,0.204009,0.228682,0.15456,0.551181,0.740157,0.704724,0.16102,0,0,0,1,0,0,0,0,0,0,0,0,0,1,0,0,0,0,0,0,0,0,0,0,0,0,0,0,0,0,0,0,0,0,0,0,0,0,0,0,0,0,0,0,30.250125,0.197222,0.166667,0.04796,0.236434,0.179289,0.917323,0.858268,0.452756,0.083647,0,0,0,1,0,0,0,0,0,1,0,0,0,0,0,0,0,0,0,0,0,0,0,0,0,0,0,0,0,0,0,0,0,0,0,0,0,0,0,0,0,0,0,0,3
java.lang.NumberFormatException: multiple points
thread is open, sizeMB2000
print extradionario!!!!
0.296648,0.894444,0.242424,0.00.722361,0.188889,0.242424,0.23121,0.187339,0.455951,0.925197,0.807087,0.38189,0.25819,0,0,1,0,0,0,0,0,0,0,0,0,0,0,0,0,0,0,0,0,0,0,0,0,0,0,0,0,0,0,0,0,0,0,0,0,0,0,0,0,0,0,1,0,70.711356,0.158333,0.212121,0.274875,0.180879,0.460306,0.901575,0.822835,0.433071,0.273526,0,0,1,0,0,0,0,0,0,0,0,0,0,0,0,0,0,0,0,0,0,0,0,0,0,0,0,0,0,0,0,0,0,0,0,0,0,0,0,0,0,0,1,0,7
java.lang.NumberFormatException: multiple points
thread is open, sizeMB2000
print extradionario!!!!
0.649825,0.019444,0.212121,0.2440.657829,0.480556,0.409091,0.04796,0.245478,0.19348,0.885827,0.948819,0.511811,0.10191,0,0,1,0,0,0,0,0,0,0,0,0,0,0,0,0,0,0,0,0,0,0,0,0,0,0,0,0,0,0,0,0,0,0,0,0,0,0,0,0,0,0,1,0,70.594797,0.944444,0.318182,0.486042,0.578811,0.115779,0.677165,0.807087,0.669291,0.21093,0,0,1,0,0,0,0,0,0,0,0,0,0,0,0,0,0,0,0,0,0,0,0,0,0,0,0,0,0,0,0,0,0,0,0,0,1,0,0,0,0,0,0,0,2
java.lang.NumberFormatException: multiple points
thread is open, sizeMB2000
print extradionario!!!!
0.564782,0.583333,0.121212,0.115960.591296,0.486111,0.272727,0.09592,0.232558,0.821976,0.893701,0.972441,0.566929,0.327478,1,0,0,0,0,0,0,0,0,0,0,0,0,0,0,0,0,0,0,0,0,0,0,0,0,0,0,0,0,0,0,0,1,0,0,0,0,0,0,0,0,0,0,0,20.589295,0.491667,0.242424,0.077309,0.22739,0.822959,0.889764,0.972441,0.586614,0.32943,1,0,0,0,0,0,0,0,0,0,0,0,0,0,0,0,0,0,0,0,0,0,0,0,0,0,0,0,0,0,0,0,1,0,0,0,0,0,0,0,0,0,0,0,2
java.lang.NumberFormatException: multiple points
print extradionario!!!!
0.387194,0.2220.644322,0.069444,0.19697,0.324982,0.416021,0.669383,0.838583,0.826772,0.519685,0.327896,1,0,0,0,0,0,0,0,0,0,0,0,0,0,0,0,0,0,0,0,0,0,0,0,0,0,0,0,0,0,0,0,1,0,0,0,0,0,0,0,0,0,0,0,10.642821,0.075,0.212121,0.322835,0.412145,0.672193,0.838583,0.822835,0.507874,0.329987,1,0,0,0,0,0,0,0,0,0,0,0,0,0,0,0,0,0,0,0,0,0,0,0,0,0,0,0,0,0,0,0,1,0,0,0,0,0,0,0,0,0,0,0,1
java.lang.NumberFormatException: multiple points
thread is open, sizeMB2000
print extradionario!!!!
0.57979,0.080556,0.075758,0.5300.538769,0.55,0.181818,0.085898,0.245478,0.740621,0.850394,0.984252,0.65748,0.424648,1,0,0,0,0,0,0,0,0,0,0,0,0,0,0,0,0,0,0,0,0,0,0,0,0,0,1,0,0,0,0,0,0,0,0,0,0,0,0,0,0,0,0,0,10.54027,0.530556,0.166667,0.085898,0.249354,0.741745,0.866142,0.980315,0.637795,0.42646,1,0,0,0,0,0,0,0,0,0,0,0,0,0,0,0,0,0,0,0,0,0,0,0,0,0,1,0,0,0,0,0,0,0,0,0,0,0,0,0,0,0,0,0,1
java.lang.NumberFormatException: multiple points
print extradionario!!!!
0.673337,0.130556,0.19697,0.34932,0.29199,0.641422,0.88189,0.830.42071,0.041667,0.136364,0.077309,0.24031,0.24322,0.834646,0.870079,0.574803,0.520842,1,0,0,0,0,0,0,0,0,0,0,0,0,0,0,1,0,0,0,0,0,0,0,0,0,0,0,0,0,0,0,0,0,0,0,0,0,0,0,0,0,0,0,0,20.41921,0,0.075758,0.085898,0.235142,0.239146,0.834646,0.905512,0.614173,0.517775,1,0,0,0,0,0,0,0,0,0,0,0,0,0,0,1,0,0,0,0,0,0,0,0,0,0,0,0,0,0,0,0,0,0,0,0,0,0,0,0,0,0,0,0,2
java.lang.NumberFormatException: multiple points
thread is open, sizeMB2000
print extradionario!!!!
0.654827,0.027778,0.121212,0.395132,0.215762,0.572573,0.830709,0.88189,0.586614,0.0.627314,0.055556,0.166667,0.536865,0.144703,0.589574,0.834646,0.854331,0.551181,0.572843,1,0,0,0,0,0,0,0,0,0,0,0,0,0,0,0,0,0,0,0,0,0,0,0,0,0,0,0,0,0,0,0,1,0,0,0,0,0,0,0,0,0,0,0,10.627314,0.069444,0.151515,0.536865,0.144703,0.59112,0.846457,0.862205,0.551181,0.574237,1,0,0,0,0,0,0,0,0,0,0,0,0,0,0,0,0,0,0,0,0,0,0,0,0,0,1,0,0,0,0,0,0,0,0,0,0,0,0,0,0,0,0,0,1
java.lang.NumberFormatException: multiple points
print extradionario!!!!
0.497249,0.102778,0.212121,0.300644,0.20.558279,0.666667,0.136364,0.380816,0.325581,0.83968,0.799213,0.976378,0.720472,0.902272,1,0,0,0,0,0,0,0,0,0,0,0,0,0,0,0,0,0,0,0,0,0,0,0,0,0,0,0,0,0,0,0,1,0,0,0,0,0,0,0,0,0,0,0,10.561781,0.625,0.121212,0.400859,0.334625,0.843052,0.822835,0.976378,0.688976,0.900181,1,0,0,0,0,0,0,0,0,0,0,0,0,0,0,0,0,0,0,0,0,0,0,0,0,0,0,0,0,0,0,0,1,0,0,0,0,0,0,0,0,0,0,0,1
java.lang.NumberFormatException: multiple points
thread is open, sizeMB2000
print extradionario!!!!
0.529765,0.533333,0.10.458229,0.027778,0.106061,0.194703,0.248062,0.284108,0.838583,0.893701,0.594488,0.215112,1,0,0,0,0,0,0,0,0,0,0,0,0,0,0,0,0,0,0,0,0,0,0,0,0,0,0,0,0,0,0,0,1,0,0,0,0,0,0,0,0,0,0,0,20.458229,0.066667,0.090909,0.198282,0.248062,0.282703,0.854331,0.893701,0.57874,0.21093,1,0,0,0,0,0,0,0,0,0,0,0,0,0,0,0,0,0,0,0,0,0,0,0,0,0,0,0,0,0,0,0,1,0,0,0,0,0,0,0,0,0,0,0,2
java.lang.NumberFormatException: multiple points
thread is open, sizeMB2000
thread is open, sizeMB2000
print extradionario!!!!
0.668334,0.236111,0.151515,0.322119,0.29199,0.40045,0.925197,0.0.538769,0.155556,0.348485,0.09592,0.228682,0.627793,0.897638,0.724409,0.30315,0.165063,1,0,0,0,0,0,0,0,0,0,0,0,0,0,0,0,0,0,0,0,0,0,0,0,0,0,0,0,0,0,0,0,1,0,0,0,0,0,0,0,0,0,0,0,20.532766,0.15,0.348485,0.107373,0.226098,0.623858,0.889764,0.728346,0.318898,0.164506,1,0,0,0,0,0,0,0,0,0,0,0,0,0,0,0,0,0,0,0,0,0,0,0,0,0,0,0,0,0,0,0,1,0,0,0,0,0,0,0,0,0,0,0,2
java.lang.NumberFormatException: multiple points
print extradionario!!!!
0.487744,0.997222,0.272727,0.151754,0.306202,0.269777,0.748031,0.80315,0.58660.536768,0.552778,0.181818,0.128848,0.244186,0.682169,0.846457,0.984252,0.661417,0.26781,1,0,0,0,0,0,0,0,0,0,0,0,0,0,0,0,0,0,0,0,0,0,0,0,0,0,0,0,0,0,0,0,1,0,0,0,0,0,0,0,0,0,0,0,20.536768,0.511111,0.181818,0.107373,0.244186,0.685542,0.877953,0.976378,0.614173,0.263767,1,0,0,0,0,0,0,0,0,0,0,0,0,0,0,0,0,0,0,0,0,0,0,0,0,0,0,0,0,0,0,0,1,0,0,0,0,0,0,0,0,0,0,0,2
java.lang.NumberFormatException: multiple points
thread is open, sizeMB2000
thread is open, sizeMB2000
thread is open, sizeMB2000
print extradionario!!!!
0.509755,0.297222,0.136364,0.198282,0.299742,0.401574,0.929134,0.9015750.435718,0.238889,0.151515,0.14388,0.251938,0.209358,0.925197,0.877953,0.468504,0.263488,1,0,0,0,0,0,0,0,0,0,0,0,0,0,0,0,0,0,0,0,0,0,0,0,0,0,0,0,0,0,0,0,1,0,0,0,0,0,0,0,0,0,0,0,20.433217,0.247222,0.166667,0.136006,0.245478,0.205564,0.929134,0.877953,0.46063,0.263488,1,0,0,0,0,0,0,0,0,0,0,0,0,0,0,0,0,0,0,0,0,0,0,0,0,0,0,0,0,0,0,0,1,0,0,0,0,0,0,0,0,0,0,0,2
java.lang.NumberFormatException: multiple points
thread is open, sizeMB500
print extradionario!!!!
0.670.561281,0.322222,0.151515,0.151754,0.242894,0.504145,0.937008,0.905512,0.480315,0.321483,1,0,0,0,0,0,0,0,0,0,0,0,0,0,0,0,0,0,0,0,0,0,0,0,0,0,0,0,0,0,0,0,1,0,0,0,0,0,0,0,0,0,0,0,1
java.lang.NumberFormatException: multiple points
[newChuckSize]:500
thread is open, sizeMB2000
[newChuckSize]:2000
thread is open, sizeMB2000
print extradionario!!!!
0.577289,0.147222,0.181818,0.04796,0.222222,0.235914,0.893700.585793,0.3,0.075758,0.068003,0.223514,0.252073,0.901575,0.92126,0.543307,0.246759,1,0,0,0,0,0,0,0,0,0,0,0,0,0,0,0,0,0,0,0,0,0,0,0,0,0,0,0,0,0,0,0,0,1,0,0,0,0,0,0,0,0,0,0,10.584292,0.288889,0.121212,0.088762,0.22093,0.248138,0.92126,0.905512,0.507874,0.250941,1,0,0,0,0,0,0,0,0,0,0,0,0,0,0,0,0,0,0,0,0,0,0,0,0,0,0,0,0,0,0,0,0,1,0,0,0,0,0,0,0,0,0,0,1
java.lang.NumberFormatException: multiple points
thread is open, sizeMB2000
print extradionario!!!!
0.653327,0.3944440.617309,0.438889,0.181818,0.030064,0.23385,0.673177,0.917323,0.952756,0.543307,0.190297,1,0,0,0,0,0,0,0,0,0,0,0,0,0,0,0,0,0,0,0,0,0,0,0,0,0,0,0,0,0,0,0,1,0,0,0,0,0,0,0,0,0,0,0,10.615308,0.419444,0.166667,0.021475,0.228682,0.669243,0.92126,0.944882,0.531496,0.186812,1,0,0,0,0,0,0,0,0,0,0,0,0,0,0,0,0,0,0,0,0,0,0,0,0,0,0,0,0,0,0,0,1,0,0,0,0,0,0,0,0,0,0,0,1
java.lang.NumberFormatException: multiple points
print extradionario!!!!
0.651326,0.883333,0.090909,0.121689,0.21700.402701,0.088889,0.287879,0.042949,0.257106,0.148518,0.834646,0.76378,0.437008,0.255123,0,0,1,0,0,0,0,0,0,0,0,0,0,0,0,0,0,0,0,0,0,0,0,0,0,0,0,0,0,0,0,0,0,0,0,0,1,0,0,0,0,0,0,0,20.4007,0.055556,0.242424,0.021475,0.236434,0.146129,0.814961,0.80315,0.511811,0.254426,0,0,1,0,0,0,0,0,0,0,0,0,0,0,0,0,0,0,0,0,0,0,0,1,0,0,0,0,0,0,0,0,0,0,0,0,0,0,0,0,0,0,0,0,1
java.lang.NumberFormatException: multiple points
thread is open, sizeMB2000
thread is open, sizeMB2000
thread is open, sizeMB2000
thread is open, sizeMB2000
print extradionario!!!!
0.171086,0.086111,0.393939,0.219041,0.4186050.476738,0.977778,0.393939,0.273443,0.445736,0.142616,0.653543,0.732283,0.598425,0.12798,0,0,1,0,0,0,0,0,0,0,0,0,0,0,0,0,0,0,0,0,0,0,0,0,0,0,0,0,0,0,0,0,0,0,1,0,0,0,0,0,0,0,0,0,20.477739,0.019444,0.393939,0.258411,0.44832,0.146129,0.708661,0.708661,0.507874,0.132023,0,0,1,0,0,0,0,0,0,0,0,0,0,0,0,0,0,0,0,0,0,0,0,0,0,0,0,0,0,0,0,0,0,0,1,0,0,0,0,0,0,0,0,0,2
java.lang.NumberFormatException: multiple points
print extradionario!!!!
0.441221,0.816667,0.272727,0.163207,0.22739,0.271463,0.649606,0.913386,0.811020.188594,0.752778,0.530303,0.077309,0.257106,0.109878,0.429134,0.889764,0.956693,0.098006,0,0,0,1,0,0,0,0,0,0,0,0,0,1,0,0,0,0,0,0,0,0,0,0,0,0,0,0,0,0,0,0,0,0,0,0,0,0,0,0,0,0,0,0,30.1996,0.744444,0.469697,0.09592,0.28553,0.112266,0.492126,0.917323,0.937008,0.101213,0,0,0,1,0,0,0,0,0,0,0,0,0,1,0,0,0,0,0,0,0,0,0,0,0,0,0,0,0,0,0,0,0,0,0,0,0,0,0,0,0,0,0,0,3
java.lang.NumberFormatException: multiple points
thread is open, sizeMB2000
thread is open, sizeMB2000
thread is open, sizeMB2000
learning evaluation instances,Wall Time (Actual Time),Avg Delay (ms),outRate (inst/s),classified instances,classifications correct (percent),Kappa Statistic (percent),Kappa Temporal Statistic (percent),Kappa M Statistic (percent),F1 Score (percent),F1 Score for class 0 (percent),F1 Score for class 1 (percent),F1 Score for class 2 (percent),F1 Score for class 3 (percent),F1 Score for class 4 (percent),F1 Score for class 5 (percent),F1 Score for class 6 (percent),Precision (percent),Precision for class 0 (percent),Precision for class 1 (percent),Precision for class 2 (percent),Precision for class 3 (percent),Precision for class 4 (percent),Precision for class 5 (percent),Precision for class 6 (percent),Recall (percent),Recall for class 0 (percent),Recall for class 1 (percent),Recall for class 2 (percent),Recall for class 3 (percent),Recall for class 4 (percent),Recall for class 5 (percent),Recall for class 6 (percent),model training instances,model serialized size (bytes)
129001.0,121.63099670410156,1689.0,1060.5931396484375,129000.0,89.7015503875969,82.06322895304842,-58.19242676827828,76.14087390671862,70.12662147357453,?,87.02982417093256,93.10240008458447,87.34527258361864,75.0694058856191,74.9388982891521,70.98007098007098,72.85975911890603,0.0,91.73607038123167,90.3002102240681,82.76765660094834,78.51335656213705,83.18030050083472,83.5207195631224,67.59112254055817,0.0,82.78289404043612,96.08407441758962,92.45887928631169,71.91489361702128,68.18337324666437,61.713743175884176,0.0,1.0
