Connected!
[newChuckSize]:0
thread is open, sizeMB500
[newChuckSize]:500
thread is open, sizeMB500
print extradionario!!!!
0.536768,0.05,0.030303,0.347173,0.24031,0.60784,0.854331,0.92126,0.6060.427214,0.241667,0.30303,0.04796,0.235142,0.037937,0.96063,0.80315,0.314961,0.073052,1,0,0,0,0,0,0,0,0,0,0,0,0,0,0,0,0,0,0,0,0,0,0,0,0,0,0,0,0,0,0,0,0,1,0,0,0,0,0,0,0,0,0,0,50.394197,0.725,0.333333,0.088762,0.217054,0.181818,0.625984,0.964567,0.870079,0.154747,0,0,1,0,0,0,0,0,0,0,0,0,0,0,0,0,0,0,0,0,0,0,0,0,0,0,0,0,0,0,0,1,0,0,0,0,0,0,0,0,0,0,0,0,5
java.lang.NumberFormatException: multiple points
thread is open, sizeMB500
thread is open, sizeMB500
print extradionario!!!!
0.744372,0.955556,0.30303,0.384390.753877,0.313889,0.181818,0.042949,0.219638,0.354784,0.944882,0.897638,0.46063,0.173986,0,0,1,0,0,0,0,0,0,0,0,0,0,0,0,0,0,0,0,0,0,0,0,0,0,0,0,0,0,0,0,0,0,0,0,0,0,0,0,0,0,0,1,0,70.73987,0.033333,0.30303,0.088762,0.271318,0.324996,0.767717,0.767717,0.519685,0.182908,0,0,1,0,0,0,0,0,0,0,0,0,0,0,0,0,0,0,0,0,0,0,0,0,0,0,0,0,0,0,0,0,0,0,0,0,0,0,0,0,0,0,1,0,7
java.lang.NumberFormatException: multiple points
print extradionario!!!!
0.698349,0.297222,0.075758,0.064424,0.22739,0.890122,0.9010.757379,0.744444,0.106061,0.115963,0.235142,0.224392,0.795276,0.956693,0.704724,0.124773,0,0,1,0,0,0,0,0,0,0,0,0,0,0,0,0,0,0,0,0,0,0,0,0,0,0,0,0,0,0,0,0,0,0,0,0,0,0,0,0,0,1,0,0,70.362681,0.497222,0.19697,0.125268,0.282946,0.170718,0.885827,0.976378,0.598425,0.16339,0,0,1,0,0,0,0,1,0,0,0,0,0,0,0,0,0,0,0,0,0,0,0,0,0,0,0,0,0,0,0,0,0,0,0,0,0,0,0,0,0,0,0,0,3
java.lang.NumberFormatException: multiple points
thread is open, sizeMB500
thread is open, sizeMB500
thread is open, sizeMB500
print extradionario!!!!
0.484242,0.261111,0.151515,0.04796,0.223514,0.760.572786,0.347222,0.121212,0.042949,0.219638,0.738654,0.92126,0.925197,0.523622,0.275756,1,0,0,0,0,0,0,0,0,0,0,0,0,0,0,0,0,0,0,0,0,0,0,0,0,0,1,0,0,0,0,0,0,0,0,0,0,0,0,0,0,0,0,0,20.571286,0.508333,0.075758,0.042949,0.223514,0.741324,0.870079,0.956693,0.61811,0.276175,1,0,0,0,0,0,0,0,0,0,0,0,0,0,0,0,0,0,0,0,0,0,0,0,0,0,1,0,0,0,0,0,0,0,0,0,0,0,0,0,0,0,0,0,1
java.lang.NumberFormatException: multiple points
thread is open, sizeMB500
print extradionario!!!!
0.572786,0.125,0.060606,0.490336,0.333333,0.746803,0.8700.525263,0.175,0.090909,0.258411,0.282946,0.566812,0.889764,0.893701,0.531496,0.796738,1,0,0,0,0,0,0,0,0,0,0,0,0,0,0,0,0,0,0,0,0,0,0,0,0,0,0,0,0,0,0,0,0,1,0,0,0,0,0,0,0,0,0,0,20.525263,0.069444,0.075758,0.273443,0.286822,0.564002,0.858268,0.901575,0.582677,0.793113,1,0,0,0,0,0,0,0,0,0,0,0,0,0,0,0,0,0,0,0,0,0,0,1,0,0,0,0,0,0,0,0,0,0,0,0,0,0,0,0,0,0,0,0,2
java.lang.NumberFormatException: multiple points
thread is open, sizeMB500
thread is open, sizeMB500
print extradionario!!!!
0.5370.55978,0.252778,0.181818,0.258411,0.244186,0.465646,0.940945,0.866142,0.429134,0.844974,1,0,0,0,0,0,0,0,0,0,0,0,0,0,0,0,0,0,0,0,0,0,0,0,0,0,0,0,0,0,0,0,1,0,0,0,0,0,0,0,0,0,0,0,2
java.lang.NumberFormatException: multiple points
thread is open, sizeMB500
print extradionario!!!!
0.554777,0.716667,0.280.528764,0.125,0.075758,0.365068,0.24031,0.630041,0.870079,0.901575,0.562992,0.646452,1,0,0,0,0,0,0,0,0,0,0,0,0,0,0,0,0,0,0,0,0,0,0,0,0,0,1,0,0,0,0,0,0,0,0,0,0,0,0,0,0,0,0,0,20.523762,0.625,0.030303,0.151754,0.231266,0.73753,0.850394,0.948819,0.637795,0.568521,1,0,0,0,0,0,0,0,0,0,0,1,0,0,0,0,0,0,0,0,0,0,0,0,0,0,0,0,0,0,0,0,0,0,0,0,0,0,0,0,0,0,0,0,2
java.lang.NumberFormatException: multiple points
print extradionario!!!!
0.47620.546273,0.458333,0.181818,0.125268,0.27261,0.640719,0.905512,0.96063,0.562992,0.378921,1,0,0,0,0,0,0,0,0,0,0,0,0,0,0,0,0,0,0,0,0,0,0,0,0,0,0,0,0,0,0,0,0,1,0,0,0,0,0,0,0,0,0,0,2
java.lang.NumberFormatException: multiple points
thread is open, sizeMB500
thread is open, sizeMB500
print extradionario!!!!
0.590795,0.175,0.060606,0.0.416208,0.722222,0.19697,0.077309,0.254522,0.1547,0.73622,0.972441,0.779528,0.239649,1,0,0,0,0,0,0,0,0,0,0,0,0,0,0,0,0,0,0,0,0,0,0,0,0,0,0,0,0,0,0,0,0,1,0,0,0,0,0,0,0,0,0,0,20.41971,0.733333,0.166667,0.09592,0.263566,0.155965,0.755906,0.964567,0.755906,0.23937,1,0,0,0,0,0,0,0,0,0,0,0,0,0,0,0,0,0,0,0,0,0,0,0,0,0,0,0,0,0,0,0,0,1,0,0,0,0,0,0,0,0,0,0,2
java.lang.NumberFormatException: multiple points
thread is open, sizeMB500
print extradionario!!!!
0.409705,0.202778,0.166667,0.259127,0.302326,0.118027,0.9170.597799,0.125,0.19697,0.085898,0.245478,0.487846,0.877953,0.830709,0.472441,0.39091,1,0,0,0,0,0,0,0,0,0,0,0,0,0,0,0,0,0,0,0,0,0,0,0,0,0,0,0,0,0,0,0,0,1,0,0,0,0,0,0,0,0,0,0,10.592796,0.172222,0.287879,0.088762,0.232558,0.491921,0.917323,0.779528,0.358268,0.387286,1,0,0,0,0,0,0,0,0,0,0,0,0,0,0,0,0,0,0,0,0,0,0,0,0,0,0,0,0,0,0,0,0,1,0,0,0,0,0,0,0,0,0,0,1
java.lang.NumberFormatException: multiple points
thread is open, sizeMB500
print extradionario!!!!
0.607304,0.925,0.030303,0.04796,0.2310.416208,0.144444,0.121212,0,0.223514,0.214135,0.885827,0.877953,0.523622,0.076955,1,0,0,0,0,0,0,0,0,0,0,0,0,0,0,0,0,0,0,0,0,0,0,1,0,0,0,0,0,0,0,0,0,0,0,0,0,0,0,0,0,0,0,0,20.416208,0.938889,0.075758,0.021475,0.224806,0.21006,0.822835,0.917323,0.637795,0.075422,1,0,0,0,0,0,0,0,0,0,0,0,0,0,0,0,0,0,0,0,0,0,0,0,0,0,1,0,0,0,0,0,0,0,0,0,0,0,0,0,0,0,0,0,2
java.lang.NumberFormatException: multiple points
thread is open, sizeMB500
print extradionario!!!!
0.371686,0.252778,0.242424,0.042949,0.206718,0.139385,0.956693,0.83850.561281,0.230556,0.212121,0.137437,0.241602,0.661796,0.940945,0.84252,0.401575,0.236163,1,0,0,0,0,0,0,0,0,0,0,0,0,0,0,0,0,0,0,0,0,0,1,0,0,0,0,0,0,0,0,0,0,0,0,0,0,0,0,0,0,0,0,0,20.556778,0.305556,0.181818,0.121689,0.229974,0.658845,0.944882,0.893701,0.452756,0.240067,1,0,0,0,0,0,0,0,0,0,0,0,0,0,0,0,0,0,0,0,0,0,1,0,0,0,0,0,0,0,0,0,0,0,0,0,0,0,0,0,0,0,0,0,2
java.lang.NumberFormatException: multiple points
thread is open, sizeMB500
print extradionario!!!!
0.40.656828,0.852778,0.075758,0.136006,0.239018,0.691162,0.814961,0.933071,0.665354,0.359124,1,0,0,0,0,0,0,0,0,0,0,0,0,0,0,0,0,0,0,0,0,0,0,0,0,0,1,0,0,0,0,0,0,0,0,0,0,0,0,0,0,0,0,0,2
java.lang.NumberFormatException: multiple points
thread is open, sizeMB500
print extradionario!!!!
0.656828,0.222222,0.106061,0,0.223514,0.702122,0.905512,0.897638,0.0.576288,0.155556,0.106061,0,0.223514,0.459182,0.885827,0.889764,0.531496,0.059947,1,0,0,0,0,0,0,0,0,0,0,0,0,0,0,0,0,0,0,0,0,0,1,0,0,0,0,0,0,0,0,0,0,0,0,0,0,0,0,0,0,0,0,0,10.574787,0.080556,0.090909,0,0.223514,0.456091,0.858268,0.893701,0.570866,0.060923,1,0,0,0,0,0,0,0,0,0,0,0,0,0,0,0,0,0,0,0,0,0,1,0,0,0,0,0,0,0,0,0,0,0,0,0,0,0,0,0,0,0,0,0,1
java.lang.NumberFormatException: multiple points
thread is open, sizeMB500
thread is open, sizeMB500
print extradionario!!!!
0.685843,0.0770.56078,0.066667,0.090909,0,0.223514,0.148518,0.854331,0.889764,0.574803,0.322459,1,0,0,0,0,0,0,0,0,0,0,0,0,0,0,0,0,0,0,0,0,0,0,0,0,0,0,0,0,0,0,0,1,0,0,0,0,0,0,0,0,0,0,0,20.56078,0.972222,0.106061,0.021475,0.223514,0.145005,0.818898,0.897638,0.625984,0.319671,1,0,0,0,0,0,0,0,0,0,0,0,0,0,0,0,0,0,0,0,0,0,0,0,0,0,0,0,0,0,0,0,1,0,0,0,0,0,0,0,0,0,0,0,2
java.lang.NumberFormatException: multiple points
thread is open, sizeMB500
print extradionario!!!!
0.587294,0.844444,0.075758,0.115963,0.228682,0.178586,0.807087,0.933070.705853,0.272222,0.075758,0.231926,0.24677,0.868343,0.897638,0.917323,0.543307,0.064966,1,0,0,0,0,0,0,0,0,0,0,0,0,0,0,0,0,0,0,0,0,0,0,0,0,1,0,0,0,0,0,0,0,0,0,0,0,0,0,0,0,0,0,0,10.704852,0.258333,0.060606,0.221188,0.244186,0.872559,0.889764,0.917323,0.559055,0.06399,1,0,0,0,0,0,0,0,0,0,0,0,0,0,0,0,0,0,0,0,0,0,0,0,0,1,0,0,0,0,0,0,0,0,0,0,0,0,0,0,0,0,0,0,1
java.lang.NumberFormatException: multiple points
thread is open, sizeMB500
thread is open, sizeMB500
thread is open, sizeMB500
learning evaluation instances,Wall Time (Actual Time),Avg Delay (ms),outRate (inst/s),classified instances,classifications correct (percent),Kappa Statistic (percent),Kappa Temporal Statistic (percent),Kappa M Statistic (percent),F1 Score (percent),F1 Score for class 0 (percent),F1 Score for class 1 (percent),F1 Score for class 2 (percent),F1 Score for class 3 (percent),F1 Score for class 4 (percent),F1 Score for class 5 (percent),F1 Score for class 6 (percent),Precision (percent),Precision for class 0 (percent),Precision for class 1 (percent),Precision for class 2 (percent),Precision for class 3 (percent),Precision for class 4 (percent),Precision for class 5 (percent),Precision for class 6 (percent),Recall (percent),Recall for class 0 (percent),Recall for class 1 (percent),Recall for class 2 (percent),Recall for class 3 (percent),Recall for class 4 (percent),Recall for class 5 (percent),Recall for class 6 (percent),model training instances,model serialized size (bytes),ensemble size,change detections,[avg] model training instances,[err] model training instances,[avg] model serialized size (bytes),[err] model serialized size (bytes),[avg] tree size (nodes),[err] tree size (nodes),[avg] tree size (leaves),[err] tree size (leaves),[avg] active learning leaves,[err] active learning leaves,[avg] tree depth,[err] tree depth,[avg] active leaf byte size estimate,[err] active leaf byte size estimate,[avg] inactive leaf byte size estimate,[err] inactive leaf byte size estimate,[avg] byte size estimate overhead,[err] byte size estimate overhead
94001.0,120.15399932861328,626.0,782.337646484375,94000.0,91.0372340425532,82.68207624029243,-35.34136546184736,76.1466591166478,71.31526549656995,3.571428571428572,87.78017722838632,93.85107278081615,83.72630605640313,77.10437710437711,77.63157894736842,74.32005060088552,72.58525821921447,3.8461538461538463,90.33988581062957,92.66902613694897,80.84821428571428,86.74242424242425,75.78496669838249,77.86613651424784,70.08894960109753,3.3333333333333335,85.3615264853905,95.06366441099766,86.81687440076702,69.39393939393939,79.57042957042957,71.08287961282517,0.0,1.0,25.0,184.0,171462.0,166567.42784054947,1.0,0.0,87.71999999999997,99.21337275455025,44.47999999999999,49.80220878635805,44.47999999999999,49.80220878635805,7.120000000000001,5.019296099388173,0.0,0.0,0.0,0.0,1.0,0.0
