Connected!
[newChuckSize]:0
thread is open, sizeMB500
[newChuckSize]:500
print extradionario!!!!
0.536768,0.05,0.00.211606,0.983333,0.318182,0,0.223514,0.146269,0.708661,0.775591,0.598425,0.119755,0,0,0,1,0,0,0,0,0,0,0,0,0,0,0,0,0,1,0,0,0,0,0,0,0,0,0,0,0,0,0,0,0,0,0,0,0,0,0,0,0,0,0,0,4
java.lang.NumberFormatException: multiple points
thread is open, sizeMB500
print extradionario!!!!
0.454227,0.358333,0.19697,0.322119,0.395349,0.375861,0.948819,0.913386,0.468504,0.2870490.754377,0.111111,0.121212,0.04796,0.224806,0.647323,0.870079,0.877953,0.53937,0.621079,0,0,1,0,0,0,0,0,0,0,0,0,0,0,0,0,0,0,0,0,0,0,0,0,0,0,1,0,0,0,0,0,0,0,0,0,0,0,0,0,0,0,0,0,70.783392,0.005556,0.454545,0.156049,0.379845,0.690178,0.645669,0.661417,0.511811,0.579256,0,0,1,0,0,0,0,0,0,0,0,0,0,0,0,0,0,0,0,0,0,0,0,0,0,0,0,0,0,0,0,0,0,0,0,0,0,0,0,0,0,0,1,0,7
java.lang.NumberFormatException: multiple points
print extradionario!!!!
0.536768,0.047222,0.166667,0.0210.543272,0.019444,0.090909,0.021475,0.223514,0.813686,0.838583,0.897638,0.602362,0.498676,1,0,0,0,0,0,0,0,0,0,0,0,0,0,0,0,0,0,0,0,0,0,0,0,0,0,0,0,0,0,0,0,1,0,0,0,0,0,0,0,0,0,0,0,10.543272,0.041667,0.075758,0.021475,0.223514,0.80947,0.846457,0.901575,0.590551,0.502719,1,0,0,0,0,0,0,0,0,0,0,0,0,0,0,0,0,0,0,0,0,0,0,0,0,0,0,0,0,0,0,0,1,0,0,0,0,0,0,0,0,0,0,0,1
java.lang.NumberFormatException: multiple points
thread is open, sizeMB500
print extradionario!!!!
0.46073,0.436111,0.30303,0.04796,0.20.509255,0.897222,0.136364,0,0.223514,0.717578,0.775591,0.909449,0.681102,0.611041,1,0,0,0,0,0,0,0,0,0,0,0,0,0,0,0,0,0,0,1,0,0,0,0,0,0,0,0,0,0,0,0,0,0,0,0,0,0,0,0,0,0,0,0,10.510755,0.894444,0.166667,0.021475,0.232558,0.713362,0.755906,0.901575,0.69685,0.615224,1,0,0,0,0,0,0,0,0,0,0,0,0,0,0,0,0,0,0,0,0,0,0,0,0,0,0,1,0,0,0,0,0,0,0,0,0,0,0,0,0,0,0,0,1
java.lang.NumberFormatException: multiple points
print extradionario!!!!
0.576288,0.175,0.212121,0.150322,0.232558,0.884783,0.9133860.481241,0.230556,0.166667,0.04796,0.22739,0.496698,0.925197,0.870079,0.456693,0.900878,1,0,0,0,0,0,0,0,0,0,0,0,0,0,0,1,0,0,0,0,0,0,0,0,0,0,0,0,0,0,0,0,0,0,0,0,0,0,0,0,0,0,0,0,20.477739,0.238889,0.151515,0.042949,0.219638,0.493045,0.925197,0.877953,0.468504,0.904921,1,0,0,0,0,0,0,0,0,0,0,0,0,0,0,1,0,0,0,0,0,0,0,0,0,0,0,0,0,0,0,0,0,0,0,0,0,0,0,0,0,0,0,0,2
java.lang.NumberFormatException: multiple points
print extradionario!!!!
0.618809,0.236111,0.257576,0.167502,0.2945740.5993,0.083333,0.136364,0.412312,0.468992,0.898272,0.858268,0.866142,0.543307,0.52363,1,0,0,0,0,0,0,0,0,0,0,0,0,0,0,0,0,0,0,0,0,0,0,0,0,0,0,0,0,0,0,0,1,0,0,0,0,0,0,0,0,0,0,0,20.597799,0.208333,0.136364,0.395848,0.465116,0.900379,0.913386,0.877953,0.484252,0.526976,1,0,0,0,0,0,0,0,0,0,0,0,0,0,0,0,0,0,0,0,0,0,0,0,0,0,0,0,0,0,0,0,1,0,0,0,0,0,0,0,0,0,0,0,2
java.lang.NumberFormatException: multiple points
print extradionario!!!!
0.604302,0.625,0.136364,0.395132,0.200258,0.0.426713,0.822222,0.090909,0.04796,0.251938,0.340452,0.799213,0.937008,0.688976,0.648264,1,0,0,0,0,0,0,0,0,0,0,0,0,0,0,1,0,0,0,0,0,0,0,0,0,0,0,0,0,0,0,0,0,0,0,0,0,0,0,0,0,0,0,0,20.427214,0.036111,0.060606,0.060845,0.248062,0.336237,0.846457,0.909449,0.598425,0.645197,1,0,0,0,0,0,0,0,0,0,0,0,0,0,0,1,0,0,0,0,0,0,0,0,0,0,0,0,0,0,0,0,0,0,0,0,0,0,0,0,0,0,0,0,2
java.lang.NumberFormatException: multiple points
print extradionario!!!!
0.416708,0.263889,0.257576,0.251253,0.239018,0.173247,0.964567,0.830.67984,0,0.181818,0.56335,0.288114,0.55529,0.795276,0.854331,0.598425,0.309494,1,0,0,0,0,0,0,0,0,0,0,0,0,0,0,0,0,0,0,0,0,0,0,0,0,0,1,0,0,0,0,0,0,0,0,0,0,0,0,0,0,0,0,0,10.677839,0.019444,0.181818,0.584109,0.282946,0.557398,0.807087,0.846457,0.57874,0.309633,1,0,0,0,0,0,0,0,0,0,0,0,0,0,0,0,0,0,0,0,0,0,0,0,0,0,1,0,0,0,0,0,0,0,0,0,0,0,0,0,0,0,0,0,1
java.lang.NumberFormatException: multiple points
thread is open, sizeMB500
print extradionario!!!!
0.632316,0.186111,0.212121,0.0.427214,0.186111,0.136364,0.336435,0.369509,0.204019,0.901575,0.874016,0.492126,0.327199,1,0,0,0,0,0,0,0,0,0,0,0,0,0,0,1,0,0,0,0,0,0,0,0,0,0,0,0,0,0,0,0,0,0,0,0,0,0,0,0,0,0,0,0,20.426713,0.130556,0.151515,0.317108,0.368217,0.200787,0.88189,0.854331,0.5,0.323853,1,0,0,0,0,0,0,0,0,0,0,0,0,0,0,0,0,0,0,0,0,0,0,0,0,0,0,0,0,0,0,0,0,1,0,0,0,0,0,0,0,0,0,0,2
java.lang.NumberFormatException: multiple points
thread is open, sizeMB500
print extradionario!!!!
0.543272,0.194444,0.227273,0.258411,0.195090.569785,0.238889,0.106061,0.289191,0.24031,0.735141,0.905512,0.901575,0.519685,0.74167,1,0,0,0,0,0,0,0,0,0,0,0,0,0,0,1,0,0,0,0,0,0,0,0,0,0,0,0,0,0,0,0,0,0,0,0,0,0,0,0,0,0,0,0,2
java.lang.NumberFormatException: multiple points
thread is open, sizeMB500
print extradionario!!!!
0.561781,0.322222,0.257576,0.0.57979,0.861111,0.121212,0.34932,0.30491,0.705494,0.779528,0.925197,0.692913,0.236024,1,0,0,0,0,0,0,0,0,0,0,0,0,0,0,0,0,0,0,0,0,0,0,0,0,0,0,0,0,0,0,0,1,0,0,0,0,0,0,0,0,0,0,0,2
java.lang.NumberFormatException: multiple points
thread is open, sizeMB500
print extradionario!!!!
0.484242,0.9138890.572786,0.711111,0.19697,0.327845,0.337209,0.767177,0.748031,0.976378,0.771654,0.238952,1,0,0,0,0,0,0,0,0,0,0,0,0,0,0,0,0,0,0,0,0,0,0,0,0,0,0,0,0,0,0,0,1,0,0,0,0,0,0,0,0,0,0,0,2
java.lang.NumberFormatException: multiple points
print extradionario!!!!
0.65983,0.108333,0.136364,0.360057,0.282946,0.459042,0.870079,0.866142,0.527559,0.40.586293,0.3,0.030303,0.021475,0.22093,0.535619,0.877953,0.929134,0.586614,0.373066,1,0,0,0,0,0,0,0,0,0,0,0,0,0,0,0,0,0,0,0,0,0,0,0,0,0,0,0,0,0,0,0,1,0,0,0,0,0,0,0,0,0,0,0,10.587794,0.719444,0.060606,0,0.223514,0.538991,0.830709,0.948819,0.665354,0.368883,1,0,0,0,0,0,0,0,0,0,0,0,0,0,0,0,0,0,0,0,0,0,0,0,0,0,1,0,0,0,0,0,0,0,0,0,0,0,0,0,0,0,0,0,1
java.lang.NumberFormatException: multiple points
thread is open, sizeMB500
thread is open, sizeMB500
thread is open, sizeMB500
print extradionario!!!!
0.511756,0.319444,0.272727,0.04796,0.251938,0.435717,0.976378,0.866142,0.3700790.557279,0.555556,0.075758,0,0.223514,0.782774,0.858268,0.96063,0.637795,0.312282,1,0,0,0,0,0,0,0,0,0,0,0,0,0,0,0,0,0,0,0,0,0,1,0,0,0,0,0,0,0,0,0,0,0,0,0,0,0,0,0,0,0,0,0,10.558279,0.505556,0.090909,0,0.223514,0.786005,0.874016,0.96063,0.61811,0.308379,1,0,0,0,0,0,0,0,0,0,0,0,0,0,0,0,0,0,0,0,0,0,1,0,0,0,0,0,0,0,0,0,0,0,0,0,0,0,0,0,0,0,0,0,1
java.lang.NumberFormatException: multiple points
thread is open, sizeMB500
print extradionario!!!!
0.561281,0.325,0.015152,0.10952,0.222222,0.4010.526763,0.175,0.166667,0.077309,0.239018,0.234228,0.905512,0.858268,0.476378,0.272689,1,0,0,0,0,0,0,0,0,0,0,0,0,0,0,0,0,0,0,0,0,0,0,0,0,0,0,0,0,0,0,0,1,0,0,0,0,0,0,0,0,0,0,0,2
java.lang.NumberFormatException: multiple points
thread is open, sizeMB500
thread is open, sizeMB500
thread is open, sizeMB500
print extradionario!!!!
0.716358,0.616667,0.090909,0.375089,0.347545,0.72924,0.838583,0.964567,0.665354,0.1424790.64082,0.958333,0.075758,0.125268,0.237726,0.354644,0.822835,0.909449,0.629921,0.189042,1,0,0,0,0,0,0,0,0,0,0,0,0,0,0,0,0,0,0,0,0,0,0,0,0,0,0,0,0,0,0,0,1,0,0,0,0,0,0,0,0,0,0,0,10.64082,0.086111,0.106061,0.14388,0.239018,0.35085,0.858268,0.885827,0.562992,0.192806,1,0,0,0,0,0,0,0,0,0,0,0,0,0,0,0,0,0,0,0,0,0,0,0,0,0,0,0,0,0,0,0,1,0,0,0,0,0,0,0,0,0,0,0,1
java.lang.NumberFormatException: multiple points
print extradionario!!!!
0.582791,0.088889,0.106061,0.34932,0.0.729865,0.172222,0.136364,0.193271,0.248062,0.597724,0.897638,0.870079,0.492126,0.186533,1,0,0,0,0,0,0,0,0,0,0,0,0,0,0,0,0,0,0,0,0,0,0,0,0,0,0,0,0,0,0,0,1,0,0,0,0,0,0,0,0,0,0,0,1
java.lang.NumberFormatException: multiple points
thread is open, sizeMB500
thread is open, sizeMB500
thread is open, sizeMB500
print extradionario!!!!
0.476738,0.113889,0.136364,0,0.223514,0.108332,0.0.542271,0.188889,0.30303,0.088762,0.255814,0.0718,0.929134,0.771654,0.326772,0.238952,0,0,1,0,0,0,0,0,0,0,0,0,0,0,0,0,0,0,0,0,0,0,0,0,0,0,0,0,0,0,0,0,0,0,0,0,1,0,0,0,0,0,0,0,2
java.lang.NumberFormatException: multiple points
thread is open, sizeMB500
thread is open, sizeMB500
thread is open, sizeMB500
thread is open, sizeMB500
print extradionario!!!!
0.590795,0.230556,0.060606,0.021475,0.22739,0.41880.642321,0.85,0.363636,0.228346,0.370801,0.385837,0.586614,0.862205,0.814961,0.374181,1,0,0,0,0,0,0,0,0,0,0,0,0,0,0,0,0,0,0,0,0,0,0,0,0,0,0,1,0,0,0,0,0,0,0,0,0,0,0,0,0,0,0,0,1
java.lang.NumberFormatException: multiple points
thread is open, sizeMB500
thread is open, sizeMB500
print extradionario!!!!
0.641821,0.116667,0.227273,0.125268,0.232558,0.246733,0.870079,0.810.463232,0.313889,0.136364,0.214746,0.250646,0.117465,0.929134,0.909449,0.496063,0.088248,0,0,1,0,0,0,0,0,0,0,0,0,0,0,1,0,0,0,0,0,0,0,0,0,0,0,0,0,0,0,0,0,0,0,0,0,0,0,0,0,0,0,0,0,2
java.lang.NumberFormatException: multiple points
thread is open, sizeMB500
learning evaluation instances,Wall Time (Actual Time),Avg Delay (ms),outRate (inst/s),classified instances,classifications correct (percent),Kappa Statistic (percent),Kappa Temporal Statistic (percent),Kappa M Statistic (percent),F1 Score (percent),F1 Score for class 0 (percent),F1 Score for class 1 (percent),F1 Score for class 2 (percent),F1 Score for class 3 (percent),F1 Score for class 4 (percent),F1 Score for class 5 (percent),F1 Score for class 6 (percent),Precision (percent),Precision for class 0 (percent),Precision for class 1 (percent),Precision for class 2 (percent),Precision for class 3 (percent),Precision for class 4 (percent),Precision for class 5 (percent),Precision for class 6 (percent),Recall (percent),Recall for class 0 (percent),Recall for class 1 (percent),Recall for class 2 (percent),Recall for class 3 (percent),Recall for class 4 (percent),Recall for class 5 (percent),Recall for class 6 (percent),model training instances,model serialized size (bytes),ensemble size,[avg] model training instances,[err] model training instances,[avg] model serialized size (bytes),[err] model serialized size (bytes),[avg] tree size (nodes),[err] tree size (nodes),[avg] tree size (leaves),[err] tree size (leaves),[avg] active learning leaves,[err] active learning leaves,[avg] tree depth,[err] tree depth,[avg] active leaf byte size estimate,[err] active leaf byte size estimate,[avg] inactive leaf byte size estimate,[err] inactive leaf byte size estimate,[avg] byte size estimate overhead,[err] byte size estimate overhead
325501.0,120.01300048828125,158.0,2712.214599609375,325500.0,74.33118279569892,51.68706322989135,-458.9136397083424,42.18574848807761,48.41833354034766,0.13802622498274672,60.17767684189433,83.11625879275607,73.2661822985469,45.25547445255474,17.711755463505213,17.87240537240537,62.49827673596584,0.07102272727272728,89.55467196819086,72.46154099007298,67.83885024080728,84.23913043478261,67.98245614035088,55.34026465028356,39.51596696035072,2.4390243902439024,45.313348757670255,97.44445488150559,79.63744054563404,30.938123752495013,10.18229594350468,10.65708045140153,0.0,1.0,25.0,464013.36,312726.79311499675,1.0,0.0,79.35999999999999,58.83796960013717,39.76,29.65254345470778,39.76,29.65254345470778,8.479999999999999,4.273172123844299,0.0,0.0,0.0,0.0,1.0,0.0
