Connected!
[newChuckSize]:0
thread is open, sizeMB250
[newChuckSize]:250
print extradionario!!!!
0.568284,0.647222,0.212121,0.456693,0.3380.254127,0.869444,0.272727,0.068003,0.25969,0.206969,0.669291,0.88189,0.759843,0.059111,0,0,0,1,0,0,0,0,0,0,0,0,0,1,0,0,0,0,0,0,0,0,0,0,0,0,0,0,0,0,0,0,0,0,0,0,0,0,0,0,0,0,0,0,60.257629,0.863889,0.272727,0.088762,0.264858,0.209217,0.665354,0.885827,0.767717,0.058692,0,0,0,1,0,0,0,0,0,0,0,0,0,1,0,0,0,0,0,0,0,0,0,0,0,0,0,0,0,0,0,0,0,0,0,0,0,0,0,0,0,0,0,0,6
java.lang.NumberFormatException: multiple points
thread is open, sizeMB250
print extradionario!!!!
0.477239,0.28050.744872,0.063889,0.348485,0.27917,0.395349,0.289307,0.783465,0.720472,0.440945,0.288164,1,0,0,0,0,0,0,0,0,0,0,0,0,0,0,0,0,0,0,0,0,0,0,0,0,0,0,0,0,0,0,0,0,0,0,0,0,0,0,0,0,0,1,0,10.452726,0.102778,0.030303,0,0.223514,0.102009,0.862205,0.92126,0.594488,0.352293,0,0,1,0,0,0,0,0,0,0,0,0,0,0,0,0,0,0,0,0,1,0,0,0,0,0,0,0,0,0,0,0,0,0,0,0,0,0,0,0,0,0,0,0,5
java.lang.NumberFormatException: multiple points
thread is open, sizeMB250
thread is open, sizeMB250
print extradionario!!!!
0.423212,0.011111,0.0.509255,0.263889,0.257576,0.23121,0.321705,0.629479,0.964567,0.838583,0.358268,0.718249,1,0,0,0,0,0,0,0,0,0,0,0,0,0,0,1,0,0,0,0,0,0,0,0,0,0,0,0,0,0,0,0,0,0,0,0,0,0,0,0,0,0,0,0,20.502251,0.247222,0.272727,0.224052,0.315245,0.625404,0.96063,0.814961,0.334646,0.722292,1,0,0,0,0,0,0,0,0,0,0,0,0,0,0,0,0,0,0,0,0,0,0,0,0,0,0,0,0,0,0,0,1,0,0,0,0,0,0,0,0,0,0,0,1
java.lang.NumberFormatException: multiple points
print extradionario!!!!
0.612306,0.641667,0.13630.571286,0.7,0.075758,0.508948,0.333333,0.819165,0.818898,0.96063,0.681102,0.464799,1,0,0,0,0,0,0,0,0,0,0,0,0,0,0,0,0,0,0,0,0,0,0,0,0,0,0,0,0,0,0,0,1,0,0,0,0,0,0,0,0,0,0,0,20.574787,0.580556,0.075758,0.518969,0.338501,0.820851,0.850394,0.96063,0.649606,0.467587,1,0,0,0,0,0,0,0,0,0,0,0,0,0,0,0,0,0,0,0,0,0,0,1,0,0,0,0,0,0,0,0,0,0,0,0,0,0,0,0,0,0,0,0,2
java.lang.NumberFormatException: multiple points
thread is open, sizeMB250
thread is open, sizeMB250
print extradionario!!!!
0.571286,0.5,0.060606,0.62270.674837,0.3,0.075758,0.121689,0.232558,0.568919,0.897638,0.92126,0.555118,0.456713,1,0,0,0,0,0,0,0,0,0,0,0,0,0,0,0,0,0,0,0,0,0,0,0,0,0,0,0,0,0,0,0,1,0,0,0,0,0,0,0,0,0,0,0,10.674837,0.5,0.015152,0.107373,0.22093,0.572151,0.862205,0.940945,0.61811,0.458246,1,0,0,0,0,0,0,0,0,0,0,0,0,0,0,0,0,0,0,0,0,0,0,0,0,0,0,0,0,0,0,0,1,0,0,0,0,0,0,0,0,0,0,0,1
java.lang.NumberFormatException: multiple points
print extradionario!!!!
0.55978,0,0.07570.558279,0.983333,0.136364,0.04796,0.223514,0.694253,0.811024,0.885827,0.622047,0.834937,1,0,0,0,0,0,0,0,0,0,0,0,0,0,0,0,0,0,0,0,0,0,0,1,0,0,0,0,0,0,0,0,0,0,0,0,0,0,0,0,0,0,0,0,20.558279,0.938889,0.166667,0.068003,0.22739,0.690178,0.771654,0.885827,0.65748,0.830894,1,0,0,0,0,0,0,0,0,0,0,0,0,0,0,1,0,0,0,0,0,0,0,0,0,0,0,0,0,0,0,0,0,0,0,0,0,0,0,0,0,0,0,0,2
java.lang.NumberFormatException: multiple points
thread is open, sizeMB250
print extradionario!!!!
0.571286,0.408333,0.151515,0.336435,0.270.550275,0.438889,0.121212,0.156049,0.236434,0.590136,0.901575,0.952756,0.570866,0.789767,1,0,0,0,0,0,0,0,0,0,0,0,0,0,0,0,0,0,0,0,0,0,0,0,0,0,0,0,0,0,0,0,1,0,0,0,0,0,0,0,0,0,0,0,20.550275,0.444444,0.121212,0.163207,0.236434,0.593087,0.897638,0.952756,0.574803,0.791858,1,0,0,0,0,0,0,0,0,0,0,0,0,0,0,0,0,0,0,0,0,0,0,0,0,0,0,0,0,0,0,0,1,0,0,0,0,0,0,0,0,0,0,0,2
java.lang.NumberFormatException: multiple points
thread is open, sizeMB250
print extradionario!!!!
0.480.47974,0.372222,0.227273,0.021475,0.224806,0.451033,0.956693,0.913386,0.448819,0.372369,1,0,0,0,0,0,0,0,0,0,0,0,0,0,0,1,0,0,0,0,0,0,0,0,0,0,0,0,0,0,0,0,0,0,0,0,0,0,0,0,0,0,0,0,2
java.lang.NumberFormatException: multiple points
thread is open, sizeMB250
print extradionario!!!!
0.578289,0.066667,0.166667,0.167502,0.282946,0.695799,0.84252,0.846457,0.535433,0.5345040.414207,0.397222,0.257576,0.150322,0.313953,0.264156,0.952756,0.92126,0.456693,0.18723,1,0,0,0,0,0,0,0,0,0,0,0,0,0,0,0,0,0,0,0,0,0,0,0,0,0,0,0,0,0,0,0,0,1,0,0,0,0,0,0,0,0,0,0,20.411206,0.377778,0.257576,0.137437,0.306202,0.260784,0.96063,0.909449,0.433071,0.183605,1,0,0,0,0,0,0,0,0,0,0,0,0,0,0,0,0,0,0,0,0,0,0,0,0,0,0,0,0,0,0,0,0,1,0,0,0,0,0,0,0,0,0,0,2
java.lang.NumberFormatException: multiple points
thread is open, sizeMB250
print extradionario!!!!
0.527764,0.891667,0.136364,0.068003,0.24031,0.598567,0.771654,0.909449,0.0.477739,0.297222,0.19697,0.231926,0.276486,0.321062,0.948819,0.88189,0.433071,0.36972,1,0,0,0,0,0,0,0,0,0,0,0,0,0,0,1,0,0,0,0,0,0,0,0,0,0,0,0,0,0,0,0,0,0,0,0,0,0,0,0,0,0,0,0,20.474237,0.269444,0.181818,0.214746,0.267442,0.316847,0.940945,0.877953,0.440945,0.366653,1,0,0,0,0,0,0,0,0,0,0,0,0,0,0,1,0,0,0,0,0,0,0,0,0,0,0,0,0,0,0,0,0,0,0,0,0,0,0,0,0,0,0,0,2
java.lang.NumberFormatException: multiple points
thread is open, sizeMB250
print extradionario!!!!
0.455728,0.40550.481741,0.908333,0.409091,0.18325,0.326873,0.511873,0.570866,0.779528,0.740157,0.166039,1,0,0,0,0,0,0,0,0,0,0,0,0,0,0,0,0,0,0,0,0,0,0,0,0,0,0,0,0,0,0,0,1,0,0,0,0,0,0,0,0,0,0,0,20.486243,0.905556,0.409091,0.19184,0.342377,0.50822,0.562992,0.779528,0.744094,0.169246,1,0,0,0,0,0,0,0,0,0,0,0,0,0,0,0,0,0,0,0,0,0,0,0,0,0,0,0,0,0,0,0,1,0,0,0,0,0,0,0,0,0,0,0,2
java.lang.NumberFormatException: multiple points
thread is open, sizeMB250
thread is open, sizeMB250
print extradionario!!!!
0.568284,0.286111,0.19697,0.19184,0.258398,0.569341,0.948819,0.88189,0.0.50025,0.186111,0.181818,0.060845,0.231266,0.4034,0.913386,0.850394,0.452756,0.378363,1,0,0,0,0,0,0,0,0,0,0,0,0,0,0,1,0,0,0,0,0,0,0,0,0,0,0,0,0,0,0,0,0,0,0,0,0,0,0,0,0,0,0,0,20.497749,0.166667,0.121212,0.042949,0.231266,0.399888,0.893701,0.877953,0.515748,0.382267,1,0,0,0,0,0,0,0,0,0,0,0,0,0,0,0,0,0,0,0,0,0,0,0,0,0,1,0,0,0,0,0,0,0,0,0,0,0,0,0,0,0,0,0,2
java.lang.NumberFormatException: multiple points
thread is open, sizeMB250
thread is open, sizeMB250
print extradionario!!!!
0.5340.550275,0.291667,0.19697,0.10952,0.276486,0.483069,0.948819,0.88189,0.433071,0.334867,1,0,0,0,0,0,0,0,0,0,0,0,0,0,0,0,0,0,0,0,0,0,0,0,0,0,0,0,0,0,0,0,1,0,0,0,0,0,0,0,0,0,0,0,2
java.lang.NumberFormatException: multiple points
print extradionario!!!!
0.0.571286,0.1,0.181818,0.021475,0.237726,0.484895,0.862205,0.838583,0.503937,0.280775,1,0,0,0,0,0,0,0,0,0,0,0,0,0,0,0,0,0,0,0,0,0,0,0,0,0,0,0,0,0,0,0,1,0,0,0,0,0,0,0,0,0,0,0,1
java.lang.NumberFormatException: multiple points
thread is open, sizeMB250
print extradionario!!!!
0.586793,0.138889,0.106061,0.042949,0.22093,0.422088,0.88189,0.88189,0.531496,0.181510.668334,0.775,0.272727,0.286328,0.335917,0.818041,0.665354,0.944882,0.822835,0.410846,1,0,0,0,0,0,0,0,0,0,0,0,0,0,0,0,0,0,0,0,0,0,0,0,0,0,0,0,0,0,0,0,1,0,0,0,0,0,0,0,0,0,0,0,20.672336,0.783333,0.257576,0.307802,0.346253,0.821976,0.669291,0.940945,0.818898,0.410707,1,0,0,0,0,0,0,0,0,0,0,0,0,0,0,0,0,0,0,0,0,0,0,0,0,0,0,0,0,0,0,0,1,0,0,0,0,0,0,0,0,0,0,0,2
java.lang.NumberFormatException: multiple points
thread is open, sizeMB250
thread is open, sizeMB250
thread is open, sizeMB250
print extradionario!!!!
0.655828,0.436111,0.257576,0.204009,0.258398,0.608262,0.929134,0.0.726363,0.027778,0.181818,0.224052,0.27907,0.514543,0.811024,0.846457,0.570866,0.287885,1,0,0,0,0,0,0,0,0,0,0,0,0,0,0,0,0,0,0,0,0,0,0,0,0,0,0,0,0,0,0,0,0,0,0,0,0,0,0,0,0,1,0,0,10.725863,0.036111,0.19697,0.219041,0.277778,0.518477,0.814961,0.834646,0.555118,0.2844,1,0,0,0,0,0,0,0,0,0,0,0,0,0,0,0,0,0,0,0,0,0,0,0,0,0,0,0,0,0,0,0,0,0,0,0,0,0,0,0,0,1,0,0,1
java.lang.NumberFormatException: multiple points
thread is open, sizeMB250
print extradionario!!!!
0.648824,0.130556,0.151515,0.171797,0.295866,0.357173,0.88189,0.850.692846,0.511111,0.045455,0.021475,0.228682,0.757482,0.866142,0.948819,0.61811,0.080719,1,0,0,0,0,0,0,0,0,0,0,0,0,0,0,0,0,0,0,0,0,0,0,0,0,0,0,0,0,0,0,0,0,0,0,0,0,0,0,0,0,1,0,0,20.692846,0.780556,0.015152,0.021475,0.228682,0.761697,0.846457,0.937008,0.633858,0.082392,1,0,0,0,0,0,0,0,0,0,0,0,0,0,0,0,0,0,0,0,0,0,0,0,0,0,0,0,0,0,0,0,0,0,0,0,0,0,0,0,0,1,0,0,2
java.lang.NumberFormatException: multiple points
thread is open, sizeMB250
print extradionario!!!!
0.597799,0.963889,0.136364,0.228346,0.241602,0.0.683342,0.344444,0.045455,0.021475,0.224806,0.449768,0.885827,0.933071,0.574803,0.297226,1,0,0,0,0,0,0,0,0,0,0,0,0,0,0,0,0,0,0,0,0,0,0,0,0,0,0,0,0,0,0,0,0,0,0,0,0,0,0,0,0,1,0,0,70.682841,0.375,0.030303,0.021475,0.223514,0.445693,0.877953,0.937008,0.594488,0.301408,1,0,0,0,0,0,0,0,0,0,0,0,0,0,0,0,0,0,0,0,0,0,0,0,0,0,0,0,0,0,0,0,0,0,0,0,0,0,0,0,0,1,0,0,7
java.lang.NumberFormatException: multiple points
thread is open, sizeMB250
print extradionario!!!!
0.511256,0.063889,0.212121,0.077309,0.237726,0.241394,0.830709,0.822835,0.515748,0.3910.641821,0.05,0.075758,0,0.223514,0.283406,0.850394,0.901575,0.590551,0.281751,1,0,0,0,0,0,0,0,0,0,0,0,0,0,0,0,0,0,0,0,0,0,0,0,0,0,1,0,0,0,0,0,0,0,0,0,0,0,0,0,0,0,0,0,10.641821,0.975,0.090909,0.021475,0.226098,0.28186,0.822835,0.901575,0.625984,0.277708,1,0,0,0,0,0,0,0,0,0,0,0,0,0,0,0,0,0,0,0,0,0,0,0,0,0,1,0,0,0,0,0,0,0,0,0,0,0,0,0,0,0,0,0,1
java.lang.NumberFormatException: multiple points
thread is open, sizeMB250
thread is open, sizeMB250
print extradionario!!!!
0.06053,0.675,0.454545,0.128848,0.29845,0.046368,0.582677,0.972441,0.80.548774,0.902778,0.30303,0.030064,0.244186,0.205986,0.653543,0.84252,0.728346,0.314234,0,0,1,0,0,0,0,0,0,0,0,0,0,0,0,0,0,0,0,0,0,0,0,0,0,0,0,0,0,0,0,0,0,0,0,0,1,0,0,0,0,0,0,0,10.551276,0.919444,0.30303,0.04796,0.257106,0.202473,0.65748,0.826772,0.708661,0.317998,0,0,1,0,0,0,0,0,0,0,0,0,0,0,0,0,0,0,0,0,0,0,0,0,0,0,0,0,0,0,0,0,0,0,0,0,1,0,0,0,0,0,0,0,2
java.lang.NumberFormatException: multiple points
learning evaluation instances,Wall Time (Actual Time),Avg Delay (ms),outRate (inst/s),classified instances,classifications correct (percent),Kappa Statistic (percent),Kappa Temporal Statistic (percent),Kappa M Statistic (percent),F1 Score (percent),F1 Score for class 0 (percent),F1 Score for class 1 (percent),F1 Score for class 2 (percent),F1 Score for class 3 (percent),F1 Score for class 4 (percent),F1 Score for class 5 (percent),F1 Score for class 6 (percent),Precision (percent),Precision for class 0 (percent),Precision for class 1 (percent),Precision for class 2 (percent),Precision for class 3 (percent),Precision for class 4 (percent),Precision for class 5 (percent),Precision for class 6 (percent),Recall (percent),Recall for class 0 (percent),Recall for class 1 (percent),Recall for class 2 (percent),Recall for class 3 (percent),Recall for class 4 (percent),Recall for class 5 (percent),Recall for class 6 (percent),model training instances,model serialized size (bytes),ensemble size,[avg] model training instances,[err] model training instances,[avg] model serialized size (bytes),[err] model serialized size (bytes),[avg] tree size (nodes),[err] tree size (nodes),[avg] tree size (leaves),[err] tree size (leaves),[avg] active learning leaves,[err] active learning leaves,[avg] tree depth,[err] tree depth,[avg] active leaf byte size estimate,[err] active leaf byte size estimate,[avg] inactive leaf byte size estimate,[err] inactive leaf byte size estimate,[avg] byte size estimate overhead,[err] byte size estimate overhead
149501.0,120.08499908447266,198.0,1244.9598388671875,149500.0,84.26354515050167,67.51197761440723,-235.27148353997399,55.37810822601143,63.68424133665928,?,76.72576126395076,88.78546121887186,79.50277704311029,81.64383561643835,65.83184257602863,50.40234089246523,61.764900428509094,0.0,80.18383411730825,87.61658500266624,75.33834586466165,77.40259740259741,55.84218512898331,55.97075548334687,65.7266947882036,0.0,73.55362803804157,89.98594663855994,84.1545352743561,86.37681159420289,80.17429193899783,45.8416500332668,0.0,1.0,25.0,3668.2800000000007,2381.130885384786,1.0,0.0,0.96,0.2,0.96,0.2,0.96,0.2,0.0,0.0,0.0,0.0,0.0,0.0,1.0,0.0
