Connected!
linha fdp!!!!
0.518759,0.816667,0.363636,0.128848,0.329457,0.718561,0.57874,0.893701,0.850394,0.660.547274,0.325,0.106061,0.077309,0.232558,0.746382,0.917323,0.917323,0.519685,0.287746,1,0,0,0,0,0,0,0,0,0,0,0,0,0,0,0,0,0,0,0,0,0,0,0,0,0,0,0,0,0,0,0,1,0,0,0,0,0,0,0,0,0,0,0,10.626813,0.238889,0.318182,0.125268,0.241602,0.719545,0.964567,0.787402,0.295276,0.008365,1,0,0,0,0,0,0,0,0,0,0,0,0,0,0,0,0,0,0,0,0,0,0,0,0,0,0,0,0,0,0,0,0,1,0,0,0,0,0,0,0,0,0,0,2
java.lang.NumberFormatException: multiple points
linha fdp!!!!
0.238619,0.761111,0.469697,0.064424,0.2945740.272136,0.319444,0.212121,0.173228,0.310078,0.08276,0.956693,0.889764,0.429134,0.194061,0,0,0,1,1,0,0,0,0,0,0,0,0,0,0,0,0,0,0,0,0,0,0,0,0,0,0,0,0,0,0,0,0,0,0,0,0,0,0,0,0,0,0,0,60.230615,0.094444,0.212121,0,0.223514,0.079949,0.854331,0.814961,0.480315,0.068033,0,0,0,1,0,0,0,0,0,0,0,0,0,0,0,0,0,0,0,0,1,0,0,0,0,0,0,0,0,0,0,0,0,0,0,0,0,0,0,0,0,0,0,0,4
java.lang.NumberFormatException: multiple points
linha fdp!!!!
0.525263,0.516667,0.272727,0.299213,0.1820.416208,0.136111,0.136364,0.085898,0.248062,0.283265,0.88189,0.870079,0.515748,0.969329,1,0,0,0,0,0,0,0,0,0,0,0,0,0,0,0,0,0,0,0,0,0,0,0,0,0,0,0,0,0,0,0,1,0,0,0,0,0,0,0,0,0,0,0,2
java.lang.NumberFormatException: multiple points
linha fdp!!!!
0.413707,0.941667,0.45450.314657,0.230556,0.090909,0.021475,0.219638,0.11873,0.897638,0.905512,0.53937,0.76077,1,0,0,0,0,0,0,0,0,0,0,0,0,0,0,0,0,0,0,0,0,1,0,0,0,0,0,0,0,0,0,0,0,0,0,0,0,0,0,0,0,0,0,0,50.574787,0.186111,0.151515,0.322119,0.24031,0.894619,0.905512,0.870079,0.484252,0.410846,1,0,0,0,0,0,0,0,0,0,0,0,0,0,0,0,0,0,0,0,0,0,0,0,0,0,0,0,0,0,0,0,1,0,0,0,0,0,0,0,0,0,0,0,2
java.lang.NumberFormatException: multiple points
linha fdp!!!!
0.433717,0.194444,0.136364,0.107373,0.263566,0.310524,0.905512,0.877953,0.492126,0.0.396698,0.086111,0.106061,0.151754,0.235142,0.169594,0.858268,0.885827,0.562992,0.823644,1,0,0,0,0,0,0,0,0,0,0,0,0,0,0,1,0,0,0,0,0,0,0,0,0,0,0,0,0,0,0,0,0,0,0,0,0,0,0,0,0,0,0,0,2
java.lang.NumberFormatException: multiple points
linha fdp!!!!
0.481241,0.05,0.030303,0.319256,0.325581,0.459885,0.854331,0.92126,0.0.510755,0.913889,0.19697,0.021475,0.232558,0.718421,0.73622,0.877953,0.688976,0.612017,1,0,0,0,0,0,0,0,0,0,0,0,0,0,0,0,0,0,0,0,0,0,0,0,0,0,0,1,0,0,0,0,0,0,0,0,0,0,0,0,0,0,0,0,1
java.lang.NumberFormatException: multiple points
linha fdp!!!!
0.346173,0.230556,0.121212,0.167502,0.237720.428214,0.177778,0.106061,0.154617,0.257106,0.269917,0.893701,0.889764,0.523622,0.811655,1,0,0,0,0,0,0,0,0,0,0,0,0,0,0,1,0,0,0,0,0,0,0,0,0,0,0,0,0,0,0,0,0,0,0,0,0,0,0,0,0,0,0,0,20.425713,0.077778,0.075758,0.137437,0.250646,0.266685,0.858268,0.905512,0.582677,0.808867,1,0,0,0,0,0,0,0,0,0,0,0,0,0,0,1,0,0,0,0,0,0,0,0,0,0,0,0,0,0,0,0,0,0,0,0,0,0,0,0,0,0,0,0,2
java.lang.NumberFormatException: multiple points
linha fdp!!!!
0.566283,0.625,0.1960.330665,0.038889,0.136364,0.030064,0.232558,0.185612,0.834646,0.874016,0.57874,0.614108,1,0,0,0,0,0,0,0,0,0,0,0,0,0,0,0,0,0,0,1,0,0,0,0,0,0,0,0,0,0,0,0,0,0,0,0,0,0,0,0,0,0,0,0,2
java.lang.NumberFormatException: multiple points
linha fdp!!!!
0.622311,0.538889,0.060606,0.23121,0.217054,0.913166,0.8620.357679,0.163889,0.106061,0.257695,0.249354,0.173247,0.889764,0.889764,0.527559,0.574516,1,0,0,0,0,0,0,0,0,0,0,0,0,0,0,0,0,0,0,0,0,1,0,0,0,0,0,0,0,0,0,0,0,0,0,0,0,0,0,0,0,0,0,0,2
java.lang.NumberFormatException: multiple points
linha fdp!!!!
0.4647320.351176,0.366667,0.257576,0.060845,0.260982,0.105662,0.964567,0.901575,0.42126,0.471211,1,0,0,0,0,0,0,0,0,0,0,0,0,0,0,0,0,0,0,0,0,0,0,0,0,0,0,0,0,0,0,0,1,0,0,0,0,0,0,0,0,0,0,0,2
java.lang.NumberFormatException: multiple points
linha fdp!!!!
0.436218,0.261111,0.040.526263,0.738889,0.19697,0.021475,0.23385,0.51651,0.73622,0.964567,0.775591,0.685069,1,0,0,0,0,0,0,0,0,0,0,0,0,0,0,0,0,0,0,0,0,0,0,0,0,0,0,0,0,0,0,0,1,0,0,0,0,0,0,0,0,0,0,0,2
java.lang.NumberFormatException: multiple points
linha fdp!!!!
0.509755,0.2660.55978,0.594444,0.106061,0.531854,0.329457,0.848532,0.84252,0.972441,0.665354,0.820995,1,0,0,0,0,0,0,0,0,0,0,0,0,0,0,0,0,0,0,0,0,0,0,0,0,0,0,0,0,0,0,0,1,0,0,0,0,0,0,0,0,0,0,0,20.55978,0.583333,0.136364,0.547602,0.329457,0.8453,0.838583,0.980315,0.673228,0.824341,1,0,0,0,0,0,0,0,0,0,0,0,0,0,0,0,0,0,0,0,0,0,0,0,0,0,0,0,0,0,0,0,1,0,0,0,0,0,0,0,0,0,0,0,2
java.lang.NumberFormatException: multiple points
linha fdp!!!!
0.54027,0.763889,0.257576,0.307802,0.26615,0.80080.605803,0.25,0.121212,0.064424,0.231266,0.497401,0.913386,0.897638,0.507874,0.744877,1,0,0,0,0,0,0,0,0,0,0,0,0,0,0,0,0,0,0,0,0,0,0,0,0,0,0,0,0,0,0,0,1,0,0,0,0,0,0,0,0,0,0,0,1
java.lang.NumberFormatException: multiple points
linha fdp!!!!
0.636818,0.438880.492746,0.002778,0.136364,0,0.223514,0.420823,0.814961,0.877953,0.602362,0.415307,1,0,0,0,0,0,0,0,0,0,0,0,0,0,0,0,0,0,0,0,0,0,0,0,0,0,1,0,0,0,0,0,0,0,0,0,0,0,0,0,0,0,0,0,2
java.lang.NumberFormatException: multiple points
linha fdp!!!!
0.461231,0.291667,0.106061,0.24481,0.25323,0.3080.414707,0.305556,0.348485,0.042949,0.241602,0.211184,0.992126,0.814961,0.275591,0.104559,1,0,0,0,0,0,0,0,0,0,0,0,0,0,0,0,0,0,0,0,0,0,0,0,0,0,0,0,0,0,0,0,0,1,0,0,0,0,0,0,0,0,0,0,5
java.lang.NumberFormatException: multiple points
linha fdp!!!!
0.604302,0.080556,0.227273,0.042949,0.249354,0.432486,0.80.551776,0.297222,0.19697,0.125268,0.267442,0.662217,0.948819,0.88189,0.433071,0.624843,1,0,0,0,0,0,0,0,0,0,0,0,0,0,0,0,0,0,0,0,0,0,0,0,0,0,0,0,0,0,0,0,1,0,0,0,0,0,0,0,0,0,0,0,2
java.lang.NumberFormatException: multiple points
linha fdp!!!!
0.44920.335168,0.258333,0.212121,0.042949,0.251938,0.071659,0.948819,0.858268,0.409449,0.04266,1,0,0,0,0,0,0,0,0,0,0,0,0,0,0,0,0,0,0,0,0,0,0,0,0,0,0,0,0,0,0,0,1,0,0,0,0,0,0,0,0,0,0,0,2
java.lang.NumberFormatException: multiple points
linha fdp!!!!
0.509755,0.166667,0.257576,0.021475,0.231266,0.603204,0.909449,0.795276,0.38189,0.50630.43922,0.505556,0.257576,0.077309,0.263566,0.366587,0.877953,0.980315,0.598425,0.320229,1,0,0,0,0,0,0,0,0,0,0,0,0,0,0,0,0,0,0,0,0,0,0,0,0,0,0,0,0,0,0,0,0,1,0,0,0,0,0,0,0,0,0,0,2
java.lang.NumberFormatException: multiple points
linha fdp!!!!
0.551776,0.888889,0.166667,0.360057,0.232558,0.500211,0.0.595798,0.375,0.015152,0.665712,0.324289,0.830547,0.870079,0.937008,0.602362,0.515126,1,0,0,0,0,0,0,0,0,0,0,0,0,0,0,0,0,0,0,0,0,0,0,0,0,0,0,0,0,0,0,0,1,0,0,0,0,0,0,0,0,0,0,0,10.595798,0.388889,0.060606,0.645669,0.324289,0.826331,0.885827,0.937008,0.582677,0.513035,1,0,0,0,0,0,0,0,0,0,0,0,0,0,0,0,0,0,0,0,0,0,0,0,0,0,0,0,0,0,0,0,1,0,0,0,0,0,0,0,0,0,0,0,1
java.lang.NumberFormatException: multiple points
linha fdp!!!!
0.456728,0.058333,0.348485,0.271296,0.316537,0.306449,0.779520.553277,0.663889,0.19697,0.335719,0.299742,0.814669,0.767717,0.988189,0.759843,0.482783,1,0,0,0,0,0,0,0,0,0,0,0,0,0,0,0,0,0,0,0,0,0,0,0,0,0,0,0,0,0,0,0,1,0,0,0,0,0,0,0,0,0,0,0,2
java.lang.NumberFormatException: multiple points
linha fdp!!!!
0.40.38069,0.436111,0.227273,0.136006,0.29199,0.081776,0.929134,0.948819,0.515748,0.256378,1,0,0,0,0,0,0,0,0,0,0,0,0,0,0,0,0,0,0,0,0,0,0,0,0,0,0,0,0,0,0,0,0,1,0,0,0,0,0,0,0,0,0,0,2
java.lang.NumberFormatException: multiple points
linha fdp!!!!
0.582791,0.141667,0.136364,0.3670.556278,0.047222,0.090909,0.261274,0.267442,0.532528,0.846457,0.889764,0.582677,0.328454,1,0,0,0,0,0,0,0,0,0,0,0,0,0,0,0,0,0,0,0,0,0,0,0,0,0,0,0,0,0,0,0,1,0,0,0,0,0,0,0,0,0,0,0,20.556278,0.136111,0.151515,0.265569,0.267442,0.528312,0.88189,0.858268,0.5,0.328872,1,0,0,0,0,0,0,0,0,0,0,0,0,0,0,0,0,0,0,0,0,0,0,0,0,0,0,0,0,0,0,0,1,0,0,0,0,0,0,0,0,0,0,0,2
java.lang.NumberFormatException: multiple points
linha fdp!!!!
0.43972,0.086111,0.19697,0.18325,0.250646,0.1871580.418709,0.038889,0.181818,0.173228,0.236434,0.149501,0.822835,0.850394,0.562992,0.27492,1,0,0,0,0,0,0,0,0,0,0,0,0,0,0,0,0,0,0,0,0,0,0,0,0,0,0,0,0,0,0,0,1,0,0,0,0,0,0,0,0,0,0,0,2
java.lang.NumberFormatException: multiple points
linha fdp!!!!
0.370.482741,0.919444,0.090909,0.198282,0.316537,0.24322,0.811024,0.917323,0.649606,0.378224,1,0,0,0,0,0,0,0,0,0,0,0,0,0,0,0,0,0,0,0,0,0,0,0,0,0,0,0,0,0,0,0,1,0,0,0,0,0,0,0,0,0,0,0,2
java.lang.NumberFormatException: multiple points
linha fdp!!!!
0.645323,0.922222,0.060606,0.136006,0.232550.648324,0.916667,0.060606,0.128848,0.24031,0.452438,0.826772,0.925197,0.641732,0.584274,1,0,0,0,0,0,0,0,0,0,0,0,0,0,0,0,0,0,0,0,0,0,0,0,0,0,1,0,0,0,0,0,0,0,0,0,0,0,0,0,0,0,0,0,10.650325,0.875,0.030303,0.130279,0.245478,0.456232,0.838583,0.933071,0.637795,0.580231,1,0,0,0,0,0,0,0,0,0,0,0,0,0,0,0,0,0,0,0,0,0,0,0,0,0,1,0,0,0,0,0,0,0,0,0,0,0,0,0,0,0,0,0,1
java.lang.NumberFormatException: multiple points
linha fdp!!!!
0.390.669835,0.216667,0.227273,0.375089,0.295866,0.414079,0.937008,0.834646,0.401575,0.596264,1,0,0,0,0,0,0,0,0,0,0,0,0,0,0,0,0,0,0,0,0,0,0,0,0,0,0,0,0,0,0,0,0,0,0,0,0,0,0,0,0,0,1,0,1
java.lang.NumberFormatException: multiple points
linha fdp!!!!
0.653327,0.225,0.181818,0.184681,0.2906980.341171,0.411111,0.106061,0.125268,0.222222,0.051426,0.905512,0.944882,0.559055,0.181514,1,0,0,0,0,0,0,0,0,0,0,0,1,0,0,0,0,0,0,0,0,0,0,0,0,0,0,0,0,0,0,0,0,0,0,0,0,0,0,0,0,0,0,0,20.34017,0.325,0.136364,0.14388,0.219638,0.048054,0.929134,0.913386,0.503937,0.182629,1,0,0,0,0,0,0,0,0,0,0,0,1,0,0,0,0,0,0,0,0,0,0,0,0,0,0,0,0,0,0,0,0,0,0,0,0,0,0,0,0,0,0,0,2
java.lang.NumberFormatException: multiple points
linha fdp!!!!
0.467234,0.00.501251,0.163889,0.045455,0,0.223514,0.406351,0.870079,0.917323,0.582677,0.313955,1,0,0,0,0,0,0,0,0,0,0,0,0,0,0,0,0,0,0,0,0,0,0,0,0,0,1,0,0,0,0,0,0,0,0,0,0,0,0,0,0,0,0,0,10.49975,0.25,0.030303,0,0.223514,0.404103,0.874016,0.929134,0.590551,0.317162,1,0,0,0,0,0,0,0,0,0,0,0,0,0,0,0,0,0,0,0,0,0,0,0,0,0,1,0,0,0,0,0,0,0,0,0,0,0,0,0,0,0,0,0,1
java.lang.NumberFormatException: multiple points
linha fdp!!!!
0.577289,0.333333,0.136364,0.151754,0.277778,0.59610.431216,0.183333,0.257576,0.125268,0.267442,0.228608,0.92126,0.807087,0.38189,0.060365,1,0,0,0,0,0,0,0,0,0,0,0,0,0,0,0,0,0,0,0,0,0,0,0,0,0,0,0,0,0,0,0,1,0,0,0,0,0,0,0,0,0,0,0,2
java.lang.NumberFormatException: multiple points
linha fdp!!!!
0.583292,0.797222,0.212121,0.214746,0.3475450.498249,0.797222,0.227273,0.068003,0.248062,0.420823,0.69685,0.937008,0.787402,0.31284,1,0,0,0,0,0,0,0,0,0,0,0,0,0,0,0,0,0,0,0,0,0,0,0,0,0,0,0,0,0,0,0,1,0,0,0,0,0,0,0,0,0,0,0,2
java.lang.NumberFormatException: multiple points
linha fdp!!!!
0.5480.604302,0.616667,0.106061,0.412312,0.341085,0.861458,0.830709,0.972441,0.677165,0.222362,1,0,0,0,0,0,0,0,0,0,0,0,0,0,0,0,0,0,0,0,0,0,0,0,0,0,0,0,0,0,0,0,1,0,0,0,0,0,0,0,0,0,0,0,2
java.lang.NumberFormatException: multiple points
linha fdp!!!!
0.515258,0.963880.64032,0.258333,0.075758,0.198282,0.250646,0.775327,0.897638,0.913386,0.543307,0.095358,1,0,0,0,0,0,0,0,0,0,0,0,0,0,0,0,0,0,0,0,0,0,0,0,0,0,0,0,0,0,0,0,1,0,0,0,0,0,0,0,0,0,0,0,10.63932,0.25,0.060606,0.214746,0.248062,0.772938,0.889764,0.917323,0.555118,0.096612,1,0,0,0,0,0,0,0,0,0,0,0,0,0,0,0,0,0,0,0,0,0,0,0,0,0,0,0,0,0,0,0,1,0,0,0,0,0,0,0,0,0,0,0,1
java.lang.NumberFormatException: multiple points
linha fdp!!!!
0.474237,0.144444,0.136364,0.030064,0.223514,0.202330.663832,0.7,0.30303,0.347173,0.378553,0.837291,0.669291,0.980315,0.84252,0.290116,1,0,0,0,0,0,0,0,0,0,0,0,0,0,0,0,0,0,0,0,0,0,0,0,0,0,0,0,0,0,0,0,0,1,0,0,0,0,0,0,0,0,0,0,2
java.lang.NumberFormatException: multiple points
linha fdp!!!!
0.441221,0.430556,0.257576,0.077309,0.254522,0.059014,0.93700.504252,0.369444,0.242424,0.060845,0.250646,0.197415,0.96063,0.905512,0.433071,0.216925,1,0,0,0,0,0,0,0,0,0,0,0,0,0,0,0,0,0,0,0,0,0,0,0,0,0,0,0,0,0,0,0,1,0,0,0,0,0,0,0,0,0,0,0,2
java.lang.NumberFormatException: multiple points
linha fdp!!!!
0.70.486243,0.233333,0.30303,0.221188,0.143411,0.045525,0.96063,0.795276,0.314961,0.256239,1,0,0,0,0,0,0,0,0,0,0,0,0,0,0,0,0,0,0,0,0,0,0,0,0,0,0,0,0,0,0,0,0,1,0,0,0,0,0,0,0,0,0,0,2
java.lang.NumberFormatException: multiple points
linha fdp!!!!
0.684842,0.102778,0.0757580.546773,0.125,0.166667,0.176807,0.251938,0.087958,0.877953,0.846457,0.492126,0.303081,1,0,0,0,0,0,0,0,0,0,0,0,0,0,0,0,0,0,0,0,0,0,0,0,0,0,0,0,0,0,0,0,1,0,0,0,0,0,0,0,0,0,0,0,2
java.lang.NumberFormatException: multiple points
linha fdp!!!!
0.421711,0.05,0.121212,0.060845,0.22990.462231,0.172222,0.333333,0.130279,0.232558,0.177884,0.917323,0.744094,0.311024,0.326363,0,0,1,0,0,0,0,0,0,0,0,0,0,0,0,0,0,0,0,0,0,0,0,0,0,0,0,0,0,0,0,0,0,0,1,0,0,0,0,0,0,0,0,0,2
java.lang.NumberFormatException: multiple points
linha fdp!!!!
0.49520.27964,0.969444,0.242424,0.060845,0.245478,0.08009,0.740157,0.830709,0.629921,0.17998,0,0,1,0,0,0,0,0,0,0,0,0,0,1,0,0,0,0,0,0,0,0,0,0,0,0,0,0,0,0,0,0,0,0,0,0,0,0,0,0,0,0,0,0,2
java.lang.NumberFormatException: multiple points
linha fdp!!!!
0.774887,0.963889,0.121212,0.198282,0.31137,0.44040.668834,0.069444,0.136364,0,0.223514,0.320641,0.850394,0.870079,0.555118,0.334588,1,0,0,0,0,0,0,0,0,0,0,0,0,0,0,0,0,0,0,0,0,0,0,0,0,0,0,0,0,0,0,0,1,0,0,0,0,0,0,0,0,0,0,0,10.667834,0.075,0.090909,0,0.223514,0.318674,0.854331,0.889764,0.570866,0.330685,1,0,0,0,0,0,0,0,0,0,0,0,0,0,0,0,0,0,0,0,0,0,0,0,0,0,0,0,0,0,0,0,1,0,0,0,0,0,0,0,0,0,0,0,1
java.lang.NumberFormatException: multiple points
linha fdp!!!!
0.322661,0.05,0.121212,0.021475,0.2312660.438719,0.988889,0.378788,0.04796,0.260982,0.213714,0.677165,0.740157,0.57874,0.145128,0,0,1,0,0,0,0,0,0,0,0,0,0,0,0,0,0,0,0,0,0,0,0,0,0,0,0,0,0,0,0,0,0,0,1,0,0,0,0,0,0,0,0,0,20.43922,0.972222,0.378788,0.060845,0.262274,0.215259,0.65748,0.751969,0.614173,0.148055,0,0,1,0,0,0,0,0,0,0,0,0,0,0,0,0,0,0,0,0,0,0,0,0,0,0,0,0,0,0,0,0,0,0,1,0,0,0,0,0,0,0,0,0,2
java.lang.NumberFormatException: multiple points
linha fdp!!!!
0.408204,0.333333,0.5,0.0429490.050025,0.366667,0.318182,0.137437,0.301034,0.028242,0.976378,0.885827,0.374016,0.114178,0,0,0,1,0,0,1,0,0,0,0,0,0,0,0,0,0,0,0,0,0,0,0,0,0,0,0,0,0,0,0,0,0,0,0,0,0,0,0,0,0,0,0,0,3
java.lang.NumberFormatException: multiple points
linha fdp!!!!
0.149075,0.033333,0.439394,0.151754,0.0.449725,0.125,0.060606,0.042949,0.20801,0.050583,0.870079,0.909449,0.574803,0.138436,1,0,0,0,0,0,0,0,0,0,0,0,0,0,0,0,0,0,0,0,0,0,0,0,0,0,0,0,0,0,0,0,0,1,0,0,0,0,0,0,0,0,0,0,2
java.lang.NumberFormatException: multiple points
linha fdp!!!!
0.227114,0.458333,0.409091,0.10952,0.30491,0.134748,0.913386,0.933071,0.460630.665833,0.216667,0.090909,0.030064,0.224806,0.518758,0.893701,0.905512,0.53937,0.43831,1,0,0,0,0,0,0,0,0,0,0,0,0,0,0,0,0,0,0,0,0,0,0,0,0,0,1,0,0,0,0,0,0,0,0,0,0,0,0,0,0,0,0,0,7
java.lang.NumberFormatException: multiple points
linha fdp!!!!
0.253627,0.975,0.166667,0.365068,0.406977,0.185893,0.791339,0.8740.252626,0.888889,0.454545,0.269148,0.445736,0.192216,0.507874,0.771654,0.779528,0.059111,0,0,0,1,0,0,0,0,0,0,0,0,0,1,0,0,0,0,0,0,0,0,0,0,0,0,0,0,0,0,0,0,0,0,0,0,0,0,0,0,0,0,0,0,3
java.lang.NumberFormatException: multiple points
linha fdp!!!!
0.581291,0.022222,0.409091,0.354331,0.437984,0.0700.544772,0.997222,0.242424,0.115963,0.255814,0.202613,0.767717,0.826772,0.594488,0.086156,0,0,1,0,0,0,0,0,0,0,0,0,0,0,0,0,0,0,0,0,0,0,0,0,0,0,0,0,0,0,0,0,0,0,1,0,0,0,0,0,0,0,0,0,2
java.lang.NumberFormatException: multiple points
linha fdp!!!!
0.227614,0.936111,0.030303,0.09592,0.308786,0.126458,0.846457,0.929134,0.6259840.190595,0.952778,0.424242,0.090909,0.288114,0.134467,0.606299,0.732283,0.645669,0.191552,0,0,0,1,0,0,0,0,0,0,0,0,0,1,0,0,0,0,0,0,0,0,0,0,0,0,0,0,0,0,0,0,0,0,0,0,0,0,0,0,0,0,0,0,3
java.lang.NumberFormatException: multiple points
linha fdp!!!!
0.222611,0.877778,0.393939,0.322119,0.3488370.245123,0.936111,0.348485,0.269148,0.383721,0.141633,0.645669,0.795276,0.681102,0.175798,0,0,0,1,0,0,0,0,0,0,0,0,0,1,0,0,0,0,0,0,0,0,0,0,0,0,0,0,0,0,0,0,0,0,0,0,0,0,0,0,0,0,0,0,6
java.lang.NumberFormatException: multiple points
linha fdp!!!!
0.300.204602,0.741667,0.393939,0.04796,0.25323,0.0718,0.570866,0.944882,0.897638,0.245086,0,0,0,1,0,0,0,1,0,0,0,0,0,0,0,0,0,0,0,0,0,0,0,0,0,0,0,0,0,0,0,0,0,0,0,0,0,0,0,0,0,0,0,0,3
java.lang.NumberFormatException: multiple points
linha fdp!!!!
0.508754,0.30.49925,0.863889,0.075758,0,0.223514,0.35647,0.811024,0.929134,0.665354,0.05688,0,0,1,0,0,0,0,0,0,0,0,0,0,0,0,0,0,0,0,0,0,0,0,0,0,0,1,0,0,0,0,0,0,0,0,0,0,0,0,0,0,0,0,0,10.501251,0.825,0.19697,0,0.223514,0.358297,0.724409,0.929134,0.755906,0.055765,0,0,1,0,0,0,0,0,0,0,0,0,0,0,0,0,0,0,0,0,0,0,0,0,0,0,1,0,0,0,0,0,0,0,0,0,0,0,0,0,0,0,0,0,2
java.lang.NumberFormatException: multiple points
linha fdp!!!!
0.561781,0.166667,0.151515,0.184681,0.255814,0.362934,0.897638,0.862205,0.484252,0.20.654327,0.416667,0.333333,0.128848,0.242894,0.160461,0.952756,0.92126,0.433071,0.330127,1,0,0,0,0,0,0,0,0,0,0,0,0,0,0,0,0,0,0,0,0,0,0,0,0,0,0,0,0,0,0,0,1,0,0,0,0,0,0,0,0,0,0,0,1
java.lang.NumberFormatException: multiple points
linha fdp!!!!
0.563782,0.897222,0.348485,0.115963,0.286820.498249,0.752778,0.212121,0.400859,0.406977,0.03597,0.716535,0.96063,0.791339,0.249408,0,0,1,0,0,0,0,0,0,0,0,0,0,1,0,0,0,0,0,0,0,0,0,0,0,0,0,0,0,0,0,0,0,0,0,0,0,0,0,0,0,0,0,0,20.501751,0.761111,0.212121,0.421618,0.414729,0.037656,0.720472,0.956693,0.783465,0.246062,0,0,1,0,0,0,0,0,0,0,0,0,0,1,0,0,0,0,0,0,0,0,0,0,0,0,0,0,0,0,0,0,0,0,0,0,0,0,0,0,0,0,0,0,2
java.lang.NumberFormatException: multiple points
linha fdp!!!!
0.0.676338,0.269444,0.287879,0.167502,0.290698,0.119994,0.972441,0.826772,0.334646,0.113621,0,0,1,0,0,0,0,0,0,0,0,0,0,0,0,0,0,0,0,0,0,0,0,0,0,0,0,0,0,0,0,0,0,0,0,0,0,0,0,0,0,0,1,0,7
java.lang.NumberFormatException: multiple points
linha fdp!!!!
0.709355,0.277778,0.333333,0.182534,0.284238,0.13812,0.984252,0.807087,0.283465,0.14700.528264,0.341667,0.227273,0.107373,0.26615,0.231839,0.96063,0.897638,0.433071,0.287467,0,0,1,0,0,0,0,0,0,0,0,0,0,0,0,0,0,0,0,0,0,0,0,0,0,0,0,0,0,0,0,0,0,0,1,0,0,0,0,0,0,0,0,0,2
java.lang.NumberFormatException: multiple points
linha fdp!!!!
0.54027,0.905556,0.272727,0.136006,0.295866,0.274132,0.685039,0.858268,0.720472,0.320.510755,0.680556,0.333333,0.171797,0.351421,0.161023,0.665354,0.988189,0.84252,0.244528,0,0,1,0,0,0,0,1,0,0,0,0,0,0,0,0,0,0,0,0,0,0,0,0,0,0,0,0,0,0,0,0,0,0,0,0,0,0,0,0,0,0,0,0,2
java.lang.NumberFormatException: multiple points
linha fdp!!!!
0.72730.447724,0.213889,0.19697,0.107373,0.280362,0.182942,0.929134,0.846457,0.42126,0.211348,0,0,1,0,0,0,0,0,0,0,0,0,0,0,1,0,0,0,0,0,0,0,0,0,0,0,0,0,0,0,0,0,0,0,0,0,0,0,0,0,0,0,0,0,2
java.lang.NumberFormatException: multiple points
linha fdp!!!!
0.446723,0.719444,0.469697,0.14388,0.30.761881,0.227778,0.151515,0.486757,0.348837,0.272446,0.92126,0.874016,0.468504,0.252893,1,0,0,0,0,0,0,0,0,0,0,0,0,0,0,0,0,0,0,0,0,0,0,0,0,0,0,0,0,0,0,0,0,0,0,0,0,0,0,0,0,1,0,0,1
java.lang.NumberFormatException: multiple points
linha fdp!!!!
0.727364,0.272222,0.257576,0.224050.633317,0.708333,0.181818,0.214746,0.260982,0.256428,0.755906,0.972441,0.759843,0.367768,0,0,1,0,0,0,0,0,0,0,0,0,0,0,0,0,0,0,0,0,0,0,0,0,0,0,0,0,0,0,0,0,0,0,0,1,0,0,0,0,0,0,0,0,2
java.lang.NumberFormatException: multiple points
linha fdp!!!!
0.787394,0.138889,0.363636,0.021475,0.222222,0.46143,0.8770.776388,0.094444,0.287879,0.09592,0.23385,0.462554,0.84252,0.767717,0.437008,0.326642,1,0,0,0,0,0,0,0,0,0,0,0,0,0,0,0,0,0,0,0,0,0,0,0,0,0,0,0,0,0,0,0,0,0,0,0,0,0,0,0,1,0,0,0,7
java.lang.NumberFormatException: multiple points
linha fdp!!!!
0.646823,0.097222,0.151515,0.303508,0.27261,0.406491,0.862205,0.80.633317,0.6,0.060606,0.042949,0.228682,0.341436,0.846457,0.96063,0.649606,0.301408,0,0,1,0,0,0,0,0,0,0,0,0,0,0,0,0,0,0,0,0,0,0,0,0,0,0,0,0,0,0,0,0,0,0,0,1,0,0,0,0,0,0,0,0,10.633817,0.433333,0.075758,0.042949,0.229974,0.337783,0.885827,0.944882,0.590551,0.303499,0,0,1,0,0,0,0,0,0,0,0,0,0,0,0,0,0,0,0,0,0,0,0,0,0,0,0,0,0,0,0,0,0,0,0,1,0,0,0,0,0,0,0,0,1
java.lang.NumberFormatException: multiple points
linha fdp!!!!
0.372186,0.9888890.510255,0.988889,0.19697,0.271296,0.251938,0.283546,0.779528,0.850394,0.610236,0.223616,0,0,1,0,0,0,0,0,0,0,0,0,0,0,0,0,0,0,0,0,0,0,0,0,0,0,0,0,0,0,0,0,0,0,1,0,0,0,0,0,0,0,0,0,2
java.lang.NumberFormatException: multiple points
linha fdp!!!!
0.618309,0.494444,0.121212,0.299213,0.297158,0.297597,0.88189,0.90.546773,0.083333,0.181818,0.626342,0.422481,0.374175,0.850394,0.84252,0.519685,0.092848,0,0,1,0,0,0,0,0,0,0,0,0,0,0,0,0,0,0,0,0,0,0,0,0,0,0,0,0,0,0,0,0,0,0,1,0,0,0,0,0,0,0,0,0,2
java.lang.NumberFormatException: multiple points
linha fdp!!!!
0.577789,0.111111,0.257576,0.859699,0.50.426213,0.15,0.439394,0.042949,0.260982,0.226359,0.877953,0.653543,0.228346,0.16353,0,0,1,0,0,0,0,0,0,0,0,0,0,0,0,0,0,0,0,0,0,0,0,0,0,0,0,0,0,0,0,0,0,0,0,0,1,0,0,0,0,0,0,0,2
java.lang.NumberFormatException: multiple points
linha fdp!!!!
0.529265,0.230556,0.393939,0.171797,0.229974,0.11325,0.960.575788,0.330556,0.181818,0.386543,0.27907,0.384572,0.944882,0.901575,0.46063,0.357312,0,0,1,0,0,0,0,0,0,0,0,0,0,0,0,0,0,0,0,0,0,0,0,0,0,0,0,0,0,1,0,0,0,0,0,0,0,0,0,0,0,0,0,0,2
java.lang.NumberFormatException: multiple points
linha fdp!!!!
0.60.542771,0.708333,0.242424,0.721546,0.582687,0.351553,0.708661,0.976378,0.807087,0.206329,0,0,1,0,0,0,0,0,0,0,0,0,0,0,0,0,1,0,0,0,0,0,0,0,0,0,0,0,0,0,0,0,0,0,0,0,0,0,0,0,0,0,0,0,2
java.lang.NumberFormatException: multiple points
linha fdp!!!!
0.676338,0.927778,0.212121,0,0.223514,0.20.549775,0.863889,0.242424,0.279885,0.27261,0.405789,0.688976,0.893701,0.751969,0.053534,0,0,1,0,0,0,0,0,0,0,0,0,0,0,0,0,0,0,0,0,0,0,0,0,0,0,0,0,0,0,0,0,0,0,0,0,1,0,0,0,0,0,0,0,10.553277,0.916667,0.272727,0.269148,0.281654,0.409302,0.688976,0.850394,0.704724,0.05688,0,0,1,0,0,0,0,0,0,0,0,0,0,0,0,0,0,0,0,0,0,0,0,0,0,0,0,0,0,0,0,0,0,0,0,0,1,0,0,0,0,0,0,0,1
java.lang.NumberFormatException: multiple points
linha fdp!!!!
0.705353,0.520.609305,0.958333,0.181818,0.300644,0.307494,0.35352,0.771654,0.870079,0.641732,0.162833,0,0,1,0,0,0,0,0,0,0,0,0,0,0,0,0,0,0,0,0,0,0,0,0,0,0,1,0,0,0,0,0,0,0,0,0,0,0,0,0,0,0,0,0,1
java.lang.NumberFormatException: multiple points
linha fdp!!!!
0.68084,0.710.527264,0.794444,0.439394,0.19184,0.313953,0.380919,0.5,0.88189,0.905512,0.100516,0,0,1,0,0,0,0,0,0,0,0,0,0,0,0,0,1,0,0,0,0,0,0,0,0,0,0,0,0,0,0,0,0,0,0,0,0,0,0,0,0,0,0,0,2
java.lang.NumberFormatException: multiple points
linha fdp!!!!
0.705353,0.208333,0.212121,0.578382,0.466408,0.205143,0.929134,0.838583,0.413386,0.40.458229,0.002778,0.30303,0.042949,0.258398,0.293944,0.732283,0.775591,0.570866,0.142479,0,0,1,0,0,0,0,0,0,0,0,0,0,0,0,0,0,0,0,0,0,0,0,0,0,0,0,0,0,0,0,0,0,0,0,0,1,0,0,0,0,0,0,0,2
java.lang.NumberFormatException: multiple points
linha fdp!!!!
0.67230.606803,0.672222,0.19697,0.448103,0.224806,0.383729,0.767717,0.984252,0.755906,0.151122,0,0,1,0,0,0,0,0,0,0,0,0,0,0,0,0,0,0,0,0,0,0,0,0,0,0,0,0,0,0,0,0,0,0,0,1,0,0,0,0,0,0,0,0,1
java.lang.NumberFormatException: multiple points
linha fdp!!!!
0.646823,0.586111,0.318182,0.259127,0.385013,0.446950.622811,0.275,0.106061,0.45884,0.260982,0.177041,0.917323,0.905512,0.511811,0.370277,0,0,1,0,0,0,0,0,0,0,0,0,0,0,0,0,0,0,0,0,0,0,0,0,0,0,0,0,0,0,0,0,0,0,0,0,1,0,0,0,0,0,0,0,2
java.lang.NumberFormatException: multiple points
linha fdp!!!!
0.651826,0.233333,0.136364,0.18325,0.29845,0.407194,0.917323,0.885827,0.492126,0.20.55928,0.416667,0.227273,0.042949,0.224806,0.214978,0.937008,0.937008,0.496063,0.345602,0,0,1,0,0,0,0,0,0,0,0,0,0,0,0,0,0,0,0,0,0,0,0,0,0,1,0,0,0,0,0,0,0,0,0,0,0,0,0,0,0,0,0,0,20.557279,0.497222,0.19697,0.021475,0.22093,0.211184,0.885827,0.976378,0.598425,0.348808,0,0,1,0,0,0,0,0,0,0,0,0,0,0,0,0,0,0,0,0,0,0,0,0,0,1,0,0,0,0,0,0,0,0,0,0,0,0,0,0,0,0,0,0,2
java.lang.NumberFormatException: multiple points
linha fdp!!!!
0.703352,0.983333,0.136364,0.451682,0.47416,0.484193,0.807087,0.88189,0.618110.596298,0.858333,0.045455,0.077309,0.237726,0.38963,0.826772,0.933071,0.649606,0.129932,0,0,1,0,0,0,0,0,0,0,0,0,0,0,0,0,0,0,0,0,0,0,0,0,0,0,1,0,0,0,0,0,0,0,0,0,0,0,0,0,0,0,0,0,10.593797,0.230556,0.090909,0.04796,0.223514,0.392019,0.901575,0.905512,0.531496,0.121567,0,0,1,0,0,0,0,0,0,0,0,0,0,0,0,0,0,0,0,0,0,0,0,0,0,0,1,0,0,0,0,0,0,0,0,0,0,0,0,0,0,0,0,0,1
java.lang.NumberFormatException: multiple points
linha fdp!!!!
0.60880.61931,0.825,0.075758,0.042949,0.22739,0.367149,0.807087,0.937008,0.677165,0.084623,0,0,1,0,0,0,0,0,0,0,0,0,0,0,0,0,0,0,0,0,0,0,0,0,0,0,1,0,0,0,0,0,0,0,0,0,0,0,0,0,0,0,0,0,1
java.lang.NumberFormatException: multiple points
linha fdp!!!!
0.627814,0.008333,0.227273,0.279885,0.25323,0.201068,0.779528,0.80.653327,0.125,0.242424,0.299213,0.290698,0.27357,0.877953,0.80315,0.437008,0.480691,0,0,1,0,0,0,0,0,0,0,0,0,0,0,0,0,0,0,0,0,0,0,0,0,0,0,0,0,0,0,0,0,0,0,1,0,0,0,0,0,0,0,0,0,10.650825,0.1,0.181818,0.292054,0.284238,0.269777,0.862205,0.834646,0.5,0.479994,0,0,1,0,0,0,0,0,0,0,0,0,0,0,0,0,0,0,0,0,0,0,0,0,0,0,0,0,0,0,0,0,0,0,1,0,0,0,0,0,0,0,0,0,1
java.lang.NumberFormatException: multiple points
linha fdp!!!!
0.708354,0.0.796898,0.325,0.30303,0.299213,0.294574,0.316847,0.984252,0.858268,0.34252,0.486407,1,0,0,0,0,0,0,0,0,0,0,0,0,0,0,0,0,0,0,0,0,0,0,0,0,0,0,0,0,0,0,0,0,0,0,0,0,0,0,0,0,0,0,1,7
java.lang.NumberFormatException: multiple points
linha fdp!!!!
0.69935,0.005556,0.242424,0.107373,0.218346,0.5980.693847,0.216667,0.151515,0.042949,0.22093,0.2154,0.92126,0.870079,0.464567,0.385613,1,0,0,0,0,0,0,0,0,0,0,0,0,0,0,0,0,0,0,0,0,0,0,0,0,1,0,0,0,0,0,0,0,0,0,0,0,0,0,0,0,0,0,0,1
java.lang.NumberFormatException: multiple points
linha fdp!!!!
0.690345,0.35,0.121212,0.030064,0.228682,0.0.701351,0.088889,0.227273,0.463851,0.373385,0.32879,0.850394,0.807087,0.480315,0.32943,0,0,1,0,0,0,0,0,0,0,0,0,0,0,0,0,0,0,0,0,0,0,0,0,0,0,0,1,0,0,0,0,0,0,0,0,0,0,0,0,0,0,0,0,10.698849,0.091667,0.242424,0.468862,0.364341,0.32598,0.846457,0.807087,0.476378,0.328872,0,0,1,0,0,0,0,0,0,0,0,0,0,0,0,0,0,0,0,0,0,0,0,0,0,0,0,1,0,0,0,0,0,0,0,0,0,0,0,0,0,0,0,0,1
java.lang.NumberFormatException: multiple points
linha fdp!!!!
0.724362,0.477778,0.19697,0.121689,0.25969,0.490.693847,0.675,0.19697,0.312813,0.299742,0.427427,0.767717,0.984252,0.755906,0.140248,0,0,1,0,0,0,0,0,0,0,0,0,0,0,0,0,0,0,0,0,0,0,0,0,0,0,0,0,0,0,0,0,0,0,0,1,0,0,0,0,0,0,0,0,2
java.lang.NumberFormatException: multiple points
linha fdp!!!!
0.730865,0.927778,0.212121,0.28630.627814,0.95,0.090909,0.2398,0.258398,0.194042,0.818898,0.909449,0.637795,0.175798,0,1,0,0,0,0,0,0,0,0,0,0,0,0,0,0,0,0,0,0,0,0,0,0,0,0,1,0,0,0,0,0,0,0,0,0,0,0,0,0,0,0,0,0,10.628314,0.969444,0.090909,0.221188,0.257106,0.198258,0.822835,0.905512,0.625984,0.176077,0,1,0,0,0,0,0,0,0,0,0,0,0,0,0,0,0,0,0,0,0,0,0,0,0,0,0,1,0,0,0,0,0,0,0,0,0,0,0,0,0,0,0,0,2
java.lang.NumberFormatException: multiple points
linha fdp!!!!
0.568280.567784,0.583333,0.333333,0.151754,0.337209,0.373472,0.775591,1,0.724409,0.23937,0,0,1,0,0,0,0,0,0,0,0,0,0,0,0,0,0,0,0,0,0,0,0,0,0,0,0,0,0,0,0,0,0,0,0,0,1,0,0,0,0,0,0,0,2
java.lang.NumberFormatException: multiple points
linha fdp!!!!
0.672836,0.119444,0.287879,0.077309,0.24031,0.218772,0.866142,0.7670.695348,0.005556,0.378788,0.382248,0.293282,0.139385,0.69685,0.724409,0.53937,0.220968,0,1,0,0,0,0,0,0,0,0,0,0,0,0,0,0,0,0,0,0,0,0,0,0,0,0,0,0,0,0,0,0,0,0,0,0,1,0,0,0,0,0,0,0,1
java.lang.NumberFormatException: multiple points
learning evaluation instances,Wall Time (Actual Time),Avg Delay (ms),outRate (inst/s),classified instances,classifications correct (percent),Kappa Statistic (percent),Kappa Temporal Statistic (percent),Kappa M Statistic (percent),F1 Score (percent),F1 Score for class 0 (percent),F1 Score for class 1 (percent),F1 Score for class 2 (percent),F1 Score for class 3 (percent),F1 Score for class 4 (percent),F1 Score for class 5 (percent),F1 Score for class 6 (percent),Precision (percent),Precision for class 0 (percent),Precision for class 1 (percent),Precision for class 2 (percent),Precision for class 3 (percent),Precision for class 4 (percent),Precision for class 5 (percent),Precision for class 6 (percent),Recall (percent),Recall for class 0 (percent),Recall for class 1 (percent),Recall for class 2 (percent),Recall for class 3 (percent),Recall for class 4 (percent),Recall for class 5 (percent),Recall for class 6 (percent),model training instances,model serialized size (bytes),ensemble size,[avg] model training instances,[err] model training instances,[avg] model serialized size (bytes),[err] model serialized size (bytes),[avg] tree size (nodes),[err] tree size (nodes),[avg] tree size (leaves),[err] tree size (leaves),[avg] active learning leaves,[err] active learning leaves,[avg] tree depth,[err] tree depth,[avg] active leaf byte size estimate,[err] active leaf byte size estimate,[avg] inactive leaf byte size estimate,[err] inactive leaf byte size estimate,[avg] byte size estimate overhead,[err] byte size estimate overhead
100000.0,600.0009765625,1671.0,166.66639709472656,99500.0,68.6110552763819,49.366265826112446,-221.3830006174112,38.4591133004926,51.30184017105557,1.4336917562724014,58.187163544625655,78.05987789814182,55.348922850303815,75.46296296296295,49.61187985150186,31.517960602549245,53.50554633714562,0.9331259720062209,74.64070940780756,68.85739370375016,58.848864526233356,69.59863364645602,54.083885209713024,47.576211894052975,49.272479222258866,3.0927835051546393,47.67733324652495,90.10154887680788,52.24191866527633,82.40647118301314,45.82294264339152,23.564356435643564,0.0,1.0,25.0,104928.24000000002,77210.91287089324,1.0,0.0,18.68,14.05560386465128,8.040000000000001,7.519308478842985,8.040000000000001,7.519308478842985,3.679999999999999,3.171750305430741,0.0,0.0,0.0,0.0,1.0,0.0
