Connected!
linha fdp!!!!
0.645323,0.330556,0.333333,0.2398,0.133075,0.1980.747374,0.875,0.090909,0.021475,0.228682,0.70437,0.799213,0.925197,0.673228,0.506483,0,0,1,0,0,0,0,0,0,0,0,0,0,0,0,0,0,0,0,0,0,0,0,0,0,0,0,0,0,0,0,0,0,0,0,0,0,0,0,0,0,1,0,0,7
java.lang.NumberFormatException: multiple points
linha fdp!!!!
0.565783,0.05,0.106061,0.03000.470735,0.491667,0.30303,0.271296,0.445736,0.42827,0.889764,0.972441,0.570866,0.205632,0,0,1,0,0,0,0,1,0,0,0,0,0,0,0,0,0,0,0,0,0,0,0,0,0,0,0,0,0,0,0,0,0,0,0,0,0,0,0,0,0,0,0,0,30.418709,0.369444,0.136364,0.021475,0.223514,0.270058,0.925197,0.929134,0.519685,0.033738,0,0,1,0,0,0,0,0,0,0,0,0,0,1,0,0,0,0,0,0,0,0,0,0,0,0,0,0,0,0,0,0,0,0,0,0,0,0,0,0,0,0,0,0,3
java.lang.NumberFormatException: multiple points
linha fdp!!!!
0.317159,0.041667,0.257576,0.042949,0.23385,0.211184,0.795276,0.791339,0.523622,0.120.363182,0.586111,0.272727,0.32713,0.310078,0.31755,0.795276,1,0.716535,0.046703,0,0,1,0,0,0,0,1,0,0,0,0,0,0,0,0,0,0,0,0,0,0,0,0,0,0,0,0,0,0,0,0,0,0,0,0,0,0,0,0,0,0,0,0,30.374687,0.088889,0.19697,0.215462,0.363049,0.25418,0.850394,0.826772,0.5,0.118082,0,0,1,0,0,0,0,0,0,0,0,0,0,1,0,0,0,0,0,0,0,0,0,0,0,0,0,0,0,0,0,0,0,0,0,0,0,0,0,0,0,0,0,0,6
java.lang.NumberFormatException: multiple points
linha fdp!!!!
0.108054,0.563889,0.393939,0.121689,0.29845,0.079247,0.775591,0.990.073037,0.788889,0.439394,0.021475,0.249354,0.021076,0.511811,0.893701,0.905512,0.076816,0,0,0,1,0,0,0,1,0,0,0,0,0,0,0,0,0,0,0,0,0,0,0,0,0,0,0,0,0,0,0,0,0,0,0,0,0,0,0,0,0,0,0,0,3
java.lang.NumberFormatException: multiple points
linha fdp!!!!
0.367184,0.863889,0.30.368684,0.022222,0.030303,0.115963,0.223514,0.038218,0.854331,0.925197,0.610236,0.85306,1,0,0,0,0,0,0,0,0,0,0,0,0,0,0,0,0,0,0,0,0,0,0,0,0,0,0,0,0,0,0,0,1,0,0,0,0,0,0,0,0,0,0,0,20.366683,0.275,0.090909,0.125268,0.218346,0.034003,0.909449,0.909449,0.527559,0.851248,1,0,0,0,0,0,0,0,0,0,0,0,0,0,0,0,0,0,0,0,0,0,0,0,0,0,0,0,0,0,0,0,1,0,0,0,0,0,0,0,0,0,0,0,2
java.lang.NumberFormatException: multiple points
linha fdp!!!!
0.408704,0.338889,0.106061,0.060845,0.250646,0.238162,0.917323,0.9210.495748,0.155556,0.075758,0,0.223514,0.690038,0.877953,0.901575,0.555118,0.616897,1,0,0,0,0,0,0,0,0,0,0,0,0,0,0,0,0,0,0,0,0,0,0,0,0,0,0,0,0,0,0,0,1,0,0,0,0,0,0,0,0,0,0,0,20.494247,0.080556,0.090909,0,0.223514,0.685823,0.858268,0.893701,0.570866,0.621079,1,0,0,0,0,0,0,0,0,0,0,0,0,0,0,0,0,0,0,0,0,0,0,0,0,0,0,0,0,0,0,0,1,0,0,0,0,0,0,0,0,0,0,0,2
java.lang.NumberFormatException: multiple points
linha fdp!!!!
0.50.448224,0.041667,0.045455,0.198282,0.263566,0.356049,0.854331,0.917323,0.606299,0.949254,1,0,0,0,0,0,0,0,0,0,0,0,0,0,0,1,0,0,0,0,0,0,0,0,0,0,0,0,0,0,0,0,0,0,0,0,0,0,0,0,0,0,0,0,2
java.lang.NumberFormatException: multiple points
linha fdp!!!!
0.6008,0.080556,0.121212,0.19184,0.25323,0.935928,0.854331,0.874016,0.551181,0.390.432716,0.952778,0.257576,0.04796,0.245478,0.311227,0.724409,0.834646,0.653543,0.887495,1,0,0,0,0,0,0,0,0,0,0,0,0,0,0,0,0,0,0,0,0,0,0,0,0,0,0,0,0,0,0,0,1,0,0,0,0,0,0,0,0,0,0,0,2
java.lang.NumberFormatException: multiple points
linha fdp!!!!
0.460.543272,0.327778,0.121212,0.198282,0.303618,0.775608,0.92126,0.917323,0.511811,0.553883,1,0,0,0,0,0,0,0,0,0,0,0,0,0,0,0,0,0,0,0,0,0,0,0,0,0,0,0,0,0,0,0,1,0,0,0,0,0,0,0,0,0,0,0,2
java.lang.NumberFormatException: multiple points
linha fdp!!!!
0.49925,0.219444,0.121212,0.391553,0.295866,0.504848,0.909449,0.889764,0.503930.505753,0.375,0.075758,0.394417,0.286822,0.531544,0.897638,0.937008,0.566929,0.827966,1,0,0,0,0,0,0,0,0,0,0,0,0,0,0,1,0,0,0,0,0,0,0,0,0,0,0,0,0,0,0,0,0,0,0,0,0,0,0,0,0,0,0,0,2
java.lang.NumberFormatException: multiple points
linha fdp!!!!
0.581291,0.013889,0.121212,0,0.223514,0.925249,0.826772,0.88189,0.50.476238,0.425,0.257576,0.068003,0.25323,0.44752,0.937008,0.940945,0.488189,0.903527,1,0,0,0,0,0,0,0,0,0,0,0,0,0,0,0,0,0,0,0,0,0,0,0,0,0,0,0,0,0,0,0,0,1,0,0,0,0,0,0,0,0,0,0,20.472736,0.375,0.242424,0.060845,0.248062,0.443867,0.96063,0.909449,0.440945,0.900181,1,0,0,0,0,0,0,0,0,0,0,0,0,0,0,0,0,0,0,0,0,0,0,0,0,0,0,0,0,0,0,0,0,1,0,0,0,0,0,0,0,0,0,0,2
java.lang.NumberFormatException: multiple points
linha fdp!!!!
0.50075,0.783333,0.348485,0.00.375688,0.233333,0.075758,0.077309,0.26615,0.232823,0.893701,0.909449,0.547244,0.622055,1,0,0,0,0,0,0,0,0,0,0,0,0,0,0,0,0,0,0,0,0,0,0,0,0,0,0,0,0,0,0,0,1,0,0,0,0,0,0,0,0,0,0,0,20.373687,0.263889,0.136364,0.090909,0.258398,0.22931,0.92126,0.893701,0.488189,0.619824,1,0,0,0,0,0,0,0,0,0,0,0,0,0,0,0,0,0,0,0,0,0,0,0,0,0,0,0,0,0,0,0,1,0,0,0,0,0,0,0,0,0,0,0,2
java.lang.NumberFormatException: multiple points
linha fdp!!!!
0.507254,0.283333,0.393939,0.100.476238,0.961111,0.136364,0.125268,0.25323,0.444429,0.799213,0.889764,0.633858,0.863237,1,0,0,0,0,0,0,0,0,0,0,0,0,0,0,1,0,0,0,0,0,0,0,0,0,0,0,0,0,0,0,0,0,0,0,0,0,0,0,0,0,0,0,0,2
java.lang.NumberFormatException: multiple points
linha fdp!!!!
0.620.617309,0.525,0.212121,0.090909,0.249354,0.857805,0.866142,0.984252,0.629921,0.317998,1,0,0,0,0,0,0,0,0,0,0,0,0,0,0,0,0,0,0,0,0,0,0,0,0,0,0,0,0,0,0,0,1,0,0,0,0,0,0,0,0,0,0,0,1
java.lang.NumberFormatException: multiple points
linha fdp!!!!
0.425213,0.013889,0.136364,0,0.223514,0.348321,0.822835,0.80.564782,0.266667,0.106061,0.273443,0.414729,0.835886,0.913386,0.905512,0.515748,0.578001,1,0,0,0,0,0,0,0,0,0,0,0,0,0,0,0,0,0,0,0,0,0,0,0,0,0,0,0,0,0,0,0,1,0,0,0,0,0,0,0,0,0,0,0,20.563282,0.341667,0.227273,0.258411,0.410853,0.831952,0.96063,0.897638,0.433071,0.581765,1,0,0,0,0,0,0,0,0,0,0,0,0,0,0,0,0,0,0,0,0,0,0,0,0,0,0,0,0,0,0,0,1,0,0,0,0,0,0,0,0,0,0,0,2
java.lang.NumberFormatException: multiple points
linha fdp!!!!
0.591296,0.30830.487744,0.316667,0.136364,0.156049,0.22739,0.508641,0.929134,0.909449,0.492126,0.88861,1,0,0,0,0,0,0,0,0,0,0,0,0,0,0,1,0,0,0,0,0,0,0,0,0,0,0,0,0,0,0,0,0,0,0,0,0,0,0,0,0,0,0,0,2
java.lang.NumberFormatException: multiple points
linha fdp!!!!
0.420710.372686,0.119444,0.242424,0.429492,0.251938,0.167908,0.870079,0.80315,0.444882,0.553743,1,0,0,0,0,0,0,0,0,0,0,0,0,0,0,0,0,0,0,0,0,0,0,0,0,0,0,0,0,0,0,0,1,0,0,0,0,0,0,0,0,0,0,0,2
java.lang.NumberFormatException: multiple points
linha fdp!!!!
0.645323,0.313889,0.333333,0.303508,0.351421,0.66400.536768,0.886111,0.393939,0.137437,0.350129,0.760152,0.562992,0.807087,0.775591,0.680887,1,0,0,0,0,0,0,0,0,0,0,0,0,0,0,0,0,0,0,0,0,0,0,0,0,0,0,1,0,0,0,0,0,0,0,0,0,0,0,0,0,0,0,0,2
java.lang.NumberFormatException: multiple points
linha fdp!!!!
0.533767,0.238889,0.151515,0.250537,0.270026,0.6130.572786,0.608333,0.19697,0.319256,0.333333,0.789097,0.807087,0.992126,0.716535,0.423533,1,0,0,0,0,0,0,0,0,0,0,0,0,0,0,0,0,0,0,0,0,0,0,0,0,0,0,0,0,0,0,0,1,0,0,0,0,0,0,0,0,0,0,0,2
java.lang.NumberFormatException: multiple points
linha fdp!!!!
0.428714,0.0.425213,0.325,0.060606,0.204009,0.241602,0.295771,0.893701,0.929134,0.562992,0.600586,1,0,0,0,0,0,0,0,0,0,0,0,0,0,0,0,0,0,0,0,0,0,0,0,0,0,1,0,0,0,0,0,0,0,0,0,0,0,0,0,0,0,0,0,2
java.lang.NumberFormatException: multiple points
linha fdp!!!!
0.430215,0.8,0.015152,0.171797,0.22739,0.3205,0.850394,0.930.572786,0.152778,0.287879,0.090909,0.251938,0.721652,0.897638,0.767717,0.362205,0.371532,1,0,0,0,0,0,0,0,0,0,0,0,0,0,0,0,0,0,0,0,0,0,0,0,0,0,0,0,0,0,0,0,1,0,0,0,0,0,0,0,0,0,0,0,1
java.lang.NumberFormatException: multiple points
linha fdp!!!!
0.551776,0.019444,0.166667,0.250537,0.27907,0.650836,0.814961,0.8580.509755,0.963889,0.166667,0.085898,0.25323,0.513981,0.779528,0.874016,0.637795,0.770389,1,0,0,0,0,0,0,0,0,0,0,0,0,0,0,0,0,0,0,0,0,0,0,0,0,0,0,0,0,0,0,0,1,0,0,0,0,0,0,0,0,0,0,0,2
java.lang.NumberFormatException: multiple points
linha fdp!!!!
0.577789,0.055556,0.19697,0.405154,0.346253,0.72376,0.830709,0.834646,0.535433,0.0.442721,0.041667,0.106061,0.060845,0.232558,0.355346,0.84252,0.885827,0.582677,0.613133,1,0,0,0,0,0,0,0,0,0,0,0,0,0,0,1,0,0,0,0,0,0,0,0,0,0,0,0,0,0,0,0,0,0,0,0,0,0,0,0,0,0,0,0,2
java.lang.NumberFormatException: multiple points
linha fdp!!!!
0.556778,0.125,0.257576,0.228346,0.299742,0.648588,0.874016,0.787400.435718,0.383333,0.090909,0.405154,0.270026,0.19882,0.905512,0.937008,0.555118,0.380176,1,0,0,0,0,0,0,0,0,0,0,0,0,0,0,1,0,0,0,0,0,0,0,0,0,0,0,0,0,0,0,0,0,0,0,0,0,0,0,0,0,0,0,0,2
java.lang.NumberFormatException: multiple points
linha fdp!!!!
0.556778,0.661111,0.090909,0.482462,0.325581,0.858648,0.822835,0.90.566283,0.716667,0.181818,0.554044,0.350129,0.845862,0.755906,0.972441,0.759843,0.850411,1,0,0,0,0,0,0,0,0,0,0,0,0,0,0,0,0,0,0,0,0,0,0,0,0,0,0,0,0,0,0,0,1,0,0,0,0,0,0,0,0,0,0,0,20.568284,0.666667,0.136364,0.566929,0.355297,0.84263,0.799213,0.976378,0.720472,0.853757,1,0,0,0,0,0,0,0,0,0,0,0,0,0,0,0,0,0,0,0,0,0,0,0,0,0,0,0,0,0,0,0,1,0,0,0,0,0,0,0,0,0,0,0,2
java.lang.NumberFormatException: multiple points
linha fdp!!!!
0.33560.336168,0.191667,0.045455,0.09592,0.223514,0.085289,0.877953,0.917323,0.570866,0.10665,1,0,0,0,0,0,0,0,0,0,0,0,0,0,0,0,0,0,0,0,0,0,0,0,0,0,1,0,0,0,0,0,0,0,0,0,0,0,0,0,0,0,0,0,2
java.lang.NumberFormatException: multiple points
linha fdp!!!!
0.331166,0.410.561781,0.019444,0.181818,0.030064,0.228682,0.555993,0.807087,0.846457,0.57874,0.753799,1,0,0,0,0,0,0,0,0,0,0,0,0,0,0,0,0,0,0,0,0,0,0,0,0,0,0,0,0,0,0,0,1,0,0,0,0,0,0,0,0,0,0,0,20.55978,0.047222,0.19697,0.04796,0.219638,0.558662,0.818898,0.830709,0.543307,0.755751,1,0,0,0,0,0,0,0,0,0,0,0,0,0,0,0,0,0,0,0,0,0,0,0,0,0,0,0,0,0,0,0,1,0,0,0,0,0,0,0,0,0,0,0,2
java.lang.NumberFormatException: multiple points
linha fdp!!!!
0.687844,0.141667,0.151515,0.128848,0.260982,0.424477,0.885827,0.0.556778,0.775,0.106061,0.395848,0.319121,0.814107,0.787402,0.948819,0.712598,0.826432,1,0,0,0,0,0,0,0,0,0,0,0,0,0,0,0,0,0,0,0,0,0,0,0,0,0,0,0,0,0,0,0,1,0,0,0,0,0,0,0,0,0,0,0,2
java.lang.NumberFormatException: multiple points
linha fdp!!!!
0.546770.661831,0.483333,0.212121,0.030064,0.232558,0.421245,0.893701,0.968504,0.582677,0.714485,1,0,0,0,0,0,0,0,0,0,0,0,0,0,0,0,0,0,0,0,0,0,0,0,0,0,0,0,0,0,0,0,1,0,0,0,0,0,0,0,0,0,0,0,1
java.lang.NumberFormatException: multiple points
linha fdp!!!!
0.532766,0.3,0.121212,0.077309,0.229974,0.637207,0.925197,0.909449,0.503937,0.6044890.571286,0.972222,0.075758,0.021475,0.223514,0.758325,0.826772,0.909449,0.625984,0.640876,1,0,0,0,0,0,0,0,0,0,0,0,0,0,0,0,0,0,0,0,0,0,0,1,0,0,0,0,0,0,0,0,0,0,0,0,0,0,0,0,0,0,0,0,1
java.lang.NumberFormatException: multiple points
linha fdp!!!!
0.422711,0.772222,0.045455,0.125268,0.224806,0.231839,0.80.597799,0.158333,0.166667,0.151754,0.30491,0.791907,0.897638,0.850394,0.472441,0.647149,1,0,0,0,0,0,0,0,0,0,0,0,0,0,0,0,0,0,0,0,0,0,0,0,0,0,0,0,0,0,0,0,1,0,0,0,0,0,0,0,0,0,0,0,2
java.lang.NumberFormatException: multiple points
linha fdp!!!!
0.572786,0.266667,0.212121,0.167502,0.280362,0.707321,0.0.422211,0.388889,0.121212,0.19184,0.268734,0.214978,0.917323,0.937008,0.53937,0.105813,1,0,0,0,0,0,0,0,0,0,0,0,0,0,0,0,0,0,0,0,0,0,0,0,0,0,0,0,0,0,0,0,0,1,0,0,0,0,0,0,0,0,0,0,2
java.lang.NumberFormatException: multiple points
linha fdp!!!!
0.522261,0.041667,0.075758,0.3801,0.275194,0.539834,0.850394,0.905512,0.50.46023,0.144444,0.151515,0.107373,0.245478,0.437403,0.889764,0.858268,0.492126,0.337795,1,0,0,0,0,0,0,0,0,0,0,0,0,0,0,1,0,0,0,0,0,0,0,0,0,0,0,0,0,0,0,0,0,0,0,0,0,0,0,0,0,0,0,0,2
java.lang.NumberFormatException: multiple points
linha fdp!!!!
0.521261,0.49440.338669,0.177778,0.227273,0.107373,0.244186,0.063229,0.917323,0.818898,0.409449,0.070961,1,0,0,0,0,0,0,0,0,0,0,0,0,0,0,1,0,0,0,0,0,0,0,0,0,0,0,0,0,0,0,0,0,0,0,0,0,0,0,0,0,0,0,0,2
java.lang.NumberFormatException: multiple points
linha fdp!!!!
0.555278,0.111110.602801,0.102778,0.136364,0.328561,0.301034,0.807925,0.866142,0.866142,0.531496,0.578001,1,0,0,0,0,0,0,0,0,0,0,0,0,0,0,0,0,0,0,0,0,0,0,0,0,0,0,0,0,0,0,0,1,0,0,0,0,0,0,0,0,0,0,0,1
java.lang.NumberFormatException: multiple points
linha fdp!!!!
0.467234,0.413889,0.242424,0.0.41971,0.022222,0.272727,0.085898,0.25969,0.287902,0.771654,0.795276,0.547244,0.264464,1,0,0,0,0,0,0,0,0,0,0,0,0,0,0,0,0,0,0,0,0,0,0,0,0,0,0,0,0,0,0,0,1,0,0,0,0,0,0,0,0,0,0,0,2
java.lang.NumberFormatException: multiple points
linha fdp!!!!
0.472236,0.3,0.181818,0.212598,0.262274,0.312351,0.944882,0.889760.465733,0.3,0.030303,0.156049,0.245478,0.291274,0.870079,0.933071,0.594488,0.346299,1,0,0,0,0,0,0,0,0,0,0,0,0,0,0,1,0,0,0,0,0,0,0,0,0,0,0,0,0,0,0,0,0,0,0,0,0,0,0,0,0,0,0,0,2
java.lang.NumberFormatException: multiple points
linha fdp!!!!
0.564782,0.625,0.136364,0.0.556778,0.488889,0.090909,0.2398,0.268734,0.562597,0.88189,0.956693,0.606299,0.317998,1,0,0,0,0,0,0,0,0,0,0,0,0,0,0,1,0,0,0,0,0,0,0,0,0,0,0,0,0,0,0,0,0,0,0,0,0,0,0,0,0,0,0,0,2
java.lang.NumberFormatException: multiple points
linha fdp!!!!
0.50.568284,0.419444,0.121212,0.303508,0.329457,0.608683,0.909449,0.944882,0.555118,0.282169,1,0,0,0,0,0,0,0,0,0,0,0,0,0,0,1,0,0,0,0,0,0,0,0,0,0,0,0,0,0,0,0,0,0,0,0,0,0,0,0,0,0,0,0,2
java.lang.NumberFormatException: multiple points
linha fdp!!!!
0.414707,0.005556,0.212121,0.151754,0.222222,0.134186,0.0.391196,0.702778,0.121212,0.042949,0.217054,0.097091,0.795276,0.968504,0.716535,0.226405,1,0,0,0,0,0,0,0,0,0,0,0,0,0,0,0,0,0,0,0,0,0,0,0,0,0,1,0,0,0,0,0,0,0,0,0,0,0,0,0,0,0,0,0,2
java.lang.NumberFormatException: multiple points
linha fdp!!!!
0.422711,0.3,0.045455,0.282749,0.219638,0.166784,0.885827,0.920.452726,0.536111,0.348485,0.042949,0.248062,0.425039,0.830709,0.988189,0.641732,0.266695,1,0,0,0,0,0,0,0,0,0,0,0,0,0,0,0,0,0,0,0,0,0,0,0,0,0,0,0,0,0,0,0,0,1,0,0,0,0,0,0,0,0,0,0,2
java.lang.NumberFormatException: multiple points
learning evaluation instances,Wall Time (Actual Time),Avg Delay (ms),outRate (inst/s),classified instances,classifications correct (percent),Kappa Statistic (percent),Kappa Temporal Statistic (percent),Kappa M Statistic (percent),F1 Score (percent),F1 Score for class 0 (percent),F1 Score for class 1 (percent),F1 Score for class 2 (percent),F1 Score for class 3 (percent),F1 Score for class 4 (percent),F1 Score for class 5 (percent),F1 Score for class 6 (percent),Precision (percent),Precision for class 0 (percent),Precision for class 1 (percent),Precision for class 2 (percent),Precision for class 3 (percent),Precision for class 4 (percent),Precision for class 5 (percent),Precision for class 6 (percent),Recall (percent),Recall for class 0 (percent),Recall for class 1 (percent),Recall for class 2 (percent),Recall for class 3 (percent),Recall for class 4 (percent),Recall for class 5 (percent),Recall for class 6 (percent),model training instances,model serialized size (bytes),ensemble size,[avg] model training instances,[err] model training instances,[avg] model serialized size (bytes),[err] model serialized size (bytes),[avg] tree size (nodes),[err] tree size (nodes),[avg] tree size (leaves),[err] tree size (leaves),[avg] active learning leaves,[err] active learning leaves,[avg] tree depth,[err] tree depth,[avg] active leaf byte size estimate,[err] active leaf byte size estimate,[avg] inactive leaf byte size estimate,[err] inactive leaf byte size estimate,[avg] byte size estimate overhead,[err] byte size estimate overhead
83700.0,600.030029296875,217.0,139.49301147460938,83650.0,86.50567842199641,72.16168391356612,-61.349342481418056,58.35301062573789,65.74286740808513,1.7699115044247788,76.0984325509624,91.62407847331188,64.47725218439288,84.3480533054612,72.65193370165746,60.889395667046756,67.31583196822395,14.285714285714285,77.76794112764898,90.8334057530199,59.643255295429206,80.01983143282102,74.63110102156641,74.02957486136785,64.24173506543713,0.9433962264150944,74.49909890808863,92.42863711930954,70.16393442622952,89.17127071823204,70.77502691065662,51.71078114912847,0.0,1.0,25.0,2034.6799999999998,2088.4127489555312,1.0,0.0,1.3600000000000003,0.8602325267042628,1.16,0.47258156262526085,1.16,0.47258156262526085,0.19999999999999998,0.408248290463863,0.0,0.0,0.0,0.0,1.0,0.0
