Connected!
linha fdp!!!!
0.124062,0.430556,0.620.082041,0.230556,0.439394,0.021475,0.242894,0.050724,0.964567,0.692913,0,0.063711,0,0,0,1,0,0,0,0,0,0,0,0,0,1,0,0,0,0,0,0,0,0,0,0,0,0,0,0,0,0,0,0,0,0,0,0,0,0,0,0,0,0,0,0,40.076038,0.161111,0.136364,0,0.223514,0.053674,0.893701,0.874016,0.507874,0.062178,0,0,0,1,0,0,0,0,0,0,0,0,0,0,0,0,0,0,0,0,1,0,0,0,0,0,0,0,0,0,0,0,0,0,0,0,0,0,0,0,0,0,0,0,4
java.lang.NumberFormatException: multiple points
linha fdp!!!!
0.110055,0.727778,0.030.149075,0.119444,0.560606,0.04796,0.264858,0.169453,0.783465,0.523622,0.153543,0.142758,0,0,0,1,0,0,0,0,0,0,0,0,0,1,0,0,0,0,0,0,0,0,0,0,0,0,0,0,0,0,0,0,0,0,0,0,0,0,0,0,0,0,0,0,30.223112,0.366667,0.363636,0.369363,0.406977,0.203457,0.984252,0.862205,0.322835,0.140248,0,0,0,1,0,1,0,0,0,0,0,0,0,0,0,0,0,0,0,0,0,0,0,0,0,0,0,0,0,0,0,0,0,0,0,0,0,0,0,0,0,0,0,0,4
java.lang.NumberFormatException: multiple points
linha fdp!!!!
0.129565,0.313889,0.333333,0.021475,0.0.22011,0.252778,0.181818,0.202577,0.405685,0.203035,0.937008,0.870079,0.437008,0.121985,0,0,0,1,0,0,1,0,0,0,0,0,0,0,0,0,0,0,0,0,0,0,0,0,0,0,0,0,0,0,0,0,0,0,0,0,0,0,0,0,0,0,0,0,4
java.lang.NumberFormatException: multiple points
linha fdp!!!!
0.212606,0.272222,0.454545,0.150.250625,0.275,0.393939,0.214746,0.397933,0.076015,0.992126,0.759843,0.208661,0.24634,0,0,0,1,0,0,1,0,0,0,0,0,0,0,0,0,0,0,0,0,0,0,0,0,0,0,0,0,0,0,0,0,0,0,0,0,0,0,0,0,0,0,0,0,4
java.lang.NumberFormatException: multiple points
linha fdp!!!!
0.776388,0.3,0.151515,0.455261,0.453488,0.296473,0.933071,0.901575,0.480315,0.20.435718,0.080556,0.181818,0.24481,0.289406,0.336378,0.850394,0.84252,0.523622,0.26056,0,0,1,0,0,0,0,0,0,0,0,0,0,0,0,0,0,0,0,0,0,0,0,0,0,0,0,0,0,0,0,0,0,0,0,1,0,0,0,0,0,0,0,0,60.412206,0.194444,0.333333,0.077309,0.264858,0.299845,0.933071,0.748031,0.287402,0.280357,0,0,1,0,0,0,0,0,0,0,0,0,0,1,0,0,0,0,0,0,0,0,0,0,0,0,0,0,0,0,0,0,0,0,0,0,0,0,0,0,0,0,0,0,6
java.lang.NumberFormatException: multiple points
linha fdp!!!!
0.314157,0.463889,0.424242,0.156049,0.354005,0.034003,0.901575,0.933071,0.468504,0.120.417209,0.266667,0.454545,0.128848,0.22739,0.375439,0.988189,0.720472,0.149606,0.924997,1,0,0,0,0,0,0,0,0,0,0,0,0,0,0,0,0,0,0,0,0,0,0,0,0,0,0,0,0,0,0,0,0,1,0,0,0,0,0,0,0,0,0,0,2
java.lang.NumberFormatException: multiple points
linha fdp!!!!
0.368184,0.294444,0.060606,0.163207,0.222222,0.0.387694,0.916667,0.530303,0,0.223514,0.358297,0.456693,0.688976,0.728346,0.941168,1,0,0,0,0,0,0,0,0,0,0,0,0,0,0,0,0,0,0,0,0,0,0,0,0,0,0,0,0,0,0,0,0,1,0,0,0,0,0,0,0,0,0,0,20.392696,0.947222,0.590909,0.021475,0.262274,0.354082,0.452756,0.606299,0.629921,0.945351,1,0,0,0,0,0,0,0,0,0,0,0,0,0,0,0,0,0,0,1,0,0,0,0,0,0,0,0,0,0,0,0,0,0,0,0,0,0,0,0,0,0,0,0,2
java.lang.NumberFormatException: multiple points
linha fdp!!!!
0.466233,0.894444,0.287879,0.042949,0.251930.433217,0.063889,0.090909,0.182534,0.254522,0.294366,0.850394,0.893701,0.57874,0.861146,1,0,0,0,0,0,0,0,0,0,0,0,0,0,0,1,0,0,0,0,0,0,0,0,0,0,0,0,0,0,0,0,0,0,0,0,0,0,0,0,0,0,0,0,2
java.lang.NumberFormatException: multiple points
linha fdp!!!!
0.432716,0.230556,0.121212,0.20.34067,0.263889,0.121212,0.221188,0.223514,0.169875,0.92126,0.897638,0.496063,0.672801,1,0,0,0,0,0,0,0,0,0,0,0,0,0,0,0,0,0,0,0,0,1,0,0,0,0,0,0,0,0,0,0,0,0,0,0,0,0,0,0,0,0,0,0,2
java.lang.NumberFormatException: multiple points
linha fdp!!!!
0.577789,0.405556,0.106061,0.198282,0.236434,0.854855,0.9050.447724,0.911111,0.090909,0.021475,0.22739,0.380919,0.811024,0.917323,0.653543,0.894326,1,0,0,0,0,0,0,0,0,0,0,0,0,0,0,1,0,0,0,0,0,0,0,0,0,0,0,0,0,0,0,0,0,0,0,0,0,0,0,0,0,0,0,0,20.447224,0.925,0.015152,0,0.223514,0.377125,0.850394,0.933071,0.622047,0.891259,1,0,0,0,0,0,0,0,0,0,0,0,0,0,0,0,0,0,0,1,0,0,0,0,0,0,0,0,0,0,0,0,0,0,0,0,0,0,0,0,0,0,0,0,2
java.lang.NumberFormatException: multiple points
linha fdp!!!!
0.638819,0.777778,0.242424,0.322835,0.20801,0.88675,0.685039,0.944882,0.80.476238,0.855556,0.378788,0.021475,0.24031,0.696501,0.562992,0.846457,0.818898,0.655514,1,0,0,0,0,0,0,0,0,0,0,0,0,0,0,0,0,0,0,0,0,0,0,0,0,0,0,0,0,0,0,0,1,0,0,0,0,0,0,0,0,0,0,0,20.484242,0.847222,0.439394,0.030064,0.25323,0.692427,0.5,0.822835,0.850394,0.659557,1,0,0,0,0,0,0,0,0,0,0,0,0,0,0,0,0,0,0,0,0,0,0,0,0,0,0,0,0,0,0,0,1,0,0,0,0,0,0,0,0,0,0,0,2
java.lang.NumberFormatException: multiple points
linha fdp!!!!
0.509255,0.063889,0.272727,0.365784,0.333330.492746,0.302778,0.151515,0.198282,0.25323,0.51651,0.937008,0.901575,0.476378,0.863237,1,0,0,0,0,0,0,0,0,0,0,0,0,0,0,1,0,0,0,0,0,0,0,0,0,0,0,0,0,0,0,0,0,0,0,0,0,0,0,0,0,0,0,0,20.489245,0.469444,0.060606,0.19184,0.248062,0.508922,0.874016,0.948819,0.606299,0.871323,1,0,0,0,0,0,0,0,0,0,0,0,0,0,0,1,0,0,0,0,0,0,0,0,0,0,0,0,0,0,0,0,0,0,0,0,0,0,0,0,0,0,0,0,2
java.lang.NumberFormatException: multiple points
linha fdp!!!!
0.543272,0.175,0.212121,0.453110.361681,0.05,0.075758,0.257695,0.250646,0.182942,0.850394,0.905512,0.594488,0.58051,1,0,0,0,0,0,0,0,0,0,0,0,0,0,0,0,0,0,0,0,0,1,0,0,0,0,0,0,0,0,0,0,0,0,0,0,0,0,0,0,0,0,0,0,20.361181,0.161111,0.060606,0.257695,0.25969,0.179711,0.877953,0.905512,0.562992,0.578419,1,0,0,0,0,0,0,0,0,0,0,0,0,0,0,0,0,0,0,0,0,1,0,0,0,0,0,0,0,0,0,0,0,0,0,0,0,0,0,0,0,0,0,0,2
java.lang.NumberFormatException: multiple points
linha fdp!!!!
0.50.581291,0.125,0.060606,0.354331,0.20801,0.927779,0.870079,0.909449,0.574803,0.50467,1,0,0,0,0,0,0,0,0,0,0,0,0,0,0,0,0,0,0,0,0,0,0,0,0,0,0,0,0,0,0,0,1,0,0,0,0,0,0,0,0,0,0,0,1
java.lang.NumberFormatException: multiple points
linha fdp!!!!
0.0.682841,0.244444,0.090909,0.375089,0.290698,0.603204,0.905512,0.901575,0.523622,0.250941,1,0,0,0,0,0,0,0,0,0,0,0,0,0,0,0,0,0,0,0,0,0,0,0,0,0,0,0,0,0,0,0,1,0,0,0,0,0,0,0,0,0,0,0,1
java.lang.NumberFormatException: multiple points
linha fdp!!!!
0.60.430715,0.883333,0.090909,0.060845,0.228682,0.346916,0.80315,0.925197,0.665354,0.643246,1,0,0,0,0,0,0,0,0,0,0,0,0,0,0,1,0,0,0,0,0,0,0,0,0,0,0,0,0,0,0,0,0,0,0,0,0,0,0,0,0,0,0,0,2
java.lang.NumberFormatException: multiple points
linha fdp!!!!
0.423212,0.569444,0.166667,0.107373,0.248062,0.219193,0.0.554777,0.894444,0.348485,0.212598,0.359173,0.848391,0.614173,0.826772,0.751969,0.662345,1,0,0,0,0,0,0,0,0,0,0,0,0,0,0,0,0,0,0,0,0,0,0,0,0,0,0,1,0,0,0,0,0,0,0,0,0,0,0,0,0,0,0,0,20.558279,0.916667,0.348485,0.228346,0.379845,0.844597,0.629921,0.807087,0.716535,0.66583,1,0,0,0,0,0,0,0,0,0,0,0,0,0,0,0,0,0,0,0,0,0,0,0,0,0,0,1,0,0,0,0,0,0,0,0,0,0,0,0,0,0,0,0,2
java.lang.NumberFormatException: multiple points
linha fdp!!!!
0.586293,0.60.511256,0.044444,0.227273,0.163207,0.257106,0.505972,0.811024,0.818898,0.53937,0.748083,1,0,0,0,0,0,0,0,0,0,0,0,0,0,0,0,0,0,0,0,0,0,0,0,0,0,0,0,0,0,0,0,1,0,0,0,0,0,0,0,0,0,0,0,20.510755,0.052778,0.212121,0.173228,0.258398,0.501756,0.822835,0.826772,0.535433,0.744598,1,0,0,0,0,0,0,0,0,0,0,0,0,0,0,0,0,0,0,0,0,0,0,0,0,0,0,0,0,0,0,0,1,0,0,0,0,0,0,0,0,0,0,0,2
java.lang.NumberFormatException: multiple points
linha fdp!!!!
0.527264,0.180556,0.19697,0.09592,0.262274,0.609526,0.913386,0.84252,0.440945,0.8710.43922,0.105556,0.075758,0,0.223514,0.363074,0.866142,0.897638,0.566929,0.624843,1,0,0,0,0,0,0,0,0,0,0,0,0,0,0,0,0,0,0,0,0,0,0,1,0,0,0,0,0,0,0,0,0,0,0,0,0,0,0,0,0,0,0,0,2
java.lang.NumberFormatException: multiple points
linha fdp!!!!
0.506253,0.194444,0.333333,0.115963,0.27907,0.0.342171,0.083333,0.227273,0.171797,0.248062,0.054798,0.84252,0.811024,0.488189,0.405967,1,0,0,0,0,0,0,0,0,0,0,0,0,0,0,0,0,0,0,0,0,0,0,0,0,0,0,0,0,0,0,0,1,0,0,0,0,0,0,0,0,0,0,0,20.33967,0.097222,0.227273,0.171797,0.244186,0.050864,0.854331,0.807087,0.468504,0.404015,1,0,0,0,0,0,0,0,0,0,0,0,0,0,0,0,0,0,0,0,0,0,0,0,0,0,0,0,0,0,0,0,1,0,0,0,0,0,0,0,0,0,0,0,2
java.lang.NumberFormatException: multiple points
linha fdp!!!!
0.447224,0.836111,0.045455,0.085898,0.219638,0.319938,0.830709,0.937008,0.649606,0.530.528764,0.483333,0.151515,0.173228,0.244186,0.77898,0.889764,0.964567,0.598425,0.656629,1,0,0,0,0,0,0,0,0,0,0,0,0,0,0,0,0,0,0,0,0,0,0,0,0,0,0,0,0,0,0,0,0,1,0,0,0,0,0,0,0,0,0,0,20.528764,0.5,0.136364,0.154617,0.244186,0.781509,0.88189,0.968504,0.610236,0.659557,1,0,0,0,0,0,0,0,0,0,0,0,0,0,0,0,0,0,0,0,0,0,0,0,0,0,0,0,0,0,0,0,0,1,0,0,0,0,0,0,0,0,0,0,2
java.lang.NumberFormatException: multiple points
linha fdp!!!!
0.568284,0.591660.526763,0.330556,0.257576,0.04796,0.242894,0.525783,0.968504,0.877953,0.393701,0.711697,1,0,0,0,0,0,0,0,0,0,0,0,0,0,0,0,0,0,0,0,0,0,0,0,0,0,0,0,0,0,0,0,0,1,0,0,0,0,0,0,0,0,0,0,10.522261,0.322222,0.19697,0.030064,0.231266,0.521709,0.952756,0.893701,0.437008,0.707933,1,0,0,0,0,0,0,0,0,0,0,0,0,0,0,0,0,0,0,0,0,0,0,0,0,0,0,0,0,0,0,0,0,1,0,0,0,0,0,0,0,0,0,0,1
java.lang.NumberFormatException: multiple points
linha fdp!!!!
0.468734,0.277778,0.19697,0.221188,0.281654,0.245469,0.948819,0.8740.609305,0.144444,0.227273,0.510379,0.431525,0.610791,0.893701,0.811024,0.425197,0.55458,1,0,0,0,0,0,0,0,0,0,0,0,0,0,0,0,0,0,0,0,0,0,0,0,0,0,0,0,0,0,0,0,1,0,0,0,0,0,0,0,0,0,0,0,1
java.lang.NumberFormatException: multiple points
linha fdp!!!!
0.522261,0.313889,0.0757580.558279,0.05,0.030303,0.300644,0.29199,0.598145,0.854331,0.92126,0.606299,0.753799,1,0,0,0,0,0,0,0,0,0,0,0,0,0,0,1,0,0,0,0,0,0,0,0,0,0,0,0,0,0,0,0,0,0,0,0,0,0,0,0,0,0,0,0,2
java.lang.NumberFormatException: multiple points
linha fdp!!!!
0.530.503752,0.055556,0.075758,0.085898,0.23385,0.426022,0.854331,0.901575,0.590551,0.55458,1,0,0,0,0,0,0,0,0,0,0,0,0,0,0,0,0,0,0,0,0,0,0,0,0,0,0,0,0,0,0,0,0,1,0,0,0,0,0,0,0,0,0,0,2
java.lang.NumberFormatException: multiple points
linha fdp!!!!
0.664832,0.155556,0.075758,0.42940.569785,0.4,0.181818,0.167502,0.270026,0.685261,0.933071,0.937008,0.507874,0.812491,1,0,0,0,0,0,0,0,0,0,0,0,0,0,0,0,0,0,0,0,0,0,0,0,0,0,0,0,0,0,0,0,0,1,0,0,0,0,0,0,0,0,0,0,2
java.lang.NumberFormatException: multiple points
linha fdp!!!!
0.577789,0.697222,0.0.543272,0.844444,0.151515,0.150322,0.235142,0.608262,0.755906,0.925197,0.720472,0.709048,1,0,0,0,0,0,0,0,0,0,0,0,0,0,0,0,0,0,0,0,0,0,0,0,0,0,0,0,0,0,0,0,1,0,0,0,0,0,0,0,0,0,0,0,20.550275,0.938889,0.045455,0.156049,0.25323,0.600534,0.84252,0.925197,0.629921,0.700962,1,0,0,0,0,0,0,0,0,0,0,0,0,0,0,0,0,0,0,0,0,0,0,0,0,0,0,0,0,0,0,0,1,0,0,0,0,0,0,0,0,0,0,0,2
java.lang.NumberFormatException: multiple points
linha fdp!!!!
0.656828,0.094444,0.151515,0.064424,0.0.56078,0.247222,0.136364,0.423049,0.280362,0.587186,0.92126,0.885827,0.480315,0.65872,1,0,0,0,0,0,0,0,0,0,0,0,0,0,0,1,0,0,0,0,0,0,0,0,0,0,0,0,0,0,0,0,0,0,0,0,0,0,0,0,0,0,0,0,20.558279,0.241667,0.136364,0.432355,0.273902,0.583251,0.92126,0.885827,0.484252,0.654677,1,0,0,0,0,0,0,0,0,0,0,0,0,0,0,1,0,0,0,0,0,0,0,0,0,0,0,0,0,0,0,0,0,0,0,0,0,0,0,0,0,0,0,0,2
java.lang.NumberFormatException: multiple points
linha fdp!!!!
0.541771,0.402778,0.060606,0.30136,0.0.546273,0.4,0.106061,0.394417,0.27261,0.556836,0.905512,0.940945,0.559055,0.619267,1,0,0,0,0,0,0,0,0,0,0,0,0,0,0,1,0,0,0,0,0,0,0,0,0,0,0,0,0,0,0,0,0,0,0,0,0,0,0,0,0,0,0,0,2
java.lang.NumberFormatException: multiple points
linha fdp!!!!
0.538769,0.625,0.030303,0.387258,0.25323,0.486441,0.850394,0.9488190.531766,0.455556,0.136364,0.269148,0.244186,0.617114,0.897638,0.956693,0.57874,0.815419,1,0,0,0,0,0,0,0,0,0,0,0,0,0,0,0,0,0,0,0,0,0,0,0,0,0,0,0,0,0,0,0,1,0,0,0,0,0,0,0,0,0,0,0,20.531766,0.425,0.106061,0.259127,0.244186,0.620065,0.901575,0.944882,0.570866,0.817789,1,0,0,0,0,0,0,0,0,0,0,0,0,0,0,0,0,0,0,0,0,0,0,0,0,0,0,0,0,0,0,0,1,0,0,0,0,0,0,0,0,0,0,0,2
java.lang.NumberFormatException: multiple points
linha fdp!!!!
0.561781,0.075,0.060606,0.27917,0.223514,0.670086,0.858268,0.9055120.474237,0.361111,0.106061,0.259127,0.289406,0.293523,0.913386,0.929134,0.535433,0.271853,1,0,0,0,0,0,0,0,0,0,0,0,0,0,0,1,0,0,0,0,0,0,0,0,0,0,0,0,0,0,0,0,0,0,0,0,0,0,0,0,0,0,0,0,20.472236,0.380556,0.136364,0.2398,0.284238,0.291274,0.92126,0.933071,0.523622,0.26781,1,0,0,0,0,0,0,0,0,0,0,0,0,0,0,1,0,0,0,0,0,0,0,0,0,0,0,0,0,0,0,0,0,0,0,0,0,0,0,0,0,0,0,0,2
java.lang.NumberFormatException: multiple points
linha fdp!!!!
0.475238,0.147222,0.030303,0.107373,0.240.555778,0.566667,0.121212,0.173228,0.24677,0.625825,0.850394,0.972441,0.653543,0.660533,1,0,0,0,0,0,0,0,0,0,0,0,0,0,0,0,0,0,0,0,0,0,0,0,0,0,0,0,0,0,0,0,1,0,0,0,0,0,0,0,0,0,0,0,2
java.lang.NumberFormatException: multiple points
linha fdp!!!!
0.587794,0.730556,0.257576,0.494630.513757,0.45,0.030303,0.021475,0.222222,0.562597,0.866142,0.940945,0.610236,0.55681,1,0,0,0,0,0,0,0,0,0,0,0,0,0,0,0,0,0,0,0,0,0,0,0,0,0,1,0,0,0,0,0,0,0,0,0,0,0,0,0,0,0,0,0,20.514757,0.191667,0.045455,0,0.223514,0.559084,0.877953,0.917323,0.570866,0.552628,1,0,0,0,0,0,0,0,0,0,0,0,0,0,0,0,0,0,0,0,0,0,0,0,0,0,1,0,0,0,0,0,0,0,0,0,0,0,0,0,0,0,0,0,2
java.lang.NumberFormatException: multiple points
linha fdp!!!!
0.512256,0.1,0.151515,0.156049,0.237726,0.504145,0.862205,0.854331,0.5190.538769,0.136111,0.060606,0.064424,0.213178,0.500351,0.874016,0.905512,0.566929,0.886519,1,0,0,0,0,0,0,0,0,0,0,0,0,0,0,0,0,0,0,0,0,0,0,1,0,0,0,0,0,0,0,0,0,0,0,0,0,0,0,0,0,0,0,0,1
java.lang.NumberFormatException: multiple points
linha fdp!!!!
0.569785,0.172222,0.227273,0.2280.541771,0.386111,0.227273,0,0.223514,0.489813,0.952756,0.92126,0.46063,0.889586,1,0,0,0,0,0,0,0,0,0,0,0,0,0,0,0,0,0,0,0,0,0,0,0,0,0,0,0,0,0,0,0,1,0,0,0,0,0,0,0,0,0,0,0,2
java.lang.NumberFormatException: multiple points
linha fdp!!!!
0.577789,0.219444,0.227273,0.163207,0.277778,0.72362,0.9409450.587794,0.575,0.045455,0.163207,0.262274,0.768582,0.854331,0.952756,0.633858,0.597518,1,0,0,0,0,0,0,0,0,0,0,0,0,0,0,0,0,0,0,0,0,0,0,0,0,0,0,0,0,0,0,0,0,1,0,0,0,0,0,0,0,0,0,0,10.589295,0.569444,0.181818,0.173228,0.26615,0.764929,0.838583,0.988189,0.673228,0.595846,1,0,0,0,0,0,0,0,0,0,0,0,0,0,0,0,0,0,0,0,0,0,0,0,0,0,0,0,0,0,0,0,0,1,0,0,0,0,0,0,0,0,0,0,1
java.lang.NumberFormatException: multiple points
linha fdp!!!!
0.550275,0.70.578289,0.183333,0.090909,0.214746,0.27261,0.677954,0.889764,0.897638,0.53937,0.498676,1,0,0,0,0,0,0,0,0,0,0,0,0,0,0,0,0,0,0,0,0,0,0,0,0,0,0,0,0,0,0,0,1,0,0,0,0,0,0,0,0,0,0,0,2
java.lang.NumberFormatException: multiple points
linha fdp!!!!
0.524762,0.341667,0.242420.527264,0.319444,0.060606,0.204009,0.236434,0.66573,0.893701,0.929134,0.566929,0.630141,1,0,0,0,0,0,0,0,0,0,1,0,0,0,0,0,0,0,0,0,0,0,0,0,0,0,0,0,0,0,0,0,0,0,0,0,0,0,0,0,0,0,0,0,20.525263,0.316667,0.090909,0.18325,0.231266,0.669805,0.913386,0.917323,0.531496,0.627074,1,0,0,0,0,0,0,0,0,0,0,1,0,0,0,0,0,0,0,0,0,0,0,0,0,0,0,0,0,0,0,0,0,0,0,0,0,0,0,0,0,0,0,0,2
java.lang.NumberFormatException: multiple points
linha fdp!!!!
0.507754,0.083333,0.151515,0.0644240.453227,0.030556,0.19697,0.136006,0.27907,0.355487,0.811024,0.838583,0.562992,0.341419,1,0,0,0,0,0,0,0,0,0,0,0,0,0,0,0,0,0,0,0,0,0,0,0,0,0,0,0,0,0,0,0,1,0,0,0,0,0,0,0,0,0,0,0,2
java.lang.NumberFormatException: multiple points
linha fdp!!!!
0.45923,0.938889,0.166667,0.09592,0.251938,0.432486,0.767717,0.88189,0.660.403702,0.316667,0.272727,0.322119,0.293282,0.104117,0.976378,0.858268,0.358268,0.205075,1,0,0,0,0,0,0,0,0,0,0,0,0,0,0,0,0,0,0,0,0,0,0,0,0,0,0,0,0,0,0,0,0,1,0,0,0,0,0,0,0,0,0,0,20.3997,0.330556,0.212121,0.304939,0.282946,0.100183,0.96063,0.893701,0.425197,0.204238,1,0,0,0,0,0,0,0,0,0,0,0,0,0,0,0,0,0,0,0,0,0,0,0,0,0,0,0,0,0,0,0,0,1,0,0,0,0,0,0,0,0,0,0,2
java.lang.NumberFormatException: multiple points
linha fdp!!!!
0.587794,0.552778,0.212121,0.578382,0.268734,0.792609,0.8460.427214,0.1,0.136364,0.231926,0.22093,0.164817,0.866142,0.870079,0.535433,0.250662,1,0,0,0,0,0,0,0,0,0,0,0,0,0,0,1,0,0,0,0,0,0,0,0,0,0,0,0,0,0,0,0,0,0,0,0,0,0,0,0,0,0,0,0,2
java.lang.NumberFormatException: multiple points
linha fdp!!!!
0.376188,0.944444,0.439394,0.077309,0.270026,0.113953,0.57874,0.72830.563282,0.333333,0.075758,0.215462,0.28553,0.587748,0.901575,0.925197,0.551181,0.280496,1,0,0,0,0,0,0,0,0,0,0,0,0,0,0,1,0,0,0,0,0,0,0,0,0,0,0,0,0,0,0,0,0,0,0,0,0,0,0,0,0,0,0,0,2
java.lang.NumberFormatException: multiple points
linha fdp!!!!
0.413707,0.505556,0.454545,0.021475,0.224806,0.255160.566283,0.85,0.121212,0.274875,0.317829,0.644513,0.775591,0.925197,0.700787,0.271853,1,0,0,0,0,0,0,0,0,0,0,0,0,0,0,1,0,0,0,0,0,0,0,0,0,0,0,0,0,0,0,0,0,0,0,0,0,0,0,0,0,0,0,0,20.568284,0.813889,0.060606,0.287759,0.324289,0.640298,0.822835,0.940945,0.661417,0.270877,1,0,0,0,0,0,0,0,0,0,0,0,0,0,0,1,0,0,0,0,0,0,0,0,0,0,0,0,0,0,0,0,0,0,0,0,0,0,0,0,0,0,0,0,2
java.lang.NumberFormatException: multiple points
linha fdp!!!!
0.527764,0.291667,0.121212,0.042949,0.228682,0.5245190.402201,0.944444,0.257576,0.021475,0.231266,0.284671,0.720472,0.84252,0.665354,0.376412,1,0,0,0,0,0,0,0,0,0,0,0,0,0,0,0,0,0,0,1,0,0,0,0,0,0,0,0,0,0,0,0,0,0,0,0,0,0,0,0,0,0,0,0,2
java.lang.NumberFormatException: multiple points
linha fdp!!!!
0.401201,0.90.390195,0.316667,0.136364,0.274875,0.20801,0.076296,0.925197,0.913386,0.503937,0.197268,1,0,0,0,0,0,0,0,0,0,0,0,0,0,0,1,0,0,0,0,0,0,0,0,0,0,0,0,0,0,0,0,0,0,0,0,0,0,0,0,0,0,0,0,2
java.lang.NumberFormatException: multiple points
linha fdp!!!!
0.397199,0.050.472236,0.502778,0.333333,0.115963,0.275194,0.510327,0.874016,0.972441,0.57874,0.19657,1,0,0,0,0,0,0,0,0,0,0,0,0,0,0,0,0,0,0,0,0,0,0,0,0,0,0,0,0,0,0,0,0,1,0,0,0,0,0,0,0,0,0,0,2
java.lang.NumberFormatException: multiple points
linha fdp!!!!
0.467234,0.955556,0.333333,0.24481,0.356589,0.348461,0.673228,0.791339,0.645669,0.300.507754,0.130556,0.363636,0.088762,0.26615,0.601377,0.870079,0.716535,0.326772,0.158929,1,0,0,0,0,0,0,0,0,0,0,0,0,0,0,0,0,0,0,0,0,0,0,0,0,0,0,0,0,0,0,0,1,0,0,0,0,0,0,0,0,0,0,0,20.502751,0.136111,0.333333,0.085898,0.275194,0.597443,0.877953,0.740157,0.350394,0.159208,1,0,0,0,0,0,0,0,0,0,0,0,0,0,0,0,0,0,0,0,0,0,0,0,0,0,0,0,0,0,0,0,1,0,0,0,0,0,0,0,0,0,0,0,2
java.lang.NumberFormatException: multiple points
linha fdp!!!!
0.547774,0.033333,0.181818,0.340.486243,0.925,0.075758,0.387258,0.321705,0.272587,0.818898,0.917323,0.645669,0.400669,1,0,0,0,0,0,0,0,0,0,0,0,0,0,0,0,0,0,0,0,0,0,0,0,0,0,0,0,0,0,0,0,1,0,0,0,0,0,0,0,0,0,0,0,20.488744,0.858333,0.151515,0.367215,0.328165,0.268934,0.755906,0.917323,0.716535,0.397323,1,0,0,0,0,0,0,0,0,0,0,0,0,0,0,0,0,0,0,0,0,0,0,0,0,0,0,0,0,0,0,0,1,0,0,0,0,0,0,0,0,0,0,0,2
java.lang.NumberFormatException: multiple points
linha fdp!!!!
0.564782,0.988889,0.151515,0.360057,0.333333,0.436139,0.80315,0.8779530.541771,0.555556,0.075758,0.128848,0.257106,0.687087,0.858268,0.96063,0.637795,0.27004,1,0,0,0,0,0,0,0,0,0,0,0,0,0,0,0,0,0,0,0,0,0,0,0,0,0,0,0,0,0,0,0,1,0,0,0,0,0,0,0,0,0,0,0,2
java.lang.NumberFormatException: multiple points
linha fdp!!!!
0.504252,0.197222,0.212121,0.287759,0.284238,0.302796,0.925197,0.838583,0.42126,0.3930.65983,0.125,0.181818,0.24481,0.307494,0.512997,0.877953,0.84252,0.484252,0.46201,1,0,0,0,0,0,0,0,0,0,0,0,0,0,0,0,0,0,0,0,0,0,0,0,0,0,0,0,0,0,0,0,1,0,0,0,0,0,0,0,0,0,0,0,1
java.lang.NumberFormatException: multiple points
linha fdp!!!!
0.638819,0.108333,0.151515,0.0950.533267,0.330556,0.136364,0.130279,0.251938,0.436139,0.925197,0.917323,0.503937,0.219016,1,0,0,0,0,0,0,0,0,0,0,0,0,0,0,0,0,0,0,0,0,0,0,0,0,0,0,0,0,0,0,0,1,0,0,0,0,0,0,0,0,0,0,0,10.531266,0.302778,0.166667,0.136006,0.24677,0.433469,0.944882,0.893701,0.456693,0.22264,1,0,0,0,0,0,0,0,0,0,0,0,0,0,0,0,0,0,0,0,0,0,0,0,0,0,0,0,0,0,0,0,1,0,0,0,0,0,0,0,0,0,0,0,1
java.lang.NumberFormatException: multiple points
BYTES READ -1
learning evaluation instances,Wall Time (Actual Time),Avg Delay (ms),outRate (inst/s),classified instances,classifications correct (percent),Kappa Statistic (percent),Kappa Temporal Statistic (percent),Kappa M Statistic (percent),F1 Score (percent),F1 Score for class 0 (percent),F1 Score for class 1 (percent),F1 Score for class 2 (percent),F1 Score for class 3 (percent),F1 Score for class 4 (percent),F1 Score for class 5 (percent),F1 Score for class 6 (percent),Precision (percent),Precision for class 0 (percent),Precision for class 1 (percent),Precision for class 2 (percent),Precision for class 3 (percent),Precision for class 4 (percent),Precision for class 5 (percent),Precision for class 6 (percent),Recall (percent),Recall for class 0 (percent),Recall for class 1 (percent),Recall for class 2 (percent),Recall for class 3 (percent),Recall for class 4 (percent),Recall for class 5 (percent),Recall for class 6 (percent),model training instances,model serialized size (bytes),ensemble size,change detections,[avg] model training instances,[err] model training instances,[avg] model serialized size (bytes),[err] model serialized size (bytes),[avg] tree size (nodes),[err] tree size (nodes),[avg] tree size (leaves),[err] tree size (leaves),[avg] active learning leaves,[err] active learning leaves,[avg] tree depth,[err] tree depth,[avg] active leaf byte size estimate,[err] active leaf byte size estimate,[avg] inactive leaf byte size estimate,[err] inactive leaf byte size estimate,[avg] byte size estimate overhead,[err] byte size estimate overhead
76000.0,599.4210205078125,10041.0,126.78901672363281,74000.0,89.45,79.27679085697399,-4.03784648187634,68.67803410230691,69.09194605246668,12.413793103448278,83.24683003744828,94.29019369847772,62.965858743810266,82.82647584973168,73.70568732466208,63.58885017421603,71.2847147276653,33.33333333333333,84.82393894765029,93.60189573459715,60.91780131114473,75.69482288828337,73.0166750884285,77.6045357902197,67.0300537829438,7.627118644067797,81.72729618163055,94.98868939656401,65.1564185544768,91.4417379855168,74.40782698249228,53.86128873585834,0.0,1.0,25.0,38.0,206723.8,150654.07066576948,1.0,0.0,91.56,67.03548811388387,46.28,33.57643022518425,46.28,33.57643022518425,10.040000000000001,5.078385570237849,0.0,0.0,0.0,0.0,1.0,0.0
