Connected!
linha fdp!!!!
0.0.5993,0.238889,0.30303,0.030064,0.24031,0.602782,0.96063,0.799213,0.311024,0.387425,1,0,0,0,0,0,0,0,0,0,0,0,0,0,0,0,0,0,0,0,0,0,0,0,0,0,0,0,0,0,0,0,1,0,0,0,0,0,0,0,0,0,0,0,1
java.lang.NumberFormatException: multiple points
linha fdp!!!!
0.673837,0.844444,0.100.655328,0.769444,0.363636,0.171797,0.332041,0.647183,0.590551,0.933071,0.877953,0.173986,1,0,0,0,0,0,0,0,0,0,0,0,0,0,0,0,0,0,0,0,0,0,0,0,0,1,0,0,0,0,0,0,0,0,0,0,0,0,0,0,0,0,0,0,10.649825,0.783333,0.090909,0.154617,0.22093,0.497682,0.80315,0.944882,0.688976,0.190436,1,0,0,0,0,0,0,0,0,0,0,0,0,0,0,0,0,0,0,0,0,0,0,0,0,0,0,0,0,0,0,0,1,0,0,0,0,0,0,0,0,0,0,0,1
java.lang.NumberFormatException: multiple points
linha fdp!!!!
0.643322,0.175,0.19697,0.259127,0.244186,0.0.08054,0.205556,0.272727,0.215462,0.299742,0.060419,0.940945,0.795276,0.346457,0.009341,0,0,0,1,0,0,0,0,1,0,0,0,0,0,0,0,0,0,0,0,0,0,0,0,0,0,0,0,0,0,0,0,0,0,0,0,0,0,0,0,0,0,0,0,30.49975,0.325,0.318182,0.202577,0.335917,0.081776,0.988189,0.850394,0.326772,0.16813,1,0,0,0,0,0,0,0,0,0,0,0,0,0,0,0,0,0,0,0,0,0,0,0,0,0,0,0,0,0,0,0,0,1,0,0,0,0,0,0,0,0,0,0,5
java.lang.NumberFormatException: multiple points
linha fdp!!!!
0.160.468734,0.772222,0.272727,0.194703,0.379845,0.310243,0.661417,0.944882,0.826772,0.034435,0,0,1,0,0,0,0,0,0,0,0,0,0,0,0,0,0,0,0,0,0,0,0,0,0,0,0,0,0,0,0,0,0,0,0,0,1,0,0,0,0,0,0,0,2
java.lang.NumberFormatException: multiple points
linha fdp!!!!
0.322161,0.970.612806,0,0,0.257695,0.271318,0.447098,0.858268,0.937008,0.614173,0.195176,0,0,1,0,0,0,0,0,0,0,0,0,0,0,0,0,0,0,0,0,0,0,0,0,0,0,0,0,0,0,0,0,0,0,0,1,0,0,0,0,0,0,0,0,20.710355,0.244444,0.181818,0.399427,0.368217,0.08276,0.937008,0.866142,0.433071,0.15154,0,0,1,0,0,0,0,0,0,0,0,0,0,0,0,0,0,0,0,0,0,0,0,0,0,0,0,0,0,0,0,0,0,0,0,0,0,0,0,0,0,0,1,0,7
java.lang.NumberFormatException: multiple points
linha fdp!!!!
0.456728,0.108333,0.151515,0.171797,0.29199,0.40888,0.870079,0.0.351176,0.066667,0.19697,0.021475,0.22739,0.130673,0.834646,0.834646,0.527559,0.896557,1,0,0,0,0,0,0,0,0,0,0,0,0,0,0,0,0,0,0,1,0,0,0,0,0,0,0,0,0,0,0,0,0,0,0,0,0,0,0,0,0,0,0,0,2
java.lang.NumberFormatException: multiple points
linha fdp!!!!
0.558279,0.555556,0.287879,0.068003,0.232558,0.840382,0.822835,0.9960630.530265,0.827778,0.166667,0.151754,0.366925,0.670648,0.744094,0.929134,0.740157,0.685905,1,0,0,0,0,0,0,0,0,0,0,0,0,0,0,0,0,0,0,0,0,0,0,0,0,0,0,0,0,0,0,0,1,0,0,0,0,0,0,0,0,0,0,0,1
java.lang.NumberFormatException: multiple points
linha fdp!!!!
0.62081,0.15,0.0900.541771,0.075,0.151515,0.303508,0.396641,0.657299,0.850394,0.862205,0.543307,0.711836,1,0,0,0,0,0,0,0,0,0,0,0,0,0,0,1,0,0,0,0,0,0,0,0,0,0,0,0,0,0,0,0,0,0,0,0,0,0,0,0,0,0,0,0,2
java.lang.NumberFormatException: multiple points
linha fdp!!!!
0.535268,0.316667,0.136364,0.228346,0.286822,0.620205,0.929134,0.9090.613807,0.488889,0.227273,0.151754,0.270026,0.843473,0.889764,0.972441,0.586614,0.311306,1,0,0,0,0,0,0,0,0,0,0,0,0,0,0,0,0,0,0,0,0,0,0,0,0,0,0,0,0,0,0,0,1,0,0,0,0,0,0,0,0,0,0,0,20.613807,0.436111,0.257576,0.137437,0.264858,0.844457,0.933071,0.944882,0.5,0.313397,1,0,0,0,0,0,0,0,0,0,0,0,0,0,0,0,0,0,0,0,0,0,0,0,0,0,0,0,0,0,0,0,1,0,0,0,0,0,0,0,0,0,0,0,2
java.lang.NumberFormatException: multiple points
linha fdp!!!!
0.376188,0.108333,0.212121,0.446671,0.251938,0.165941,0.866142,0.822835,0.0.609305,0.647222,0.136364,0.322119,0.204134,0.843895,0.807087,0.980315,0.708661,0.397044,1,0,0,0,0,0,0,0,0,0,0,0,0,0,0,0,0,0,0,0,0,0,0,0,0,0,0,0,0,0,0,0,1,0,0,0,0,0,0,0,0,0,0,0,2
java.lang.NumberFormatException: multiple points
linha fdp!!!!
0.556778,0.069444,0.227273,0.236936,0.29199,0.670367,0.830709,0.811024,0.503937,0.0.598299,0.155556,0.333333,0.021475,0.23385,0.698609,0.897638,0.744094,0.326772,0.399554,1,0,0,0,0,0,0,0,0,0,0,0,0,0,0,0,0,0,0,0,0,0,0,0,0,0,0,0,0,0,0,0,1,0,0,0,0,0,0,0,0,0,0,0,1
java.lang.NumberFormatException: multiple points
linha fdp!!!!
0.574787,0.625,0.00.413707,0.972222,0.121212,0,0.223514,0.223971,0.807087,0.889764,0.625984,0.462289,1,0,0,0,0,0,0,0,0,0,0,0,0,0,0,0,0,0,0,0,0,0,0,1,0,0,0,0,0,0,0,0,0,0,0,0,0,0,0,0,0,0,0,0,2
java.lang.NumberFormatException: multiple points
linha fdp!!!!
0.572786,0.0.487744,0.186111,0.060606,0.136006,0.242894,0.405367,0.877953,0.913386,0.566929,0.59487,1,0,0,0,0,0,0,0,0,0,0,0,0,0,0,0,0,0,0,0,0,0,0,0,0,0,0,0,0,0,0,0,1,0,0,0,0,0,0,0,0,0,0,0,20.486743,0.936111,0.030303,0.130279,0.24031,0.401293,0.846457,0.929134,0.625984,0.591245,1,0,0,0,0,0,0,0,0,0,0,0,0,0,0,0,0,0,0,0,0,0,0,0,0,0,0,0,0,0,0,0,0,1,0,0,0,0,0,0,0,0,0,0,2
java.lang.NumberFormatException: multiple points
linha fdp!!!!
0.5682840.594297,0.033333,0.30303,0.455261,0.396641,0.623296,0.767717,0.767717,0.519685,0.567406,1,0,0,0,0,0,0,0,0,0,0,0,0,0,0,0,0,0,0,0,0,0,0,0,0,0,0,0,0,0,0,0,1,0,0,0,0,0,0,0,0,0,0,0,1
java.lang.NumberFormatException: multiple points
linha fdp!!!!
0.612306,0.180556,0.242424,0.432355,0.44832,0.596178,0.92126,0.811024,0.3890.469235,0.063889,0.136364,0.307802,0.219638,0.25151,0.846457,0.870079,0.559055,0.370974,1,0,0,0,0,0,0,0,0,0,0,0,0,0,0,1,0,0,0,0,0,0,0,0,0,0,0,0,0,0,0,0,0,0,0,0,0,0,0,0,0,0,0,0,2
java.lang.NumberFormatException: multiple points
linha fdp!!!!
0.545273,0.360.622311,0.527778,0.212121,0.030064,0.24031,0.445553,0.862205,0.984252,0.633858,0.761745,1,0,0,0,0,0,0,0,0,0,0,0,0,0,0,0,0,0,0,0,0,0,0,0,0,0,0,0,0,0,0,0,0,1,0,0,0,0,0,0,0,0,0,0,10.62081,0.5,0.181818,0.04796,0.236434,0.447942,0.88189,0.972441,0.606299,0.76314,1,0,0,0,0,0,0,0,0,0,0,0,0,0,0,0,0,0,0,0,0,0,0,0,0,0,0,0,0,0,0,0,0,1,0,0,0,0,0,0,0,0,0,0,1
java.lang.NumberFormatException: multiple points
linha fdp!!!!
0.414707,0.300.577789,0.655556,0.151515,0.547602,0.370801,0.829563,0.795276,0.980315,0.724409,0.741391,1,0,0,0,0,0,0,0,0,0,0,0,0,0,0,0,0,0,0,0,0,0,0,0,0,0,0,0,0,0,0,0,1,0,0,0,0,0,0,0,0,0,0,0,10.581291,0.705556,0.166667,0.531138,0.262274,0.829001,0.767717,0.972441,0.751969,0.7393,1,0,0,0,0,0,0,0,0,0,0,0,0,0,0,0,0,0,0,0,0,0,0,0,0,0,0,0,0,0,0,0,1,0,0,0,0,0,0,0,0,0,0,0,1
java.lang.NumberFormatException: multiple points
linha fdp!!!!
0.5993,0.25,0.015152,0.300644,0.308786,0.805255,0.870079,0.920.566283,0.069444,0.19697,0,0.223514,0.758044,0.838583,0.834646,0.523622,0.650216,1,0,0,0,0,0,0,0,0,0,0,0,0,0,0,0,0,0,0,0,0,0,1,0,0,0,0,0,0,0,0,0,0,0,0,0,0,0,0,0,0,0,0,0,10.566283,0.047222,0.151515,0.021475,0.22739,0.75425,0.834646,0.862205,0.566929,0.648543,1,0,0,0,0,0,0,0,0,0,0,0,0,0,0,0,0,0,0,0,0,0,1,0,0,0,0,0,0,0,0,0,0,0,0,0,0,0,0,0,0,0,0,0,1
java.lang.NumberFormatException: multiple points
linha fdp!!!!
0.581291,0.280556,0.227273,0.211167,0.29199,0.43520.6008,0.625,0.015152,0.219041,0.316537,0.805115,0.854331,0.940945,0.625984,0.649101,1,0,0,0,0,0,0,0,0,0,0,0,0,0,0,1,0,0,0,0,0,0,0,0,0,0,0,0,0,0,0,0,0,0,0,0,0,0,0,0,0,0,0,0,2
java.lang.NumberFormatException: multiple points
linha fdp!!!!
0.553277,0.347222,0.166667,0.00.542271,0.95,0.075758,0.021475,0.226098,0.672334,0.826772,0.917323,0.633858,0.58525,1,0,0,0,0,0,0,0,0,0,0,0,0,0,0,0,0,0,0,0,0,0,0,0,0,0,0,0,0,0,0,0,1,0,0,0,0,0,0,0,0,0,0,0,1
java.lang.NumberFormatException: multiple points
linha fdp!!!!
0.550275,0.997222,0.212121,0.077309,0.240.356178,0.955556,0.287879,0.04796,0.248062,0.143881,0.704724,0.814961,0.649606,0.076955,1,0,0,0,0,0,0,0,0,0,0,0,0,0,0,0,0,0,0,0,0,0,0,0,0,0,0,0,0,0,0,0,1,0,0,0,0,0,0,0,0,0,0,0,2
java.lang.NumberFormatException: multiple points
linha fdp!!!!
0.57970.445223,0.958333,0.227273,0.030064,0.232558,0.398483,0.748031,0.850394,0.645669,0.374042,1,0,0,0,0,0,0,0,0,0,0,0,0,0,0,0,0,0,0,0,0,0,0,0,0,0,0,0,0,0,0,0,1,0,0,0,0,0,0,0,0,0,0,0,1
java.lang.NumberFormatException: multiple points
linha fdp!!!!
0.442721,0.080556,0.1660.514257,0.136111,0.151515,0.09592,0.224806,0.580441,0.88189,0.858268,0.5,0.422557,1,0,0,0,0,0,0,0,0,0,0,0,0,0,0,0,0,0,0,0,0,0,0,0,0,0,0,0,0,0,0,0,0,1,0,0,0,0,0,0,0,0,0,0,20.513257,0.116667,0.106061,0.107373,0.235142,0.576366,0.870079,0.885827,0.547244,0.422417,1,0,0,0,0,0,0,0,0,0,0,0,0,0,0,0,0,0,0,0,0,0,0,0,0,0,0,0,0,0,0,0,0,1,0,0,0,0,0,0,0,0,0,0,2
java.lang.NumberFormatException: multiple points
linha fdp!!!!
0.568784,0.080556,0.090909,0.125268,0.20.554777,0.027778,0.151515,0.021475,0.223514,0.529999,0.822835,0.866142,0.582677,0.707654,1,0,0,0,0,0,0,0,0,0,0,0,0,0,0,0,0,0,0,0,0,0,0,0,0,0,0,0,0,0,0,0,1,0,0,0,0,0,0,0,0,0,0,0,20.554777,0.008333,0.19697,0.030064,0.231266,0.534073,0.795276,0.846457,0.586614,0.704168,1,0,0,0,0,0,0,0,0,0,0,0,0,0,0,0,0,0,0,0,0,0,0,0,0,0,0,0,0,0,0,0,1,0,0,0,0,0,0,0,0,0,0,0,2
java.lang.NumberFormatException: multiple points
linha fdp!!!!
0.535268,0.108333,0.106061,0.32713,0.244186,0.636364,0.870079,0.885827,0.551181,0.590.551776,0.230556,0.151515,0.231926,0.281654,0.729802,0.925197,0.874016,0.468504,0.370417,1,0,0,0,0,0,0,0,0,0,0,0,0,0,0,0,0,0,0,0,0,0,0,0,0,0,0,0,0,0,0,0,0,1,0,0,0,0,0,0,0,0,0,0,20.548774,0.216667,0.227273,0.221188,0.273902,0.725587,0.937008,0.830709,0.389764,0.368604,1,0,0,0,0,0,0,0,0,0,0,0,0,0,0,0,0,0,0,0,0,0,0,0,0,1,0,0,0,0,0,0,0,0,0,0,0,0,0,0,0,0,0,0,2
java.lang.NumberFormatException: multiple points
linha fdp!!!!
0.3971990.434217,0.352778,0.287879,0.115963,0.313953,0.295068,0.976378,0.88189,0.374016,0.381709,1,0,0,0,0,0,0,0,0,0,0,0,0,0,0,0,0,0,0,0,0,0,0,0,0,0,0,0,0,0,0,0,0,1,0,0,0,0,0,0,0,0,0,0,2
java.lang.NumberFormatException: multiple points
linha fdp!!!!
0.381691,0.325,0.166667,0.303508,0.25323,0.064493,0.940945,0.905512,0.4724410.418709,0.961111,0.287879,0.064424,0.255814,0.324715,0.704724,0.807087,0.637795,0.335425,1,0,0,0,0,0,0,0,0,0,0,0,0,0,0,0,0,0,0,0,0,0,0,0,0,0,0,0,0,0,0,0,1,0,0,0,0,0,0,0,0,0,0,0,2
java.lang.NumberFormatException: multiple points
linha fdp!!!!
0.578789,0.025,0.090909,0.259127,0.275194,0.742588,0.84252,0.897638,0.5984250.54027,0.988889,0.272727,0.448103,0.507752,0.432486,0.740157,0.80315,0.594488,0.216925,1,0,0,0,0,0,0,0,0,0,0,0,0,0,0,0,0,0,0,0,0,0,0,0,0,0,0,0,0,0,0,0,1,0,0,0,0,0,0,0,0,0,0,0,20.541771,0.947222,0.272727,0.455261,0.514212,0.429254,0.708661,0.830709,0.661417,0.219573,1,0,0,0,0,0,0,0,0,0,0,0,0,0,0,0,0,0,0,0,0,0,0,0,0,0,0,0,0,0,0,0,1,0,0,0,0,0,0,0,0,0,0,0,2
java.lang.NumberFormatException: multiple points
linha fdp!!!!
0.501251,0.186111,0.136364,0.250537,0.290698,0.307995,0.901575,0.874016,0.49210.531266,0.269444,0.227273,0.154617,0.29845,0.394548,0.956693,0.854331,0.389764,0.258887,1,0,0,0,0,0,0,0,0,0,0,0,0,0,0,0,0,0,0,0,0,0,0,0,0,0,0,0,0,0,0,0,1,0,0,0,0,0,0,0,0,0,0,0,2
java.lang.NumberFormatException: multiple points
linha fdp!!!!
0.541771,0.086111,0.318182,0.182534,0.191214,0.6370.544772,0.677778,0.166667,0.060845,0.245478,0.565126,0.775591,0.980315,0.744094,0.083647,1,0,0,0,0,0,0,0,0,0,0,0,0,0,0,0,0,0,0,0,0,0,0,0,0,0,0,0,0,0,0,0,1,0,0,0,0,0,0,0,0,0,0,0,1
java.lang.NumberFormatException: multiple points
linha fdp!!!!
0.589295,0.338889,0.227273,0.060845,0.244186,0.548827,0.96063,0.893701,0.4290.432216,0.275,0.242424,0,0.223514,0.139104,0.96063,0.854331,0.38189,0.221665,1,0,0,0,0,0,0,0,0,0,0,0,0,0,0,1,0,0,0,0,0,0,0,0,0,0,0,0,0,0,0,0,0,0,0,0,0,0,0,0,0,0,0,0,2
java.lang.NumberFormatException: multiple points
linha fdp!!!!
0.592796,0,0.212121,0.030064,0.236434,0.537727,0.783465,0.84252,0.59440.437219,0.527778,0.121212,0.021475,0.22093,0.162006,0.866142,0.972441,0.629921,0.220968,1,0,0,0,0,0,0,0,0,0,0,0,0,0,0,1,0,0,0,0,0,0,0,0,0,0,0,0,0,0,0,0,0,0,0,0,0,0,0,0,0,0,0,0,2
java.lang.NumberFormatException: multiple points
linha fdp!!!!
0.515758,0.355556,0.121212,0,0.2230.582291,0.177778,0.242424,0.137437,0.24677,0.635661,0.917323,0.807087,0.389764,0.125471,1,0,0,0,0,0,0,0,0,0,0,0,0,0,0,0,0,0,0,0,0,0,0,0,0,0,0,0,0,0,0,0,1,0,0,0,0,0,0,0,0,0,0,0,2
java.lang.NumberFormatException: multiple points
linha fdp!!!!
0.592796,0.983333,0.227273,0.403722,0.27900.536268,0.286111,0.166667,0.021475,0.229974,0.787551,0.940945,0.885827,0.452756,0.19657,1,0,0,0,0,0,0,0,0,0,0,0,0,0,0,0,0,0,0,0,0,0,0,0,0,0,0,0,0,0,0,0,0,1,0,0,0,0,0,0,0,0,0,0,2
java.lang.NumberFormatException: multiple points
linha fdp!!!!
0.449225,0.516667,0.075758,0.09592,0.231266,0.255585,0.870079,0.956693,0.622047,0.100510.629315,0.325,0.106061,0.23622,0.254522,0.736125,0.913386,0.92126,0.531496,0.149728,1,0,0,0,0,0,0,0,0,0,0,0,0,0,0,0,0,0,0,0,0,0,0,0,0,0,0,0,0,0,0,0,1,0,0,0,0,0,0,0,0,0,0,0,20.627814,0.347222,0.136364,0.214746,0.250646,0.732893,0.929134,0.92126,0.503937,0.146382,1,0,0,0,0,0,0,0,0,0,0,0,0,0,0,0,0,0,0,0,0,0,0,0,0,0,0,0,0,0,0,0,1,0,0,0,0,0,0,0,0,0,0,0,2
java.lang.NumberFormatException: multiple points
linha fdp!!!!
0.602801,0.258333,0.30303,0.322835,0.40.50025,0.858333,0.181818,0.137437,0.24677,0.40607,0.73622,0.913386,0.728346,0.346996,1,0,0,0,0,0,0,0,0,0,0,0,0,0,0,0,0,0,0,0,0,0,0,0,0,0,0,0,0,0,0,0,1,0,0,0,0,0,0,0,0,0,0,0,10.501251,0.852778,0.181818,0.151754,0.251938,0.40326,0.732283,0.913386,0.73622,0.342953,1,0,0,0,0,0,0,0,0,0,0,0,0,0,0,0,0,0,0,0,0,0,0,0,0,0,0,0,0,0,0,0,1,0,0,0,0,0,0,0,0,0,0,0,1
java.lang.NumberFormatException: multiple points
linha fdp!!!!
0.540.65983,0.238889,0.181818,0.360057,0.333333,0.434031,0.937008,0.862205,0.433071,0.467726,1,0,0,0,0,0,0,0,0,0,0,0,0,0,0,0,0,0,0,0,0,0,0,0,0,0,0,0,0,0,0,0,0,1,0,0,0,0,0,0,0,0,0,0,1
java.lang.NumberFormatException: multiple points
linha fdp!!!!
0.491246,0.3833330.583792,0.95,0.227273,0.04796,0.244186,0.666432,0.740157,0.854331,0.65748,0.06399,1,0,0,0,0,0,0,0,0,0,0,0,0,0,0,0,0,0,0,0,0,0,0,0,0,0,0,0,0,0,0,0,0,1,0,0,0,0,0,0,0,0,0,0,10.585293,0.941667,0.227273,0.060845,0.24677,0.664044,0.73622,0.858268,0.665354,0.068033,1,0,0,0,0,0,0,0,0,0,0,0,0,0,0,0,0,0,0,0,0,0,0,0,0,0,0,0,0,0,0,0,0,1,0,0,0,0,0,0,0,0,0,0,1
java.lang.NumberFormatException: multiple points
linha fdp!!!!
0.477239,0.2083330.461731,0.013889,0.121212,0,0.223514,0.299986,0.826772,0.885827,0.598425,0.224592,1,0,0,0,0,0,0,0,0,0,0,0,0,0,0,0,0,0,0,0,0,0,0,0,0,0,1,0,0,0,0,0,0,0,0,0,0,0,0,0,0,0,0,0,20.463232,0.880556,0.181818,0.021475,0.231266,0.295771,0.740157,0.905512,0.712598,0.22264,1,0,0,0,0,0,0,0,0,0,0,0,0,0,0,0,0,0,0,0,0,0,0,0,0,0,0,0,0,0,0,0,1,0,0,0,0,0,0,0,0,0,0,0,2
java.lang.NumberFormatException: multiple points
linha fdp!!!!
0.549775,0.211111,0.12120.590795,0.183333,0.30303,0.319256,0.317829,0.685963,0.925197,0.76378,0.322835,0.200195,1,0,0,0,0,0,0,0,0,0,0,0,0,0,0,0,0,0,0,0,0,0,0,0,0,0,0,0,0,0,0,0,1,0,0,0,0,0,0,0,0,0,0,0,1
java.lang.NumberFormatException: multiple points
linha fdp!!!!
0.512250.474737,0.091667,0.151515,0.021475,0.224806,0.19067,0.858268,0.858268,0.531496,0.34602,1,0,0,0,0,0,0,0,0,0,0,0,0,0,0,0,0,0,0,0,0,0,0,0,0,0,0,0,0,0,0,0,1,0,0,0,0,0,0,0,0,0,0,0,1
java.lang.NumberFormatException: multiple points
linha fdp!!!!
0.470235,0.10.512756,0.069444,0.166667,0.121689,0.229974,0.22931,0.846457,0.850394,0.53937,0.308379,1,0,0,0,0,0,0,0,0,0,0,0,0,0,0,0,0,0,0,0,0,0,0,0,0,0,0,0,0,0,0,0,1,0,0,0,0,0,0,0,0,0,0,0,2
java.lang.NumberFormatException: multiple points
linha fdp!!!!
0.54027,0.363889,0.0.535768,0.219444,0.136364,0.068003,0.249354,0.227905,0.913386,0.88189,0.488189,0.231981,1,0,0,0,0,0,0,0,0,0,0,0,0,0,0,0,0,0,0,0,0,0,0,0,0,0,0,0,0,0,0,0,1,0,0,0,0,0,0,0,0,0,0,0,2
java.lang.NumberFormatException: multiple points
linha fdp!!!!
0.457729,0.263889,0.227273,0.0.606803,0.936111,0.075758,0.085898,0.248062,0.579036,0.818898,0.913386,0.641732,0.305312,1,0,0,0,0,0,0,0,0,0,0,0,0,0,0,0,0,0,0,0,0,0,0,0,0,0,0,0,0,0,0,0,1,0,0,0,0,0,0,0,0,0,0,0,20.607304,0.933333,0.075758,0.107373,0.25323,0.574821,0.822835,0.917323,0.637795,0.301966,1,0,0,0,0,0,0,0,0,0,0,0,0,0,0,0,0,0,0,0,0,0,0,0,0,0,0,0,0,0,0,0,1,0,0,0,0,0,0,0,0,0,0,0,2
java.lang.NumberFormatException: multiple points
linha fdp!!!!
0.0.623812,0.891667,0.090909,0.077309,0.22739,0.639876,0.80315,0.92126,0.665354,0.456155,1,0,0,0,0,0,0,0,0,0,0,0,0,0,0,0,0,0,0,0,0,0,0,0,0,1,0,0,0,0,0,0,0,0,0,0,0,0,0,0,0,0,0,0,1
java.lang.NumberFormatException: multiple points
linha fdp!!!!
0.701351,0.436111,0.227273,0.41446,0.313953,0.841225,0.925197,0.948819,0.51960.515258,0.261111,0.30303,0.021475,0.237726,0.170156,0.972441,0.807087,0.307087,0.230726,1,0,0,0,0,0,0,0,0,0,0,0,0,0,0,0,0,0,0,0,0,0,0,0,0,0,0,0,0,0,0,0,0,1,0,0,0,0,0,0,0,0,0,0,2
java.lang.NumberFormatException: multiple points
linha fdp!!!!
0.669835,0.616667,0.106061,0.336435,0.324289,0.843754,0.834646,0.972441,0.0.41921,0.180556,0.272727,0.060845,0.262274,0.015175,0.92126,0.791339,0.362205,0.247038,1,0,0,0,0,0,0,0,0,0,0,0,0,0,0,0,0,0,0,0,0,0,0,0,0,0,0,0,0,0,0,0,1,0,0,0,0,0,0,0,0,0,0,0,50.67934,0.197222,0.242424,0.2398,0.339793,0.571168,0.929134,0.818898,0.389764,0.508156,1,0,0,0,0,0,0,0,0,0,0,0,0,0,0,0,0,0,0,0,0,0,0,0,0,1,0,0,0,0,0,0,0,0,0,0,0,0,0,0,0,0,0,0,1
java.lang.NumberFormatException: multiple points
linha fdp!!!!
0.677339,0.086111,0.19697,0.167502,0.0.677339,0.686111,0.030303,0.347173,0.263566,0.831671,0.846457,0.944882,0.637795,0.28189,1,0,0,0,0,0,0,0,0,0,0,0,0,0,0,0,0,0,0,0,0,0,0,0,0,1,0,0,0,0,0,0,0,0,0,0,0,0,0,0,0,0,0,0,2
java.lang.NumberFormatException: multiple points
linha fdp!!!!
0.5790.681841,0.122222,0.363636,0.136006,0.289406,0.763805,0.854331,0.704724,0.330709,0.205353,1,0,0,0,0,0,0,0,0,0,0,0,0,0,0,0,0,0,0,0,0,0,0,0,0,0,0,0,0,0,0,0,1,0,0,0,0,0,0,0,0,0,0,0,2
java.lang.NumberFormatException: multiple points
linha fdp!!!!
0.584292,0.875,0.090909,0.021475,0.2270.67934,0.65,0.060606,0.137437,0.250646,0.852887,0.834646,0.96063,0.665354,0.223059,1,0,0,0,0,0,0,0,0,0,0,0,0,0,0,0,0,0,0,0,0,0,0,0,0,1,0,0,0,0,0,0,0,0,0,0,0,0,0,0,0,0,0,0,1
java.lang.NumberFormatException: multiple points
linha fdp!!!!
0.698349,0.227778,0.18180.678339,0.313889,0.090909,0.219041,0.21447,0.595757,0.909449,0.92126,0.535433,0.154329,1,0,0,0,0,0,0,0,0,0,0,0,0,0,0,0,0,0,0,0,0,0,0,0,0,1,0,0,0,0,0,0,0,0,0,0,0,0,0,0,0,0,0,0,1
java.lang.NumberFormatException: multiple points
linha fdp!!!!
0.389195,0.983333,0.287879,0.068003,0.251938,0.124491,0.730.678339,0.469444,0.212121,0.021475,0.239018,0.68498,0.905512,0.964567,0.566929,0.063851,1,0,0,0,0,0,0,0,0,0,0,0,0,0,0,0,0,0,0,0,0,0,0,0,0,0,0,0,0,0,0,0,0,0,0,0,0,0,0,0,0,1,0,0,1
java.lang.NumberFormatException: multiple points
linha fdp!!!!
0.468734,0.272222,0.030303,0.064424,0.237726,0.203878,0.874016,0.929134,0.594488,0.0.677339,0.961111,0.090909,0,0.223514,0.658986,0.822835,0.909449,0.629921,0.046703,1,0,0,0,0,0,0,0,0,0,0,0,0,0,0,0,0,0,0,0,0,0,0,0,0,0,0,0,0,0,0,0,0,0,0,0,0,0,0,0,0,1,0,0,1
java.lang.NumberFormatException: multiple points
linha fdp!!!!
0.745873,0.80.568784,0.938889,0.242424,0.231926,0.334625,0.23198,0.724409,0.850394,0.669291,0.348669,0,0,1,0,0,0,0,0,0,0,0,0,0,0,0,0,0,0,0,0,0,0,0,0,0,0,0,0,0,0,0,0,0,0,0,1,0,0,0,0,0,0,0,0,2
java.lang.NumberFormatException: multiple points
linha fdp!!!!
0.546773,0.133333,0.363636,0.198282,0.339793,0.266264,0.870079,0.712598,0.32280.529265,0.525,0.136364,0.211167,0.316537,0.233385,0.870079,0.972441,0.629921,0.295274,0,0,1,0,0,0,0,0,0,0,0,0,0,0,0,0,1,0,0,0,0,0,0,0,0,0,0,0,0,0,0,0,0,0,0,0,0,0,0,0,0,0,0,0,2
java.lang.NumberFormatException: multiple points
linha fdp!!!!
0.386693,0.916667,0.272727,0.0.458729,0.072222,0.181818,0.163207,0.329457,0.203457,0.84252,0.838583,0.523622,0.121985,0,0,1,0,0,0,0,0,0,0,0,0,0,0,0,0,0,0,0,0,0,0,0,0,0,0,0,0,0,0,0,0,0,0,0,1,0,0,0,0,0,0,0,0,20.456728,0.119444,0.227273,0.14388,0.324289,0.205845,0.870079,0.807087,0.452756,0.124076,0,0,1,0,0,0,0,0,0,0,0,0,0,0,0,0,0,0,0,0,0,0,0,0,0,0,0,0,0,0,0,0,0,0,0,1,0,0,0,0,0,0,0,0,2
java.lang.NumberFormatException: multiple points
linha fdp!!!!
0.464732,0.091667,0.439394,0.115963,0.239018,0.0.587294,0.336111,0.19697,0.41446,0.489664,0.178868,0.952756,0.897638,0.444882,0.093545,1,0,0,0,0,0,0,0,0,0,0,0,0,0,0,0,0,0,0,0,0,0,0,0,0,0,0,0,0,0,0,0,1,0,0,0,0,0,0,0,0,0,0,0,10.584792,0.35,0.151515,0.395132,0.483204,0.177884,0.937008,0.917323,0.492126,0.089363,1,0,0,0,0,0,0,0,0,0,0,0,0,0,0,0,0,0,0,0,0,0,0,0,0,0,0,0,0,0,0,0,1,0,0,0,0,0,0,0,0,0,0,0,1
java.lang.NumberFormatException: multiple points
linha fdp!!!!
0.477739,0.561111,0.272727,0.042949,0.255814,0.253759,0.822835,0.996063,0.6810.481241,0.275,0.378788,0.274875,0.414729,0.14908,0.988189,0.771654,0.224409,0.062735,0,0,1,0,0,0,0,0,0,0,0,0,0,0,0,0,0,0,0,0,0,0,0,0,0,0,0,1,0,0,0,0,0,0,0,0,0,0,0,0,0,0,0,0,6
java.lang.NumberFormatException: multiple points
linha fdp!!!!
0.152576,0.369444,0.242424,0.085898,0.25969,0.025573,0.96063,0.905512,0.4330.374187,0.8,0.045455,0.021475,0.223514,0.196712,0.830709,0.940945,0.653543,0.147079,0,0,1,0,0,0,0,0,0,0,0,0,0,0,0,0,0,0,0,0,0,0,0,1,0,0,0,0,0,0,0,0,0,0,0,0,0,0,0,0,0,0,0,0,60.377689,0.691667,0.272727,0.030064,0.231266,0.199663,0.704724,0.984252,0.814961,0.151122,0,0,1,0,0,0,0,0,0,0,0,0,0,0,0,0,0,0,0,0,0,0,0,1,0,0,0,0,0,0,0,0,0,0,0,0,0,0,0,0,0,0,0,0,6
java.lang.NumberFormatException: multiple points
linha fdp!!!!
0.066533,0.080556,0.5,0.030064,0.258398,0.011943,0.744094,0.590551,0.30315,0.0.523762,0.141667,0.257576,0.021475,0.241602,0.075875,0.889764,0.787402,0.397638,0.242576,0,0,1,0,0,0,0,0,0,0,0,0,0,0,0,0,0,0,0,0,0,0,0,0,0,0,0,0,0,0,0,0,0,0,0,0,1,0,0,0,0,0,0,0,2
java.lang.NumberFormatException: multiple points
linha fdp!!!!
0.505753,0.358333,0.30303,0.030064,0.24031,0.109316,0.976378,0.885827,0.377953,0.25700.085543,0.041667,0.272727,0.258411,0.326873,0.092736,0.791339,0.787402,0.519685,0.105256,0,0,0,1,0,0,0,0,0,0,0,0,0,1,0,0,0,0,0,0,0,0,0,0,0,0,0,0,0,0,0,0,0,0,0,0,0,0,0,0,0,0,0,0,60.085543,0.969444,0.30303,0.274875,0.337209,0.092736,0.704724,0.799213,0.625984,0.109438,0,0,0,1,0,0,0,0,0,0,0,0,0,1,0,0,0,0,0,0,0,0,0,0,0,0,0,0,0,0,0,0,0,0,0,0,0,0,0,0,0,0,0,0,6
java.lang.NumberFormatException: multiple points
linha fdp!!!!
0.175588,0.244444,0.666667,0.271296,0.0.585293,0.522222,0.166667,0.107373,0.242894,0.088942,0.870079,0.976378,0.629921,0.235745,1,0,0,0,0,0,0,0,0,0,0,0,0,0,0,0,0,0,0,0,0,0,0,0,0,0,0,0,0,0,0,0,0,1,0,0,0,0,0,0,0,0,0,0,20.585793,0.488889,0.212121,0.125268,0.244186,0.086834,0.889764,0.972441,0.590551,0.231981,1,0,0,0,0,0,0,0,0,0,0,0,0,0,0,0,0,0,0,0,0,0,0,0,0,0,0,0,0,0,0,0,0,1,0,0,0,0,0,0,0,0,0,0,2
java.lang.NumberFormatException: multiple points
linha fdp!!!!
0.73987,0.655556,0.227273,0.27917,0.374677,0.272446,0.75590.471736,0.905556,0.333333,0.336435,0.284238,0.140368,0.637795,0.826772,0.732283,0.16576,0,0,1,0,0,0,0,0,0,0,0,0,0,0,0,0,0,0,0,0,0,0,0,0,0,0,0,0,0,0,0,1,0,0,0,0,0,0,0,0,0,0,0,0,2
java.lang.NumberFormatException: multiple points
linha fdp!!!!
0.476238,0.708330.537269,0.358333,0.287879,0.154617,0.290698,0.096108,0.976378,0.885827,0.38189,0.359961,1,0,0,0,0,0,0,0,0,0,0,0,0,0,0,0,0,0,0,0,0,0,0,0,0,0,0,0,0,0,0,0,1,0,0,0,0,0,0,0,0,0,0,0,2
java.lang.NumberFormatException: multiple points
linha fdp!!!!
0.553777,0.516667,0.257576,0.14388,0.30.453227,0.933333,0.075758,0.068003,0.251938,0.309962,0.822835,0.917323,0.637795,0.070124,0,0,1,0,0,0,0,0,0,0,0,0,0,0,0,0,0,0,0,0,0,0,0,0,0,0,0,0,0,0,0,0,0,0,1,0,0,0,0,0,0,0,0,0,2
java.lang.NumberFormatException: multiple points
linha fdp!!!!
0.222111,0.375,0.227273,0.115963,0.2764860.58029,0.877778,0.409091,0.287759,0.465116,0.058592,0.547244,0.807087,0.791339,0.136763,1,0,0,0,0,0,0,0,0,0,0,0,0,0,0,0,0,0,0,0,0,0,0,0,0,0,0,0,0,0,0,0,0,1,0,0,0,0,0,0,0,0,0,0,2
java.lang.NumberFormatException: multiple points
linha fdp!!!!
0.549775,0.933333,0.348485,0.02140.555778,0.980556,0.439394,0.299213,0.392765,0.060419,0.622047,0.692913,0.57874,0.213579,1,0,0,0,0,0,0,0,0,0,0,0,0,0,0,0,0,0,0,0,0,0,0,0,0,0,0,0,0,0,0,0,0,1,0,0,0,0,0,0,0,0,0,0,2
java.lang.NumberFormatException: multiple points
linha fdp!!!!
0.2480.696348,0.127778,0.257576,0.150322,0.206718,0.501335,0.877953,0.791339,0.417323,0.488638,1,0,0,0,0,0,0,0,0,0,0,0,0,0,0,0,0,0,0,0,0,0,0,0,0,0,0,0,0,0,0,0,0,0,0,0,0,0,0,0,0,1,0,0,7
java.lang.NumberFormatException: multiple points
linha fdp!!!!
0.274137,0.780556,0.227273,0.042949,0.248062,0.151749,0.692913,0.90.275138,0.830556,0.242424,0.042949,0.245478,0.147534,0.685039,0.913386,0.779528,0.143873,0,0,0,1,0,0,0,0,0,0,0,0,0,1,0,0,0,0,0,0,0,0,0,0,0,0,0,0,0,0,0,0,0,0,0,0,0,0,0,0,0,0,0,0,30.278639,0.85,0.181818,0.064424,0.25969,0.147815,0.728346,0.917323,0.740157,0.140527,0,0,0,1,0,0,0,0,0,1,0,0,0,0,0,0,0,0,0,0,0,0,0,0,0,0,0,0,0,0,0,0,0,0,0,0,0,0,0,0,0,0,0,0,3
java.lang.NumberFormatException: multiple points
linha fdp!!!!
0.266633,0.833333,0.484848,0.259127,0.417313,0.099902,0.448819,0.814961,0.88180.467734,0.933333,0.181818,0.030064,0.231266,0.33989,0.759843,0.877953,0.669291,0.184163,0,0,1,0,0,0,0,0,0,0,0,0,0,0,0,0,0,0,0,0,0,0,0,0,0,0,0,0,0,0,0,0,0,0,1,0,0,0,0,0,0,0,0,0,2
java.lang.NumberFormatException: multiple points
linha fdp!!!!
0.705853,0.136111,0.242424,0.317108,0.324289,0.130673,0.885827,0.80700.218609,0.838889,0.272727,0.042949,0.24677,0.169734,0.653543,0.901575,0.795276,0.177192,0,0,0,1,0,0,0,0,0,0,0,0,0,1,0,0,0,0,0,0,0,0,0,0,0,0,0,0,0,0,0,0,0,0,0,0,0,0,0,0,0,0,0,0,60.225613,0.788889,0.348485,0.060845,0.237726,0.168751,0.594488,0.917323,0.862205,0.181235,0,0,0,1,0,0,0,0,0,0,0,0,0,1,0,0,0,0,0,0,0,0,0,0,0,0,0,0,0,0,0,0,0,0,0,0,0,0,0,0,0,0,0,0,6
java.lang.NumberFormatException: multiple points
linha fdp!!!!
0.627314,0.011111,0.242424,0.077309,0.235142,0.156527,0.775591,0.814961,0.5700.29965,0.722222,0.287879,0.228346,0.466408,0.166784,0.677165,0.972441,0.834646,0.082113,0,0,0,1,0,1,0,0,0,0,0,0,0,0,0,0,0,0,0,0,0,0,0,0,0,0,0,0,0,0,0,0,0,0,0,0,0,0,0,0,0,0,0,0,6
java.lang.NumberFormatException: multiple points
linha fdp!!!!
0.294647,0.472222,0.0.713357,0.288889,0.212121,0.121689,0.290698,0.552339,0.956693,0.870079,0.413386,0.553743,1,0,0,0,0,0,0,0,0,0,0,0,0,0,0,0,0,0,0,0,0,0,0,0,0,0,0,0,0,0,0,0,0,0,0,0,0,0,0,0,0,1,0,0,7
java.lang.NumberFormatException: multiple points
linha fdp!!!!
0.212106,0.9,0.348485,0.184681,0.338501,0.17114,0.61811,0.826772,0.74400.658329,0.216667,0.272727,0.519685,0.313953,0.131235,0.944882,0.80315,0.346457,0.257772,1,0,0,0,0,0,0,0,0,0,0,0,0,0,0,0,0,0,0,0,0,0,0,0,0,0,0,0,0,0,0,0,1,0,0,0,0,0,0,0,0,0,0,0,2
java.lang.NumberFormatException: multiple points
linha fdp!!!!
0.257629,0.283333,0.318182,0.269148,0.310078,0.136153,0.980315,0.0.267134,0.933333,0.469697,0.077309,0.273902,0.105381,0.543307,0.716535,0.685039,0.157117,0,0,0,1,0,0,0,0,0,0,0,0,0,1,0,0,0,0,0,0,0,0,0,0,0,0,0,0,0,0,0,0,0,0,0,0,0,0,0,0,0,0,0,0,6
java.lang.NumberFormatException: multiple points
linha fdp!!!!
0.282141,0.841667,0.181818,0.167502,0.2260.557779,0.711111,0.090909,0.09592,0.260982,0.23493,0.811024,0.96063,0.692913,0.005855,0,0,1,0,0,0,0,0,0,0,0,0,0,0,0,0,0,0,0,0,0,0,0,0,0,0,0,0,0,0,0,0,0,0,0,1,0,0,0,0,0,0,0,0,2
java.lang.NumberFormatException: multiple points
linha fdp!!!!
0.28014,0.133333,0.166667,0,0.223514,0.055501,0.88189,0.846457,0.484252,0.180.549275,0.455556,0.136364,0.04796,0.22739,0.19067,0.897638,0.956693,0.57874,0.051722,0,0,1,0,0,0,0,0,0,0,0,0,0,0,0,0,0,0,0,0,0,0,0,0,0,0,0,0,0,0,0,0,0,0,0,1,0,0,0,0,0,0,0,0,10.548274,0.405556,0.136364,0.064424,0.242894,0.194042,0.913386,0.940945,0.547244,0.055765,0,0,1,0,0,0,0,0,0,0,0,0,0,0,0,0,0,0,0,0,0,0,0,0,0,0,0,0,0,0,0,0,0,0,0,1,0,0,0,0,0,0,0,0,1
java.lang.NumberFormatException: multiple points
linha fdp!!!!
0.237119,0.005556,0.075758,0.088762,0.224806,0.0.570285,0.402778,0.272727,0.303508,0.344961,0.092736,0.952756,0.92126,0.448819,0.25819,0,0,1,0,0,0,0,0,0,0,0,0,0,0,0,0,0,0,0,0,0,0,0,0,0,0,0,0,0,0,0,0,0,0,0,0,1,0,0,0,0,0,0,0,2
java.lang.NumberFormatException: multiple points
linha fdp!!!!
0.575288,0.483333,0.31810.498749,0.152778,0.060606,0.182534,0.237726,0.156527,0.874016,0.909449,0.570866,0.370277,0,0,1,0,0,0,0,0,0,0,0,0,0,0,0,0,0,0,0,0,0,0,0,0,0,0,0,0,0,0,0,0,0,0,0,1,0,0,0,0,0,0,0,0,10.498249,0.125,0.060606,0.167502,0.236434,0.152733,0.870079,0.909449,0.574803,0.369023,0,0,1,0,0,0,0,0,0,0,0,0,0,0,0,0,0,0,0,0,0,0,0,0,0,0,0,0,0,0,0,0,0,0,0,1,0,0,0,0,0,0,0,0,1
java.lang.NumberFormatException: multiple points
linha fdp!!!!
0.253127,0.166667,0.151515,0.068003,0.213178,0.086553,0.897638,0.86220.553277,0.541667,0.378788,0.077309,0.245478,0.109597,0.814961,0.988189,0.649606,0.22752,0,0,1,0,0,0,0,0,0,0,0,0,0,0,0,0,0,0,0,0,0,0,0,0,0,0,0,0,0,0,0,0,0,0,0,0,1,0,0,0,0,0,0,0,2
java.lang.NumberFormatException: multiple points
linha fdp!!!!
0.488744,0.002778,0.19697,0.41446,0.360465,0.013348,0.791339,0.846457,0.59440.649825,0.086111,0.19697,0.064424,0.235142,0.196431,0.850394,0.826772,0.503937,0.365816,1,0,0,0,0,0,0,0,0,0,0,0,0,0,0,0,0,0,0,0,0,0,0,0,0,0,0,0,0,0,0,0,1,0,0,0,0,0,0,0,0,0,0,0,1
java.lang.NumberFormatException: multiple points
linha fdp!!!!
0.572286,0.020.731366,0.902778,0.530303,0.19184,0.295866,0.395813,0.456693,0.712598,0.759843,0.346996,1,0,0,0,0,0,0,0,0,0,0,0,0,0,0,0,0,0,0,0,0,0,0,0,0,0,0,0,0,0,0,0,0,0,0,0,0,0,0,0,0,0,1,0,1
java.lang.NumberFormatException: multiple points
linha fdp!!!!
0.283642,0.169444,0.409091,0.150322,0.322997,0.089645,0.905512,0.681102,0.228346,0.10.266133,0.769444,0.242424,0.021475,0.235142,0.06084,0.688976,0.948819,0.807087,0.124076,0,0,0,1,0,0,0,0,0,0,0,0,0,1,0,0,0,0,0,0,0,0,0,0,0,0,0,0,0,0,0,0,0,0,0,0,0,0,0,0,0,0,0,0,30.271136,0.741667,0.272727,0.042949,0.248062,0.058592,0.677165,0.964567,0.826772,0.120591,0,0,0,1,0,0,0,0,0,0,0,0,0,1,0,0,0,0,0,0,0,0,0,0,0,0,0,0,0,0,0,0,0,0,0,0,0,0,0,0,0,0,0,0,3
java.lang.NumberFormatException: multiple points
linha fdp!!!!
0.434717,0.616667,0.257576,0.085898,0.26615,0.136153,0.70.590795,0.922222,0.19697,0.107373,0.26615,0.333568,0.748031,0.88189,0.681102,0.243413,0,0,1,0,0,0,0,0,0,0,0,0,0,0,0,0,0,0,0,0,0,0,0,0,0,0,0,0,0,0,0,0,0,0,0,1,0,0,0,0,0,0,0,0,1
java.lang.NumberFormatException: multiple points
linha fdp!!!!
0.421711,0.25830.34017,0.308333,0.575758,0.064424,0.290698,0.09948,0.992126,0.673228,0.035433,0.150565,0,0,0,1,0,0,0,1,0,0,0,0,0,0,0,0,0,0,0,0,0,0,0,0,0,0,0,0,0,0,0,0,0,0,0,0,0,0,0,0,0,0,0,0,20.328664,0.3,0.545455,0.042949,0.260982,0.096108,0.996063,0.685039,0.059055,0.150843,0,0,0,1,0,0,0,1,0,0,0,0,0,0,0,0,0,0,0,0,0,0,0,0,0,0,0,0,0,0,0,0,0,0,0,0,0,0,0,0,0,0,0,0,2
java.lang.NumberFormatException: multiple points
linha fdp!!!!
0.754377,0.719444,0.318182,0.14388,0.297158,0.532809,0.6450.690345,0.394444,0.166667,0.334288,0.326873,0.173809,0.929134,0.937008,0.515748,0.262652,1,0,0,0,0,0,0,0,0,0,0,0,0,0,0,0,0,0,0,0,0,0,0,0,0,0,0,0,0,0,0,0,1,0,0,0,0,0,0,0,0,0,0,0,1
java.lang.NumberFormatException: multiple points
linha fdp!!!!
0.473237,0.3,0.515152,0.212598,0.463824,0.08170.7994,0.244444,0.454545,0.512527,0.445736,0.295911,0.976378,0.692913,0.133858,0.226126,1,0,0,0,0,0,0,0,0,0,0,0,0,0,0,0,0,0,0,0,0,0,0,0,0,0,0,0,0,0,0,0,0,0,0,0,0,0,0,0,0,0,0,1,1
java.lang.NumberFormatException: multiple points
linha fdp!!!!
0.638819,0.958333,0.212121,0.429492,0.303618,0.248419,0.7510.515258,0.755556,0.333333,0.282749,0.537468,0.183785,0.610236,0.944882,0.870079,0.228217,0,0,1,0,0,0,0,0,0,0,0,0,0,0,0,0,0,0,0,0,0,0,0,0,0,0,0,0,0,0,0,0,0,0,0,0,1,0,0,0,0,0,0,0,20.52076,0.786111,0.378788,0.303508,0.55168,0.187158,0.570866,0.913386,0.877953,0.231981,0,0,1,0,0,0,0,0,0,0,0,0,0,0,0,0,0,0,0,0,0,0,0,0,0,0,0,0,0,0,0,0,0,0,0,0,1,0,0,0,0,0,0,0,2
java.lang.NumberFormatException: multiple points
linha fdp!!!!
0.424212,0.036111,0.409091,0.154617,0.301034,0.286638,0.720472,0.0.613807,0.047222,0.19697,0,0.223514,0.402698,0.818898,0.834646,0.547244,0.298759,0,0,1,0,0,0,0,0,0,0,0,0,0,0,0,0,0,0,0,0,0,0,0,0,0,0,1,0,0,0,0,0,0,0,0,0,0,0,0,0,0,0,0,0,10.613807,0,0.212121,0,0.223514,0.4034,0.783465,0.84252,0.594488,0.301687,0,0,1,0,0,0,0,0,0,0,0,0,0,0,0,0,0,0,0,0,0,0,0,0,0,0,1,0,0,0,0,0,0,0,0,0,0,0,0,0,0,0,0,0,1
java.lang.NumberFormatException: multiple points
linha fdp!!!!
0.452726,0.238889,0.363636,0.219041,0.388889,0.148237,0.968504,0.75590.737369,0.186111,0.19697,0.04796,0.224806,0.39778,0.917323,0.838583,0.433071,0.246898,0,0,1,0,0,0,0,0,0,0,0,0,0,0,0,0,0,0,0,0,0,0,0,0,0,0,0,0,0,0,0,0,0,0,0,0,0,0,0,0,0,1,0,0,7
java.lang.NumberFormatException: multiple points
linha fdp!!!!
0.4002,0.1970.678839,0.469444,0.060606,0.501074,0.264858,0.165379,0.874016,0.948819,0.606299,0.302105,0,0,1,0,0,0,0,0,0,0,0,0,0,0,0,0,0,0,0,0,0,0,0,0,0,0,0,0,0,0,0,0,0,0,0,1,0,0,0,0,0,0,0,0,20.677339,0.433333,0.090909,0.505369,0.260982,0.163974,0.893701,0.948819,0.582677,0.301826,0,0,1,0,0,0,0,0,0,0,0,0,0,0,0,0,0,0,0,0,0,0,0,0,0,0,0,0,0,0,0,0,0,0,0,1,0,0,0,0,0,0,0,0,2
java.lang.NumberFormatException: multiple points
linha fdp!!!!
0.392196,0.116667,0.257576,0.228346,0.20801,0.234087,0.866142,0.7874020.598299,0.188889,0.075758,0.319256,0.215762,0.379514,0.885827,0.905512,0.547244,0.376969,0,0,1,0,0,0,0,0,0,0,0,0,0,0,0,0,0,0,0,0,0,0,0,0,0,0,0,0,0,0,0,0,0,0,1,0,0,0,0,0,0,0,0,0,20.596798,0.186111,0.090909,0.334288,0.22093,0.377547,0.893701,0.897638,0.531496,0.372787,0,0,1,0,0,0,0,0,0,0,0,0,0,0,0,0,0,0,0,0,0,0,0,0,0,0,0,0,0,0,0,0,0,0,1,0,0,0,0,0,0,0,0,0,2
java.lang.NumberFormatException: multiple points
linha fdp!!!!
0.56028,0.008333,0.257576,0.530422,0.365633,0.333427,0.767717,0.81100.563782,0.05,0.272727,0.578382,0.374677,0.337221,0.80315,0.791339,0.507874,0.184442,0,0,1,0,0,0,0,0,0,0,0,0,0,0,0,0,0,0,0,0,0,0,0,0,0,0,0,1,0,0,0,0,0,0,0,0,0,0,0,0,0,0,0,0,2
java.lang.NumberFormatException: multiple points
linha fdp!!!!
0.569285,0.994444,0.257576,0.589835,0.388889,0.341436,0.750.325163,0.172222,0.333333,0.060845,0.257106,0.18786,0.917323,0.740157,0.299213,0.176495,0,0,1,0,0,0,0,1,0,0,0,0,0,0,0,0,0,0,0,0,0,0,0,0,0,0,0,0,0,0,0,0,0,0,0,0,0,0,0,0,0,0,0,0,6
java.lang.NumberFormatException: multiple points
linha fdp!!!!
0.772886,0.886111,0.075758,0.231926,0.307494,0.2295910.724862,0.361111,0.454545,0.242663,0.320413,0.277926,0.992126,0.814961,0.23622,0.209118,1,0,0,0,0,0,0,0,0,0,0,0,0,0,0,0,0,0,0,0,0,0,0,0,0,0,1,0,0,0,0,0,0,0,0,0,0,0,0,0,0,0,0,0,70.71986,0.397222,0.348485,0.228346,0.307494,0.273992,0.968504,0.893701,0.377953,0.211627,1,0,0,0,0,0,0,0,0,0,0,0,0,0,0,0,0,0,0,0,0,0,0,0,0,0,1,0,0,0,0,0,0,0,0,0,0,0,0,0,0,0,0,0,7
java.lang.NumberFormatException: multiple points
BYTES READ -1
learning evaluation instances,Wall Time (Actual Time),Avg Delay (ms),outRate (inst/s),classified instances,classifications correct (percent),Kappa Statistic (percent),Kappa Temporal Statistic (percent),Kappa M Statistic (percent),F1 Score (percent),F1 Score for class 0 (percent),F1 Score for class 1 (percent),F1 Score for class 2 (percent),F1 Score for class 3 (percent),F1 Score for class 4 (percent),F1 Score for class 5 (percent),F1 Score for class 6 (percent),Precision (percent),Precision for class 0 (percent),Precision for class 1 (percent),Precision for class 2 (percent),Precision for class 3 (percent),Precision for class 4 (percent),Precision for class 5 (percent),Precision for class 6 (percent),Recall (percent),Recall for class 0 (percent),Recall for class 1 (percent),Recall for class 2 (percent),Recall for class 3 (percent),Recall for class 4 (percent),Recall for class 5 (percent),Recall for class 6 (percent),model training instances,model serialized size (bytes),ensemble size,[avg] model training instances,[err] model training instances,[avg] model serialized size (bytes),[err] model serialized size (bytes),[avg] tree size (nodes),[err] tree size (nodes),[avg] tree size (leaves),[err] tree size (leaves),[avg] active learning leaves,[err] active learning leaves,[avg] tree depth,[err] tree depth,[avg] active leaf byte size estimate,[err] active leaf byte size estimate,[avg] inactive leaf byte size estimate,[err] inactive leaf byte size estimate,[avg] byte size estimate overhead,[err] byte size estimate overhead
217225.0,599.6290283203125,41.0,362.2656555175781,217200.0,74.47099447513811,56.94983842180572,-298.79890678941285,46.00350569675723,53.320752559978246,0.2704530087897228,67.19390796110632,82.77884012663552,68.22045368415354,69.57408824279521,35.97122302158273,26.675281521137162,60.5019264218016,0.15923566878980894,79.44882717997265,75.84219020340511,58.75139873181649,82.91793313069908,61.94251734390485,64.4513826940232,47.66342313842536,0.8968609865470852,58.21438480747295,91.11210088730525,81.32825609913516,59.929701230228474,25.344687753446877,16.817970204841714,0.0,1.0,25.0,172530.27999999997,64019.21422869854,1.0,0.0,39.11999999999998,33.60223206871829,17.28,18.367816055989525,17.28,18.367816055989525,5.719999999999999,4.267317658670374,0.0,0.0,0.0,0.0,1.0,0.0
