Connected!
linha fdp!!!!
0.0.409705,0.805556,0.19697,0.021475,0.237726,0.202754,0.716535,0.937008,0.767717,0.192806,0,0,1,0,0,0,0,0,0,0,0,0,0,0,0,0,0,0,0,0,0,0,0,1,0,0,0,0,0,0,0,0,0,0,0,0,0,0,0,0,0,0,0,0,6
java.lang.NumberFormatException: multiple points
linha fdp!!!!
0.220110.252626,0.369444,0.272727,0.125268,0.322997,0.169313,0.968504,0.897638,0.405512,0.138575,0,0,0,1,0,0,1,0,0,0,0,0,0,0,0,0,0,0,0,0,0,0,0,0,0,0,0,0,0,0,0,0,0,0,0,0,0,0,0,0,0,0,0,0,3
java.lang.NumberFormatException: multiple points
linha fdp!!!!
0.48220.297149,0.236111,0.318182,0.151754,0.308786,0.114655,0.964567,0.783465,0.291339,0.11139,0,0,1,0,0,0,0,0,0,0,0,0,0,1,0,0,0,0,0,0,0,0,0,0,0,0,0,0,0,0,0,0,0,0,0,0,0,0,0,0,0,0,0,0,6
java.lang.NumberFormatException: multiple points
linha fdp!!!!
0.272136,0.263889,0.227273,0.085898,0.2635660.727864,0.138889,0.060606,0.410165,0.29199,0.503864,0.874016,0.909449,0.570866,0.562666,1,0,0,0,0,0,0,0,0,0,0,0,0,0,0,0,0,0,0,0,0,0,0,0,0,0,0,0,0,0,0,0,0,0,0,0,0,0,0,0,0,0,0,1,10.64032,0.122222,0.227273,0.269148,0.321705,0.700576,0.874016,0.807087,0.448819,0.415447,1,0,0,0,0,0,0,0,0,0,0,0,0,0,0,0,0,0,0,0,0,0,0,0,0,0,0,0,0,0,0,0,0,1,0,0,0,0,0,0,0,0,0,0,1
java.lang.NumberFormatException: multiple points
linha fdp!!!!
0.725363,0.03880.714357,0.113889,0.136364,0.242663,0.347545,0.270058,0.870079,0.870079,0.527559,0.336679,1,0,0,0,0,0,0,0,0,0,0,0,0,0,0,0,0,0,0,0,0,0,0,0,0,0,0,0,0,0,0,0,0,0,0,0,0,0,0,0,0,0,1,0,1
java.lang.NumberFormatException: multiple points
linha fdp!!!!
0.541271,0.158333,0.242424,0,0.223514,0.056765,0.901575,0.799213,0.401575,0.2080.550275,0.063889,0.181818,0.204009,0.25323,0.217648,0.834646,0.84252,0.535433,0.092569,0,0,1,0,0,0,0,0,0,0,0,0,0,0,0,0,0,0,0,0,0,0,0,0,0,0,0,0,0,0,0,0,0,0,0,1,0,0,0,0,0,0,0,0,1
java.lang.NumberFormatException: multiple points
linha fdp!!!!
0.533767,0.041667,0.166667,0.085898,0.232558,0.748209,0.826772,0.854331,0.562992,0.560.563282,0.191667,0.166667,0.194703,0.308786,0.811999,0.909449,0.862205,0.468504,0.53562,1,0,0,0,0,0,0,0,0,0,0,0,0,0,0,0,0,0,0,0,0,0,0,0,0,0,0,0,0,0,0,0,1,0,0,0,0,0,0,0,0,0,0,0,20.55978,0.186111,0.212121,0.19184,0.299742,0.807925,0.917323,0.830709,0.417323,0.539663,1,0,0,0,0,0,0,0,0,0,0,0,0,0,0,0,0,0,0,0,0,0,0,0,0,0,0,0,0,0,0,0,1,0,0,0,0,0,0,0,0,0,0,0,2
java.lang.NumberFormatException: multiple points
linha fdp!!!!
0.492746,0.125,0.181818,0.365068,0.2950.545273,0.919444,0.121212,0.289191,0.418605,0.666573,0.791339,0.905512,0.661417,0.705144,1,0,0,0,0,0,0,0,0,0,0,0,0,0,0,1,0,0,0,0,0,0,0,0,0,0,0,0,0,0,0,0,0,0,0,0,0,0,0,0,0,0,0,0,2
java.lang.NumberFormatException: multiple points
linha fdp!!!!
0.627314,0.513889,0.0.556778,0.277778,0.242424,0.14388,0.26615,0.860475,0.964567,0.846457,0.370079,0.527534,1,0,0,0,0,0,0,0,0,0,0,0,0,0,0,0,0,0,0,0,0,0,0,0,0,0,0,1,0,0,0,0,0,0,0,0,0,0,0,0,0,0,0,0,1
java.lang.NumberFormatException: multiple points
linha fdp!!!!
0.463232,0.158333,0.07570.564782,0.25,0.151515,0.184681,0.273902,0.869748,0.929134,0.88189,0.464567,0.521818,1,0,0,0,0,0,0,0,0,0,0,0,0,0,0,0,0,0,0,0,0,0,0,0,0,0,0,1,0,0,0,0,0,0,0,0,0,0,0,0,0,0,0,0,20.55978,0.244444,0.257576,0.173228,0.273902,0.865674,0.956693,0.822835,0.350394,0.525582,1,0,0,0,0,0,0,0,0,0,0,0,0,0,0,0,0,0,0,0,0,0,0,0,0,0,0,1,0,0,0,0,0,0,0,0,0,0,0,0,0,0,0,0,1
java.lang.NumberFormatException: multiple points
linha fdp!!!!
0.447224,0.263889,0.166667,0.047960.3992,0.036111,0.454545,0.04796,0.264858,0.144021,0.692913,0.645669,0.437008,0.440262,1,0,0,0,0,0,0,0,0,0,0,0,0,0,0,0,0,0,0,0,0,0,0,0,0,0,0,0,0,0,0,0,0,1,0,0,0,0,0,0,0,0,0,0,20.395198,0.066667,0.454545,0.060845,0.262274,0.140087,0.740157,0.629921,0.362205,0.437613,1,0,0,0,0,0,0,0,0,0,0,0,0,0,0,0,0,0,0,0,0,0,0,0,0,0,0,0,0,0,0,0,1,0,0,0,0,0,0,0,0,0,0,0,2
java.lang.NumberFormatException: multiple points
linha fdp!!!!
0.353177,0.136111,0.30303,0.292054,0.282946,0.054798,0.88189,0.76378,0.377953,0.3530.532766,0.213889,0.212121,0.085898,0.258398,0.537727,0.933071,0.834646,0.405512,0.712951,1,0,0,0,0,0,0,0,0,0,0,0,0,0,0,0,0,0,0,0,0,0,0,0,0,0,0,0,0,0,0,0,0,1,0,0,0,0,0,0,0,0,0,0,10.528264,0.213889,0.242424,0.064424,0.24677,0.533652,0.937008,0.826772,0.385827,0.709048,1,0,0,0,0,0,0,0,0,0,0,0,0,0,0,0,0,0,0,0,0,0,0,0,0,0,0,0,0,0,0,0,0,1,0,0,0,0,0,0,0,0,0,0,1
java.lang.NumberFormatException: multiple points
linha fdp!!!!
0.3997,0.233333,0.257576,0.198282,0.29845,0.1745120.569785,0.175,0.045455,0.221188,0.257106,0.743431,0.874016,0.917323,0.574803,0.875505,1,0,0,0,0,0,0,0,0,0,0,0,0,0,0,1,0,0,0,0,0,0,0,0,0,0,0,0,0,0,0,0,0,0,0,0,0,0,0,0,0,0,0,0,10.569785,0.155556,0.075758,0.202577,0.257106,0.739356,0.88189,0.897638,0.551181,0.871462,1,0,0,0,0,0,0,0,0,0,0,0,0,0,0,1,0,0,0,0,0,0,0,0,0,0,0,0,0,0,0,0,0,0,0,0,0,0,0,0,0,0,0,0,2
java.lang.NumberFormatException: multiple points
linha fdp!!!!
0.465733,0.063889,0.272727,0.271296,0.322997,0.240832,0.810.529265,0.330556,0.166667,0.030064,0.231266,0.605733,0.940945,0.905512,0.472441,0.593894,1,0,0,0,0,0,0,0,0,0,0,0,0,0,0,0,0,0,0,0,0,0,0,0,0,0,0,0,0,0,0,0,1,0,0,0,0,0,0,0,0,0,0,0,2
java.lang.NumberFormatException: multiple points
linha fdp!!!!
0.47924,0.394444,0.310.35968,0.436111,0.181818,0.021475,0.226098,0.191935,0.917323,0.948819,0.53937,0.115712,1,0,0,0,0,0,0,0,0,0,0,0,0,0,0,0,0,0,0,0,0,0,0,0,0,0,0,0,0,0,0,0,0,1,0,0,0,0,0,0,0,0,0,0,2
java.lang.NumberFormatException: multiple points
linha fdp!!!!
0.387694,0.011111,0.151515,0.167502,0.20801,0.067585,0.814961,0.870079,0.590.501251,0.269444,0.242424,0.173228,0.301034,0.416608,0.96063,0.846457,0.377953,0.325805,1,0,0,0,0,0,0,0,0,0,0,0,0,0,0,0,0,0,0,0,0,0,0,0,0,0,0,0,0,0,0,0,1,0,0,0,0,0,0,0,0,0,0,0,2
java.lang.NumberFormatException: multiple points
linha fdp!!!!
0.408704,0.130556,0.257576,0.221188,0.254522,0.131938,0.88189,0.791339,0.417323,0.250940.453727,0.063889,0.227273,0.107373,0.264858,0.220599,0.826772,0.811024,0.507874,0.402203,1,0,0,0,0,0,0,0,0,0,0,0,0,0,0,0,0,0,0,0,0,0,0,0,0,0,0,0,0,0,0,0,1,0,0,0,0,0,0,0,0,0,0,0,2
java.lang.NumberFormatException: multiple points
linha fdp!!!!
0.431716,0.952778,0.287879,0.042949,0.241602,0.431643,0.0.636818,0.991667,0.19697,0.228346,0.25323,0.51103,0.783465,0.850394,0.606299,0.53088,1,0,0,0,0,0,0,0,0,0,0,0,0,0,0,0,0,0,0,0,0,0,0,0,0,0,0,0,0,0,0,0,1,0,0,0,0,0,0,0,0,0,0,0,10.636818,0.058333,0.166667,0.24481,0.257106,0.514964,0.838583,0.854331,0.551181,0.526837,1,0,0,0,0,0,0,0,0,0,0,0,0,0,0,0,0,0,0,0,0,0,0,0,0,0,0,0,0,0,0,0,1,0,0,0,0,0,0,0,0,0,0,0,1
java.lang.NumberFormatException: multiple points
linha fdp!!!!
0.551776,0.427778,0.242424,0.125268,0.209302,0.680.592296,0.116667,0.181818,0.224052,0.319121,0.75411,0.874016,0.838583,0.488189,0.108602,1,0,0,0,0,0,0,0,0,0,0,0,0,0,0,0,0,0,0,0,0,0,0,0,0,0,0,0,0,0,0,0,1,0,0,0,0,0,0,0,0,0,0,0,2
java.lang.NumberFormatException: multiple points
linha fdp!!!!
0.422711,0.991667,0.075758,0.021475,0.220.457229,0.105556,0.121212,0.137437,0.27261,0.23212,0.866142,0.877953,0.543307,0.323575,1,0,0,0,0,0,0,0,0,0,0,0,0,0,0,1,0,0,0,0,0,0,0,0,0,0,0,0,0,0,0,0,0,0,0,0,0,0,0,0,0,0,0,0,20.454727,0.172222,0.136364,0.154617,0.271318,0.228186,0.897638,0.870079,0.492126,0.31981,1,0,0,0,0,0,0,0,0,0,0,0,0,0,0,1,0,0,0,0,0,0,0,0,0,0,0,0,0,0,0,0,0,0,0,0,0,0,0,0,0,0,0,0,2
java.lang.NumberFormatException: multiple points
linha fdp!!!!
0.456728,0.894444,0.151510.502251,0.375,0.090909,0.137437,0.258398,0.360686,0.905512,0.933071,0.551181,0.355082,1,0,0,0,0,0,0,0,0,0,0,0,0,0,0,0,0,0,0,0,0,0,0,0,0,0,1,0,0,0,0,0,0,0,0,0,0,0,0,0,0,0,0,0,2
java.lang.NumberFormatException: multiple points
linha fdp!!!!
0.535768,0.7,0.015150.422211,0.197222,0.212121,0.257695,0.334625,0.143319,0.925197,0.838583,0.42126,0.094661,1,0,0,0,0,0,0,0,0,0,0,0,0,0,0,0,0,0,0,0,0,0,0,0,0,0,0,0,0,0,0,0,1,0,0,0,0,0,0,0,0,0,0,0,2
java.lang.NumberFormatException: multiple points
linha fdp!!!!
0.568284,0.905556,0.106061,0.030060.41971,0.208333,0.318182,0.150322,0.319121,0.2154,0.944882,0.775591,0.307087,0.050328,1,0,0,0,0,0,0,0,0,0,0,0,0,0,0,0,0,0,0,0,0,0,0,0,0,0,0,0,0,0,0,0,1,0,0,0,0,0,0,0,0,0,0,0,20.413707,0.225,0.30303,0.128848,0.303618,0.215681,0.952756,0.791339,0.318898,0.046145,1,0,0,0,0,0,0,0,0,0,0,0,0,0,0,0,0,0,0,0,0,0,0,0,0,0,0,0,0,0,0,0,1,0,0,0,0,0,0,0,0,0,0,0,2
java.lang.NumberFormatException: multiple points
linha fdp!!!!
0.395698,0.113889,0.190.404702,0.194444,0.227273,0.064424,0.25323,0.211184,0.925197,0.826772,0.401575,0.041824,1,0,0,0,0,0,0,0,0,0,0,0,0,0,0,0,0,0,0,0,0,0,0,0,0,0,1,0,0,0,0,0,0,0,0,0,0,0,0,0,0,0,0,0,2
java.lang.NumberFormatException: multiple points
linha fdp!!!!
0.576288,0.313889,0.348485,0.136006,0.290698,0.626247,0.90.423212,0.027778,0.151515,0.042949,0.231266,0.208655,0.822835,0.866142,0.582677,0.130768,1,0,0,0,0,0,0,0,0,0,0,0,0,0,0,0,0,0,0,0,0,0,0,0,0,0,1,0,0,0,0,0,0,0,0,0,0,0,0,0,0,0,0,0,2
java.lang.NumberFormatException: multiple points
linha fdp!!!!
0.606803,0.319444,0.257576,0.154617,0.307494,0.695518,0.972441,0.870079,0.374016,0.390.633817,0.255556,0.166667,0.2398,0.29845,0.728537,0.937008,0.874016,0.448819,0.251777,1,0,0,0,0,0,0,0,0,0,0,0,0,0,0,0,0,0,0,0,0,0,0,0,0,0,0,0,0,0,0,0,1,0,0,0,0,0,0,0,0,0,0,0,1
java.lang.NumberFormatException: multiple points
linha fdp!!!!
0.511256,0.0.667834,0.213889,0.136364,0.167502,0.282946,0.79275,0.913386,0.88189,0.492126,0.312561,1,0,0,0,0,0,0,0,0,0,0,0,0,0,0,0,0,0,0,0,0,0,0,0,0,0,0,0,0,0,0,0,1,0,0,0,0,0,0,0,0,0,0,0,2
java.lang.NumberFormatException: multiple points
linha fdp!!!!
0.633817,0.9138890.651826,0.977778,0.181818,0.269148,0.28553,0.677392,0.783465,0.862205,0.622047,0.424927,1,0,0,0,0,0,0,0,0,0,0,0,0,0,0,0,0,0,0,0,0,0,0,0,0,0,0,0,0,0,0,0,0,1,0,0,0,0,0,0,0,0,0,0,1
java.lang.NumberFormatException: multiple points
linha fdp!!!!
0.523762,0.238880.664832,0.783333,0.333333,0.042949,0.262274,0.617676,0.602362,0.925197,0.862205,0.463962,1,0,0,0,0,0,0,0,0,0,0,0,0,0,0,0,0,0,0,0,0,0,0,0,0,0,0,0,0,0,0,0,1,0,0,0,0,0,0,0,0,0,0,0,1
java.lang.NumberFormatException: multiple points
linha fdp!!!!
0.685343,0.163880.632816,0.244444,0.287879,0.258411,0.303618,0.529718,0.96063,0.811024,0.330709,0.113063,1,0,0,0,0,0,0,0,0,0,0,0,0,0,0,0,0,0,0,0,0,0,0,0,0,0,0,0,0,0,0,0,1,0,0,0,0,0,0,0,0,0,0,0,2
java.lang.NumberFormatException: multiple points
linha fdp!!!!
0.690345,0.05,0.121212,0.214746,0.409561,0.69327,0.84252,0.80.666833,0.661111,0.045455,0.060845,0.228682,0.818884,0.84252,0.952756,0.653543,0.223616,1,0,0,0,0,0,0,0,0,0,0,0,0,0,0,0,0,0,0,0,0,0,0,0,0,0,1,0,0,0,0,0,0,0,0,0,0,0,0,0,0,0,0,0,2
java.lang.NumberFormatException: multiple points
linha fdp!!!!
0.624812,0.141667,0.227273,0.136006,0.280362,0.50.6003,0.880556,0.272727,0.042949,0.24677,0.431924,0.673228,0.874016,0.748031,0.071518,1,0,0,0,0,0,0,0,0,0,0,0,0,0,0,0,0,0,0,0,0,0,0,0,0,0,1,0,0,0,0,0,0,0,0,0,0,0,0,0,0,0,0,0,10.604302,0.886111,0.30303,0.060845,0.226098,0.427849,0.653543,0.858268,0.751969,0.075422,1,0,0,0,0,0,0,0,0,0,0,0,0,0,0,0,0,0,0,0,0,0,0,0,0,0,1,0,0,0,0,0,0,0,0,0,0,0,0,0,0,0,0,0,1
java.lang.NumberFormatException: multiple points
linha fdp!!!!
0.66083,0.208333,0.287879,0.150322,0.245478,0.688071,0.940945,0.791339,0.330709,0.19710.614807,0.902778,0.19697,0.130279,0.237726,0.301813,0.73622,0.885827,0.700787,0.230308,1,0,0,0,0,0,0,0,0,0,0,0,0,0,0,0,0,0,0,0,0,0,0,0,0,0,0,0,0,0,0,0,1,0,0,0,0,0,0,0,0,0,0,0,1
java.lang.NumberFormatException: multiple points
linha fdp!!!!
0.683342,0.452778,0.151515,0.130279,0.23900.648824,0.161111,0.545455,0.088762,0.301034,0.55262,0.862205,0.559055,0,0.143176,1,0,0,0,0,0,0,0,0,0,0,0,0,0,0,0,0,0,0,0,0,0,0,0,0,0,0,0,0,0,0,0,0,1,0,0,0,0,0,0,0,0,0,0,1
java.lang.NumberFormatException: multiple points
linha fdp!!!!
0.636318,0.077778,0.090909,0.214746,0.263566,0.294085,0.85820.67934,0.425,0.060606,0.030064,0.228682,0.835745,0.885827,0.944882,0.590551,0.128816,1,0,0,0,0,0,0,0,0,0,0,0,0,0,0,0,0,0,0,0,0,0,1,0,0,0,0,0,0,0,0,0,0,0,0,0,0,0,0,0,0,0,0,0,1
java.lang.NumberFormatException: multiple points
linha fdp!!!!
0.667834,0.127778,0.575758,0.136006,0.347545,0.55796,0.795276,0.510.69935,0.211111,0.181818,0.30136,0.280362,0.878179,0.925197,0.854331,0.437008,0.113202,1,0,0,0,0,0,0,0,0,0,0,0,0,0,0,0,0,0,0,0,0,0,0,0,0,1,0,0,0,0,0,0,0,0,0,0,0,0,0,0,0,0,0,0,10.696348,0.191667,0.181818,0.279885,0.27261,0.882394,0.917323,0.850394,0.444882,0.113063,1,0,0,0,0,0,0,0,0,0,0,0,0,0,0,0,0,0,0,0,0,0,0,0,0,1,0,0,0,0,0,0,0,0,0,0,0,0,0,0,0,0,0,0,1
java.lang.NumberFormatException: multiple points
linha fdp!!!!
0.642821,0.086111,0.348485,0.030064,0.2441860.546773,0.961111,0.106061,0.163207,0.251938,0.093298,0.814961,0.901575,0.633858,0.308797,1,0,0,0,0,0,0,0,0,0,0,0,0,0,0,0,0,0,0,0,0,0,0,0,0,0,0,0,0,0,0,0,1,0,0,0,0,0,0,0,0,0,0,0,20.547774,0.188889,0.151515,0.156049,0.254522,0.089363,0.909449,0.866142,0.476378,0.306845,1,0,0,0,0,0,0,0,0,0,0,0,0,0,0,0,0,0,0,0,0,0,0,0,0,0,0,0,0,0,0,0,1,0,0,0,0,0,0,0,0,0,0,0,2
java.lang.NumberFormatException: multiple points
linha fdp!!!!
0.6960.685343,0.136111,0.136364,0.085898,0.249354,0.746522,0.88189,0.866142,0.507874,0.073052,1,0,0,0,0,0,0,0,0,0,0,0,0,0,0,0,0,0,0,0,0,0,0,0,0,1,0,0,0,0,0,0,0,0,0,0,0,0,0,0,0,0,0,0,1
java.lang.NumberFormatException: multiple points
linha fdp!!!!
0.677339,0.566667,0.166667,0.021475,0.20.505753,0.191667,0.5,0.064424,0.186047,0.048054,0.917323,0.614173,0.110236,0.319253,1,0,0,0,0,0,0,0,0,0,0,0,0,0,0,0,0,0,0,0,0,0,0,0,0,0,0,0,0,0,0,0,0,1,0,0,0,0,0,0,0,0,0,0,20.496748,0.197222,0.515152,0.068003,0.182171,0.043979,0.92126,0.610236,0.094488,0.318835,1,0,0,0,0,0,0,0,0,0,0,0,0,0,0,0,0,0,0,0,0,0,0,0,0,0,0,0,0,0,0,0,0,1,0,0,0,0,0,0,0,0,0,0,2
java.lang.NumberFormatException: multiple points
linha fdp!!!!
0.583792,0.00.581791,0.080556,0.090909,0.077309,0.223514,0.115779,0.858268,0.893701,0.570866,0.294995,1,0,0,0,0,0,0,0,0,0,0,0,0,0,0,0,0,0,0,0,0,0,0,0,0,0,0,0,0,0,0,0,1,0,0,0,0,0,0,0,0,0,0,0,20.58079,0.105556,0.090909,0.090909,0.223514,0.111564,0.866142,0.893701,0.562992,0.293601,1,0,0,0,0,0,0,0,0,0,0,0,0,0,0,0,0,0,0,0,0,0,0,0,0,0,0,0,0,0,0,0,1,0,0,0,0,0,0,0,0,0,0,0,2
java.lang.NumberFormatException: multiple points
linha fdp!!!!
0.722361,0.875,0.015152,0.0.712356,0.977778,0.19697,0.125268,0.326873,0.691584,0.779528,0.858268,0.622047,0.008365,1,0,0,0,0,0,0,0,0,0,0,0,0,0,0,0,0,0,0,0,0,0,0,0,0,0,0,0,0,0,0,0,0,0,0,0,0,0,0,0,0,1,0,0,1
java.lang.NumberFormatException: multiple points
linha fdp!!!!
0.727364,0.730.71986,0.058333,0.19697,0.2398,0.346253,0.701279,0.830709,0.834646,0.531496,0.026767,1,0,0,0,0,0,0,0,0,0,0,0,0,0,0,0,0,0,0,0,0,0,0,0,0,0,0,0,0,0,0,0,0,0,0,0,0,0,0,0,0,1,0,0,1
java.lang.NumberFormatException: multiple points
linha fdp!!!!
0.091046,0.266667,0.257576,0.257695,0.326873,0.068006,0.9640.729365,0.069444,0.106061,0.107373,0.24031,0.424196,0.854331,0.885827,0.570866,0.317719,1,0,0,0,0,0,0,0,0,0,0,0,0,0,0,0,0,0,0,0,0,0,0,0,0,0,0,0,0,0,0,0,0,0,0,0,0,0,0,0,0,0,1,0,70.728364,0.161111,0.136364,0.090909,0.237726,0.422369,0.893701,0.874016,0.507874,0.321623,1,0,0,0,0,0,0,0,0,0,0,0,0,0,0,0,0,0,0,0,0,0,0,0,0,0,0,0,0,0,0,0,0,0,0,0,0,0,0,0,0,0,1,0,7
java.lang.NumberFormatException: multiple points
linha fdp!!!!
0.348674,0.725,0.409091,0.121689,0.317829,0.127441,0.570866,0.950.43972,0.130556,0.287879,0.085898,0.280362,0.198679,0.877953,0.767717,0.389764,0.139272,0,0,1,0,0,0,0,0,0,0,0,0,0,0,0,0,0,0,0,0,0,0,0,0,0,0,0,0,0,0,0,0,0,0,1,0,0,0,0,0,0,0,0,0,20.435718,0.125,0.318182,0.064424,0.270026,0.199944,0.870079,0.748031,0.374016,0.141503,0,0,1,0,0,0,0,0,0,0,0,0,0,0,0,0,0,0,0,0,0,0,0,0,0,0,0,0,0,0,0,0,0,0,1,0,0,0,0,0,0,0,0,0,2
java.lang.NumberFormatException: multiple points
linha fdp!!!!
0.455728,0.002778,0.227273,0.10952,0.30491,0.218772,0.70.350175,0.877778,0.212121,0,0.223514,0.252635,0.716535,0.893701,0.728346,0.189321,0,0,1,0,0,0,0,0,0,0,0,0,0,0,0,0,0,0,0,0,0,0,0,1,0,0,0,0,0,0,0,0,0,0,0,0,0,0,0,0,0,0,0,0,6
java.lang.NumberFormatException: multiple points
linha fdp!!!!
0.105553,0.877778,0.227273,0.100.082541,0.016667,0.515152,0.064424,0.299742,0.021076,0.629921,0.610236,0.456693,0.022585,0,0,0,1,0,0,0,0,0,0,0,0,0,1,0,0,0,0,0,0,0,0,0,0,0,0,0,0,0,0,0,0,0,0,0,0,0,0,0,0,0,0,0,0,3
java.lang.NumberFormatException: multiple points
linha fdp!!!!
0.47924,0.95,0.227273,0.20250.630815,0.186111,0.333333,0.408017,0.153747,0.168751,0.929134,0.755906,0.30315,0.138018,1,0,0,0,0,0,0,0,0,0,0,0,0,0,0,0,0,0,0,0,0,0,0,0,0,0,0,0,0,0,0,0,1,0,0,0,0,0,0,0,0,0,0,0,1
java.lang.NumberFormatException: multiple points
linha fdp!!!!
0.40.422211,0.655556,0.545455,0.060845,0.270026,0.214978,0.535433,0.96063,0.885827,0.19657,0,0,1,0,0,0,0,1,0,0,0,0,0,0,0,0,0,0,0,0,0,0,0,0,0,0,0,0,0,0,0,0,0,0,0,0,0,0,0,0,0,0,0,0,2
java.lang.NumberFormatException: multiple points
linha fdp!!!!
0.593797,0.05,0.121212,0.2040.090545,0.338889,0.515152,0.151754,0.27261,0.037656,0.996063,0.755906,0.141732,0.088666,0,0,0,1,0,0,1,0,0,0,0,0,0,0,0,0,0,0,0,0,0,0,0,0,0,0,0,0,0,0,0,0,0,0,0,0,0,0,0,0,0,0,0,0,30.08054,0.319444,0.530303,0.167502,0.24677,0.034003,1,0.724409,0.106299,0.088248,0,0,0,1,0,0,1,0,0,0,0,0,0,0,0,0,0,0,0,0,0,0,0,0,0,0,0,0,0,0,0,0,0,0,0,0,0,0,0,0,0,0,0,0,3
java.lang.NumberFormatException: multiple points
linha fdp!!!!
0.468234,0.7,0.0.554777,0.980556,0.287879,0.24481,0.286822,0.105381,0.720472,0.795276,0.606299,0.24174,0,0,1,0,0,0,0,0,0,0,0,0,0,0,0,0,0,0,0,0,0,0,0,0,0,0,0,1,0,0,0,0,0,0,0,0,0,0,0,0,0,0,0,0,20.555778,0.969444,0.242424,0.23121,0.322997,0.108754,0.740157,0.830709,0.629921,0.244249,0,0,1,0,0,0,0,0,0,0,0,0,0,0,0,0,0,0,0,0,0,0,0,0,0,0,0,1,0,0,0,0,0,0,0,0,0,0,0,0,0,0,0,0,2
java.lang.NumberFormatException: multiple points
linha fdp!!!!
0.136068,0.127778,0.515152,0.173228,0.328165,0.099199,0.822835,0.57874,0.0.53927,0.130556,0.318182,0.042949,0.228682,0.051286,0.874016,0.748031,0.370079,0.051722,0,0,1,0,0,0,0,0,0,0,0,0,0,0,0,0,0,0,0,0,0,0,0,0,0,0,0,0,0,0,0,0,0,0,1,0,0,0,0,0,0,0,0,0,20.534767,0.105556,0.318182,0.060845,0.22739,0.052129,0.846457,0.748031,0.401575,0.052837,0,0,1,0,0,0,0,0,0,0,0,0,0,0,0,0,0,0,0,0,0,0,0,0,0,0,0,0,0,0,0,0,0,0,1,0,0,0,0,0,0,0,0,0,2
java.lang.NumberFormatException: multiple points
linha fdp!!!!
0.695848,0.655556,0.272727,0.077309,0.260982,0.0.669835,0.375,0.545455,0.528275,0.633075,0.153435,0.980315,0.783465,0.177165,0.370277,1,0,0,0,0,0,0,0,0,0,0,0,0,0,0,0,0,0,0,0,0,0,0,0,0,0,0,0,0,0,0,0,1,0,0,0,0,0,0,0,0,0,0,0,10.65983,0.352778,0.590909,0.518969,0.607235,0.150063,0.984252,0.720472,0.082677,0.366374,1,0,0,0,0,0,0,0,0,0,0,0,0,0,0,0,0,0,0,0,0,0,0,0,0,0,0,0,0,0,0,0,1,0,0,0,0,0,0,0,0,0,0,0,1
java.lang.NumberFormatException: multiple points
linha fdp!!!!
0.457729,0.822222,0.4690.206603,0.055556,0.287879,0.021475,0.235142,0.151749,0.80315,0.775591,0.492126,0.127143,0,0,0,1,0,0,0,0,0,1,0,0,0,0,0,0,0,0,0,0,0,0,0,0,0,0,0,0,0,0,0,0,0,0,0,0,0,0,0,0,0,0,0,0,6
java.lang.NumberFormatException: multiple points
linha fdp!!!!
0.229115,0.013889,0.136364,0.265569,0.350129,0.105381,0.822835,0.877953,0.598425,0.00.156578,0.019444,0.515152,0.060845,0.288114,0.135872,0.629921,0.606299,0.452756,0.047679,0,0,0,1,0,0,0,0,0,0,0,0,0,1,0,0,0,0,0,0,0,0,0,0,0,0,0,0,0,0,0,0,0,0,0,0,0,0,0,0,0,0,0,0,30.156578,0.036111,0.530303,0.042949,0.288114,0.13545,0.641732,0.574803,0.393701,0.048934,0,0,0,1,0,0,0,0,0,0,0,0,0,1,0,0,0,0,0,0,0,0,0,0,0,0,0,0,0,0,0,0,0,0,0,0,0,0,0,0,0,0,0,0,3
java.lang.NumberFormatException: multiple points
linha fdp!!!!
0.194597,0.916667,0.257576,0.2398,0.430233,0.177181,0.69685,0.8500.558279,0.569444,0.181818,0.18325,0.257106,0.203878,0.838583,0.988189,0.673228,0.198801,0,0,1,0,0,0,0,0,0,0,0,0,0,0,0,0,0,0,0,0,0,0,0,0,0,0,0,0,0,0,0,0,0,0,1,0,0,0,0,0,0,0,0,0,2
java.lang.NumberFormatException: multiple points
linha fdp!!!!
0.467234,0.886111,0.227273,0.121689,0.281654,0.30.248124,0.272222,0.166667,0.182534,0.301034,0.187158,0.937008,0.88189,0.452756,0.044472,0,0,0,1,0,0,0,0,0,1,0,0,0,0,0,0,0,0,0,0,0,0,0,0,0,0,0,0,0,0,0,0,0,0,0,0,0,0,0,0,0,0,0,0,3
java.lang.NumberFormatException: multiple points
linha fdp!!!!
0.711356,0.363889,0.151515,0.0.213107,0.4,0.030303,0.121689,0.275194,0.227905,0.874016,0.937008,0.598425,0.109438,0,0,0,1,0,1,0,0,0,0,0,0,0,0,0,0,0,0,0,0,0,0,0,0,0,0,0,0,0,0,0,0,0,0,0,0,0,0,0,0,0,0,0,0,60.213607,0.797222,0.075758,0.136006,0.29199,0.227765,0.811024,0.944882,0.677165,0.109996,0,0,0,1,0,1,0,0,0,0,0,0,0,0,0,0,0,0,0,0,0,0,0,0,0,0,0,0,0,0,0,0,0,0,0,0,0,0,0,0,0,0,0,0,6
java.lang.NumberFormatException: multiple points
linha fdp!!!!
0.642820.552276,0.030556,0.121212,0.176807,0.258398,0.222425,0.830709,0.877953,0.582677,0.092848,0,0,1,0,0,0,0,0,0,0,0,0,0,0,0,0,0,0,0,0,0,0,0,0,0,0,0,0,0,0,0,0,0,0,0,1,0,0,0,0,0,0,0,0,1
java.lang.NumberFormatException: multiple points
linha fdp!!!!
0.544272,0.058333,0.242424,0.340.488244,0.394444,0.212121,0.04796,0.244186,0.322748,0.944882,0.929134,0.476378,0.127004,0,0,1,0,0,0,0,0,0,0,0,0,0,0,0,0,1,0,0,0,0,0,0,0,0,0,0,0,0,0,0,0,0,0,0,0,0,0,0,0,0,0,0,0,1
java.lang.NumberFormatException: multiple points
linha fdp!!!!
0.291146,0.6472220.593297,0.241667,0.5,0.107373,0.313953,0.283968,0.972441,0.653543,0.082677,0.507459,1,0,0,0,0,0,0,0,0,0,0,0,0,0,0,0,0,0,0,0,0,0,0,0,0,0,0,0,0,0,0,0,1,0,0,0,0,0,0,0,0,0,0,0,1
java.lang.NumberFormatException: multiple points
linha fdp!!!!
0.229115,0.966667,0.333333,0.020.324162,0.913889,0.106061,0.042949,0.235142,0.06084,0.80315,0.913386,0.65748,0.213021,0,0,0,1,0,0,0,0,0,1,0,0,0,0,0,0,0,0,0,0,0,0,0,0,0,0,0,0,0,0,0,0,0,0,0,0,0,0,0,0,0,0,0,0,6
java.lang.NumberFormatException: multiple points
linha fdp!!!!
0.561281,0.691667,0.393939,0.021475,0.24031,0.382605,0.602360.718359,0.227778,0.363636,0.344309,0.31137,0.227624,0.964567,0.751969,0.248031,0.385613,1,0,0,0,0,0,0,0,0,0,0,0,0,0,0,0,0,0,0,0,0,0,0,0,0,0,0,0,0,0,0,0,0,0,0,0,0,0,0,0,0,0,1,0,1
java.lang.NumberFormatException: multiple points
linha fdp!!!!
0.5993,0.920.634817,0.138889,0.166667,0.259127,0.329457,0.086834,0.885827,0.850394,0.488189,0.082811,0,0,1,0,0,0,0,0,0,0,0,0,0,0,0,0,0,0,0,0,0,0,0,0,0,0,0,0,0,0,0,0,0,0,1,0,0,0,0,0,0,0,0,0,1
java.lang.NumberFormatException: multiple points
linha fdp!!!!
0.5993,0.066667,0.181818,0,0.223514,0.147530.312656,0.991667,0.257576,0,0.223514,0.161304,0.751969,0.814961,0.598425,0.121985,0,0,0,1,0,0,0,0,0,1,0,0,0,0,0,0,0,0,0,0,0,0,0,0,0,0,0,0,0,0,0,0,0,0,0,0,0,0,0,0,0,0,0,0,2
java.lang.NumberFormatException: multiple points
linha fdp!!!!
0.513757,0.402778,0.227273,0,0.223514,0.147534,0.944882,0.920.496248,0.45,0.242424,0.021475,0.226098,0.16018,0.92126,0.952756,0.527559,0.297923,0,0,1,0,0,0,0,0,0,0,0,0,0,0,0,0,0,0,0,0,0,0,0,1,0,0,0,0,0,0,0,0,0,0,0,0,0,0,0,0,0,0,0,0,2
java.lang.NumberFormatException: multiple points
linha fdp!!!!
0.516758,0.00.457229,0.35,0.136364,0.068003,0.23385,0.096108,0.925197,0.92126,0.511811,0.36721,0,0,1,0,0,0,0,0,0,0,0,0,0,0,1,0,0,0,0,0,0,0,0,0,0,0,0,0,0,0,0,0,0,0,0,0,0,0,0,0,0,0,0,0,2
java.lang.NumberFormatException: multiple points
linha fdp!!!!
0.71936,0.1055560.336168,0.958333,0.19697,0.214746,0.303618,0.011943,0.767717,0.866142,0.641732,0.0711,0,0,0,1,0,0,0,0,0,1,0,0,0,0,0,0,0,0,0,0,0,0,0,0,0,0,0,0,0,0,0,0,0,0,0,0,0,0,0,0,0,0,0,0,2
java.lang.NumberFormatException: multiple points
linha fdp!!!!
0.458229,0.402778,0.242424,0.128848,0.237726,0.0.356678,0.980556,0.363636,0.257695,0.427649,0.032036,0.673228,0.748031,0.594488,0.114178,0,0,0,1,0,0,0,0,0,0,0,0,0,1,0,0,0,0,0,0,0,0,0,0,0,0,0,0,0,0,0,0,0,0,0,0,0,0,0,0,0,0,0,0,2
java.lang.NumberFormatException: multiple points
linha fdp!!!!
0.352676,0.961111,0.287879,0.330.610805,0.244444,0.257576,0.030064,0.229974,0.220599,0.956693,0.826772,0.354331,0.433849,0,0,1,0,0,0,0,0,0,0,0,0,0,0,0,0,0,0,0,0,0,0,0,0,0,0,1,0,0,0,0,0,0,0,0,0,0,0,0,0,0,0,0,0,1
java.lang.NumberFormatException: multiple points
linha fdp!!!!
0.365183,0.588889,0.363636,0.128848,0.302326,0.142616,0.755900.572286,0.066667,0.181818,0.115963,0.213178,0.330898,0.838583,0.84252,0.531496,0.379757,0,0,1,0,0,0,0,0,0,0,0,0,0,0,0,0,0,0,0,0,0,0,0,0,0,0,0,0,0,0,0,0,0,0,0,1,0,0,0,0,0,0,0,0,20.571786,0.019444,0.136364,0.125268,0.22093,0.328509,0.822835,0.874016,0.590551,0.375714,0,0,1,0,0,0,0,0,0,0,0,0,0,0,0,0,0,0,0,0,0,0,0,0,0,0,0,0,0,0,0,0,0,0,0,1,0,0,0,0,0,0,0,0,2
java.lang.NumberFormatException: multiple points
linha fdp!!!!
0.5770.512256,0.086111,0.257576,0.327845,0.374677,0.321765,0.84252,0.795276,0.468504,0.083647,0,0,1,0,0,0,0,0,0,0,0,0,0,1,0,0,0,0,0,0,0,0,0,0,0,0,0,0,0,0,0,0,0,0,0,0,0,0,0,0,0,0,0,0,2
java.lang.NumberFormatException: multiple points
linha fdp!!!!
0.550275,0.01380.66083,0.286111,0.242424,0.261274,0.306202,0.330476,0.964567,0.862205,0.389764,0.400669,0,0,1,0,0,0,0,0,0,0,0,0,0,0,0,0,0,0,0,0,0,0,0,0,0,0,0,0,0,0,0,0,0,0,0,0,1,0,0,0,0,0,0,0,1
java.lang.NumberFormatException: multiple points
linha fdp!!!!
0.583792,0.580556,0.1666670.564282,0.530556,0.227273,0.125268,0.258398,0.23198,0.858268,0.984252,0.637795,0.329848,0,0,1,0,0,0,0,0,0,0,0,0,0,0,0,0,0,0,0,0,0,0,0,0,0,0,0,0,0,0,0,0,0,0,0,0,1,0,0,0,0,0,0,0,2
java.lang.NumberFormatException: multiple points
learning evaluation instances,Wall Time (Actual Time),Avg Delay (ms),outRate (inst/s),classified instances,classifications correct (percent),Kappa Statistic (percent),Kappa Temporal Statistic (percent),Kappa M Statistic (percent),F1 Score (percent),F1 Score for class 0 (percent),F1 Score for class 1 (percent),F1 Score for class 2 (percent),F1 Score for class 3 (percent),F1 Score for class 4 (percent),F1 Score for class 5 (percent),F1 Score for class 6 (percent),Precision (percent),Precision for class 0 (percent),Precision for class 1 (percent),Precision for class 2 (percent),Precision for class 3 (percent),Precision for class 4 (percent),Precision for class 5 (percent),Precision for class 6 (percent),Recall (percent),Recall for class 0 (percent),Recall for class 1 (percent),Recall for class 2 (percent),Recall for class 3 (percent),Recall for class 4 (percent),Recall for class 5 (percent),Recall for class 6 (percent),model training instances,model serialized size (bytes),ensemble size,[avg] model training instances,[err] model training instances,[avg] model serialized size (bytes),[err] model serialized size (bytes),[avg] tree size (nodes),[err] tree size (nodes),[avg] tree size (leaves),[err] tree size (leaves),[avg] active learning leaves,[err] active learning leaves,[avg] tree depth,[err] tree depth,[avg] active leaf byte size estimate,[err] active leaf byte size estimate,[avg] inactive leaf byte size estimate,[err] inactive leaf byte size estimate,[avg] byte size estimate overhead,[err] byte size estimate overhead
100000.0,600.0130004882812,6520.0,166.66305541992188,98000.0,73.96326530612245,54.76487811812796,-489.28406466512666,46.71177662218324,?,3.310344827586207,70.26185178846484,81.36990394502105,72.36970014207732,?,28.833730023801422,15.925589836660617,?,2.181818181818182,81.63451978524557,72.7074270098786,65.59577063847092,?,78.95716945996276,53.58778625954198,38.37097787248396,6.857142857142858,61.6704221120625,92.37568840290527,80.70380253502336,0.0,17.637271214642265,9.352517985611511,0.0,1.0,25.0,120275.08,140311.6683105032,1.0,0.0,19.799999999999997,13.997023493109763,10.319999999999999,7.057619995437555,10.319999999999999,7.057619995437555,4.679999999999999,2.6413380447543373,0.0,0.0,0.0,0.0,1.0,0.0
