Connected!
linha fdp!!!!
0.548274,0.863889,0.136364,0.30136,0.2868220.451726,0.991667,0.136364,0.471009,0.224806,0.214838,0.814961,0.885827,0.614173,0.125471,1,0,0,0,0,0,0,0,0,0,0,0,0,0,0,0,0,0,0,0,0,0,0,0,0,0,1,0,0,0,0,0,0,0,0,0,0,0,0,0,0,0,0,0,20.591296,0.4,0.181818,0.042949,0.228682,0.488408,0.933071,0.937008,0.507874,0.387704,1,0,0,0,0,0,0,0,0,0,0,0,0,0,0,0,0,0,0,0,0,0,0,0,0,0,0,0,0,0,0,0,0,1,0,0,0,0,0,0,0,0,0,0,1
java.lang.NumberFormatException: multiple points
linha fdp!!!!
0.245623,0.697222,0.30303,0.204009,0.295866,0.16018,0.677165,0.980315,0.830.250625,0.275,0.393939,0.214746,0.397933,0.076015,0.992126,0.759843,0.208661,0.24634,0,0,0,1,0,0,1,0,0,0,0,0,0,0,0,0,0,0,0,0,0,0,0,0,0,0,0,0,0,0,0,0,0,0,0,0,0,0,0,0,0,0,0,0,40.243122,0.302778,0.454545,0.202577,0.383721,0.078404,1,0.755906,0.169291,0.243134,0,0,0,1,0,0,1,0,0,0,0,0,0,0,0,0,0,0,0,0,0,0,0,0,0,0,0,0,0,0,0,0,0,0,0,0,0,0,0,0,0,0,0,0,4
java.lang.NumberFormatException: multiple points
linha fdp!!!!
0.507254,0.797222,0.075758,0.221188,0.363040.398699,0.25,0.166667,0,0.223514,0.216243,0.933071,0.874016,0.448819,0.743622,1,0,0,0,0,0,0,0,0,0,0,0,0,0,0,0,0,0,0,0,0,0,0,0,0,0,0,0,0,0,0,0,1,0,0,0,0,0,0,0,0,0,0,0,2
java.lang.NumberFormatException: multiple points
linha fdp!!!!
0.574787,0.347222,0.30303,0.30136,0.405685,0.83153,0.9803150.535268,0.875,0.060606,0.259127,0.295866,0.58845,0.818898,0.929134,0.65748,0.798968,1,0,0,0,0,0,0,0,0,0,0,0,0,0,0,1,0,0,0,0,0,0,0,0,0,0,0,0,0,0,0,0,0,0,0,0,0,0,0,0,0,0,0,0,2
java.lang.NumberFormatException: multiple points
linha fdp!!!!
0.646823,0.983333,0.242424,0.624195,0.19509,0.594071,0.755906,0.830709,0.6102360.473737,0.183333,0.151515,0.107373,0.280362,0.273289,0.905512,0.866142,0.480315,0.436219,1,0,0,0,0,0,0,0,0,0,0,0,0,0,0,0,0,0,0,0,0,0,0,0,0,0,0,0,0,0,0,0,0,1,0,0,0,0,0,0,0,0,0,0,1
java.lang.NumberFormatException: multiple points
linha fdp!!!!
0.568284,0.225,0.07570.392696,0.083333,0.227273,0.14388,0.280362,0.167346,0.84252,0.807087,0.484252,0.311167,1,0,0,0,0,0,0,0,0,0,0,0,0,0,0,0,0,0,0,0,0,0,0,0,0,0,0,0,0,0,0,0,0,1,0,0,0,0,0,0,0,0,0,0,2
java.lang.NumberFormatException: multiple points
linha fdp!!!!
0.556770.547774,0.330556,0.166667,0.251253,0.276486,0.529156,0.940945,0.905512,0.472441,0.603513,1,0,0,0,0,0,0,0,0,0,0,0,0,0,0,1,0,0,0,0,0,0,0,0,0,0,0,0,0,0,0,0,0,0,0,0,0,0,0,0,0,0,0,0,2
java.lang.NumberFormatException: multiple points
linha fdp!!!!
0.546773,0.355556,0.227273,0.19184,0.220.587794,0.672222,0.060606,0.586256,0.27907,0.80933,0.838583,0.952756,0.65748,0.770668,1,0,0,0,0,0,0,0,0,0,0,0,0,0,0,1,0,0,0,0,0,0,0,0,0,0,0,0,0,0,0,0,0,0,0,0,0,0,0,0,0,0,0,0,10.589295,0.683333,0.090909,0.567645,0.282946,0.805536,0.814961,0.964567,0.692913,0.768716,1,0,0,0,0,0,0,0,0,0,0,0,0,0,0,1,0,0,0,0,0,0,0,0,0,0,0,0,0,0,0,0,0,0,0,0,0,0,0,0,0,0,0,0,1
java.lang.NumberFormatException: multiple points
linha fdp!!!!
0.528264,0.211111,0.106061,0.2512530.525263,0.3,0.045455,0.136006,0.219638,0.582689,0.885827,0.929134,0.574803,0.890144,1,0,0,0,0,0,0,0,0,0,0,0,0,0,0,0,0,0,0,0,0,0,0,1,0,0,0,0,0,0,0,0,0,0,0,0,0,0,0,0,0,0,0,0,2
java.lang.NumberFormatException: multiple points
linha fdp!!!!
0.361180.530265,0.3,0.075758,0.042949,0.223514,0.537727,0.897638,0.92126,0.555118,0.879827,1,0,0,0,0,0,0,0,0,0,0,1,0,0,0,0,0,0,0,0,0,0,0,0,0,0,0,0,0,0,0,0,0,0,0,0,0,0,0,0,0,0,0,0,2
java.lang.NumberFormatException: multiple points
linha fdp!!!!
0.444722,0.563889,0.100.604302,0.375,0.075758,0.214746,0.257106,0.376001,0.901575,0.937008,0.562992,0.903388,1,0,0,0,0,0,0,0,0,0,0,0,0,0,0,0,0,0,0,0,0,0,0,0,0,0,0,0,0,0,0,0,1,0,0,0,0,0,0,0,0,0,0,0,1
java.lang.NumberFormatException: multiple points
linha fdp!!!!
0.385193,0.397222,0.378788,0.060845,0.267442,0.237038,0.968504,0.885827,0.3543310.525263,0.786111,0.060606,0.150322,0.235142,0.741324,0.818898,0.944882,0.673228,0.643385,1,0,0,0,0,0,0,0,0,0,0,0,0,0,0,0,0,0,0,0,0,0,0,0,0,0,1,0,0,0,0,0,0,0,0,0,0,0,0,0,0,0,0,0,2
java.lang.NumberFormatException: multiple points
linha fdp!!!!
0.458229,0.388889,0.106061,0.214740.556778,0.261111,0.181818,0.265569,0.236434,0.461992,0.937008,0.874016,0.444882,0.840095,1,0,0,0,0,0,0,0,0,0,0,0,0,0,0,0,0,0,0,0,0,0,0,1,0,0,0,0,0,0,0,0,0,0,0,0,0,0,0,0,0,0,0,0,2
java.lang.NumberFormatException: multiple points
linha fdp!!!!
0.566283,0.205556,0.121212,0.107373,0.0.547274,0.383333,0.166667,0.154617,0.257106,0.650555,0.933071,0.929134,0.507874,0.413356,1,0,0,0,0,0,0,0,0,0,0,0,0,0,0,0,0,0,0,0,0,0,0,0,0,0,0,0,0,0,0,0,1,0,0,0,0,0,0,0,0,0,0,0,1
java.lang.NumberFormatException: multiple points
linha fdp!!!!
0.453727,0.175,0.120.423212,0.366667,0.181818,0.077309,0.223514,0.169875,0.940945,0.92126,0.480315,0.282866,1,0,0,0,0,0,0,0,0,0,0,0,0,0,0,0,0,0,0,0,0,0,0,0,0,0,0,0,0,0,0,0,0,1,0,0,0,0,0,0,0,0,0,0,2
java.lang.NumberFormatException: multiple points
linha fdp!!!!
0.552276,0.522222,0.151515,0.173228,0.25710.56078,0.186111,0.181818,0.198282,0.27907,0.58297,0.913386,0.850394,0.452756,0.284539,1,0,0,0,0,0,0,0,0,0,0,0,0,0,0,1,0,0,0,0,0,0,0,0,0,0,0,0,0,0,0,0,0,0,0,0,0,0,0,0,0,0,0,0,2
java.lang.NumberFormatException: multiple points
linha fdp!!!!
0.435218,0.905556,0.106061,0.154617,0.263566,0.0.592796,0.3,0.272727,0.09592,0.275194,0.564704,0.976378,0.850394,0.354331,0.563084,1,0,0,0,0,0,0,0,0,0,0,0,0,0,0,0,0,0,0,0,0,0,0,0,0,0,0,0,0,0,0,0,1,0,0,0,0,0,0,0,0,0,0,0,2
java.lang.NumberFormatException: multiple points
linha fdp!!!!
0.536768,0.188889,0.136364,0.18325,0.248062,0.6795,0.901575,0.877953,0.490.430215,0.966667,0.151515,0,0.223514,0.456372,0.791339,0.88189,0.633858,0.231005,1,0,0,0,0,0,0,0,0,0,0,0,0,0,0,0,0,0,0,1,0,0,0,0,0,0,0,0,0,0,0,0,0,0,0,0,0,0,0,0,0,0,0,0,10.431216,0.966667,0.287879,0.021475,0.228682,0.452578,0.708661,0.807087,0.633858,0.233793,1,0,0,0,0,0,0,0,0,0,0,0,0,0,0,0,0,0,0,1,0,0,0,0,0,0,0,0,0,0,0,0,0,0,0,0,0,0,0,0,0,0,0,0,2
java.lang.NumberFormatException: multiple points
linha fdp!!!!
0.46820.392696,0.825,0.227273,0.085898,0.24677,0.094703,0.692913,0.92126,0.775591,0.190715,1,0,0,0,0,0,0,0,0,0,0,0,0,0,0,0,0,0,0,0,0,0,0,0,0,0,0,0,0,0,0,0,1,0,0,0,0,0,0,0,0,0,0,0,2
java.lang.NumberFormatException: multiple points
linha fdp!!!!
0.427214,0.925,0.060606,0.230.570285,0.447222,0.166667,0.115963,0.262274,0.707461,0.913386,0.956693,0.555118,0.106511,1,0,0,0,0,0,0,0,0,0,0,0,0,0,0,0,0,0,0,0,0,0,0,0,0,0,0,0,0,0,0,0,0,1,0,0,0,0,0,0,0,0,0,0,2
java.lang.NumberFormatException: multiple points
linha fdp!!!!
0.504752,0.988889,0.106061,0.27917,0.282946,0.326261,0.822835,0.897638,0.61811,0.0.425213,0.025,0.090909,0.184681,0.236434,0.106084,0.838583,0.893701,0.598425,0.260839,1,0,0,0,0,0,0,0,0,0,0,0,0,0,0,1,0,0,0,0,0,0,0,0,0,0,0,0,0,0,0,0,0,0,0,0,0,0,0,0,0,0,0,0,10.426213,0.025,0.090909,0.198282,0.236434,0.102009,0.838583,0.893701,0.598425,0.25819,1,0,0,0,0,0,0,0,0,0,0,0,0,0,0,1,0,0,0,0,0,0,0,0,0,0,0,0,0,0,0,0,0,0,0,0,0,0,0,0,0,0,0,0,1
java.lang.NumberFormatException: multiple points
linha fdp!!!!
0.50.54027,0.977778,0.181818,0.347173,0.286822,0.444991,0.783465,0.862205,0.622047,0.280357,1,0,0,0,0,0,0,0,0,0,0,0,0,0,0,0,0,0,0,0,0,0,0,0,0,0,0,0,0,0,0,0,1,0,0,0,0,0,0,0,0,0,0,0,2
java.lang.NumberFormatException: multiple points
linha fdp!!!!
0.45923,0.90.550775,0.402778,0.136364,0.228346,0.284238,0.494871,0.917323,0.940945,0.53937,0.232957,1,0,0,0,0,0,0,0,0,0,0,0,0,0,0,0,0,0,0,0,0,0,0,0,0,0,0,0,0,0,0,0,0,1,0,0,0,0,0,0,0,0,0,0,2
java.lang.NumberFormatException: multiple points
linha fdp!!!!
0.569285,0.894444,0.151515,0.10952,0.263566,0.580.514757,0.772222,0.363636,0.04796,0.231266,0.783195,0.586614,0.929134,0.877953,0.135648,1,0,0,0,0,0,0,0,0,0,0,0,0,0,0,0,0,0,0,0,0,0,0,0,0,0,0,0,0,0,0,0,1,0,0,0,0,0,0,0,0,0,0,0,20.522761,0.766667,0.424242,0.068003,0.251938,0.779963,0.527559,0.917323,0.913386,0.132302,1,0,0,0,0,0,0,0,0,0,0,0,0,0,0,0,0,0,0,0,0,0,0,0,0,0,0,0,0,0,0,0,1,0,0,0,0,0,0,0,0,0,0,0,2
java.lang.NumberFormatException: multiple points
linha fdp!!!!
0.5357680.527764,0.888889,0.227273,0.021475,0.232558,0.684699,0.704724,0.88189,0.724409,0.254008,1,0,0,0,0,0,0,0,0,0,0,0,0,0,0,0,0,0,0,0,0,0,0,0,0,0,0,0,0,0,0,0,1,0,0,0,0,0,0,0,0,0,0,0,5
java.lang.NumberFormatException: multiple points
linha fdp!!!!
0.558779,0.791667,0.393939,0.128848,0.284238,0.81560.658329,0.986111,0.136364,0.387258,0.329457,0.375018,0.811024,0.88189,0.61811,0.518751,1,0,0,0,0,0,0,0,0,0,0,0,0,0,0,0,0,0,0,0,0,0,0,0,0,0,0,0,0,0,0,0,0,1,0,0,0,0,0,0,0,0,0,0,1
java.lang.NumberFormatException: multiple points
linha fdp!!!!
0.585293,0.027778,0.106061,0.115963,0.251938,0.643108,0.838583,0.890.616808,0.261111,0.227273,0.130279,0.217054,0.710974,0.952756,0.854331,0.397638,0.004182,1,0,0,0,0,0,0,0,0,0,0,0,0,0,0,0,0,0,0,0,0,0,0,0,0,0,0,0,0,0,0,0,1,0,0,0,0,0,0,0,0,0,0,0,2
java.lang.NumberFormatException: multiple points
linha fdp!!!!
0.508754,0.855556,0.257576,0.115963,0.27261,0.429956,0.681102,0.80.574787,0.2,0.272727,0.279885,0.30491,0.585359,0.933071,0.80315,0.358268,0.242716,1,0,0,0,0,0,0,0,0,0,0,0,0,0,0,0,0,0,0,0,0,0,0,0,0,0,0,0,0,0,0,0,1,0,0,0,0,0,0,0,0,0,0,0,2
java.lang.NumberFormatException: multiple points
linha fdp!!!!
0.632816,0.702778,0.181818,0.499642,0.472868,0.865674,0.759843,0.976378,0.759843,0.0.654327,0.011111,0.106061,0.214746,0.310078,0.77617,0.830709,0.889764,0.602362,0.062178,1,0,0,0,0,0,0,0,0,0,0,0,0,0,0,0,0,0,0,0,0,0,0,0,0,0,0,0,0,0,0,0,1,0,0,0,0,0,0,0,0,0,0,0,10.652826,0.158333,0.121212,0.193271,0.306202,0.7735,0.889764,0.877953,0.519685,0.059111,1,0,0,0,0,0,0,0,0,0,0,0,0,0,0,0,0,0,0,0,0,0,0,0,0,0,0,0,0,0,0,0,1,0,0,0,0,0,0,0,0,0,0,0,1
java.lang.NumberFormatException: multiple points
linha fdp!!!!
0.502751,0.463889,0.19690.524762,0.236111,0.121212,0.221188,0.260982,0.481523,0.913386,0.889764,0.496063,0.422557,1,0,0,0,0,0,0,0,0,0,0,0,0,0,0,0,0,0,0,0,0,0,0,0,0,0,1,0,0,0,0,0,0,0,0,0,0,0,0,0,0,0,0,0,2
java.lang.NumberFormatException: multiple points
linha fdp!!!!
0.518759,0.0690.574787,0.280556,0.166667,0.04796,0.224806,0.705915,0.937008,0.889764,0.46063,0.38157,1,0,0,0,0,0,0,0,0,0,0,0,0,0,0,0,0,0,0,0,0,0,0,0,0,0,0,0,0,0,0,0,1,0,0,0,0,0,0,0,0,0,0,0,20.574287,0.272222,0.030303,0.030064,0.223514,0.709147,0.874016,0.929134,0.594488,0.377806,1,0,0,0,0,0,0,0,0,0,0,0,0,0,0,0,0,0,0,0,0,0,0,0,0,0,0,0,0,0,0,0,1,0,0,0,0,0,0,0,0,0,0,0,2
java.lang.NumberFormatException: multiple points
linha fdp!!!!
0.567784,0.072222,0.227273,0,0.223514,0.630041,0.834646,0.8110.51976,0.186111,0.106061,0.09592,0.224806,0.299002,0.897638,0.889764,0.519685,0.33417,1,0,0,0,0,0,0,0,0,0,0,0,0,0,0,0,0,0,0,0,0,0,0,0,0,0,0,0,0,0,0,0,1,0,0,0,0,0,0,0,0,0,0,0,2
java.lang.NumberFormatException: multiple points
linha fdp!!!!
0.695348,0.011111,0.10.655328,0.919444,0.151515,0.151754,0.270026,0.664044,0.775591,0.897638,0.669291,0.351039,1,0,0,0,0,0,0,0,0,0,0,0,0,0,0,0,0,0,0,0,0,0,0,0,0,0,0,0,0,0,0,0,1,0,0,0,0,0,0,0,0,0,0,0,2
java.lang.NumberFormatException: multiple points
linha fdp!!!!
0.613807,0.158333,0.10600.664832,0.152778,0.378788,0.30995,0.357881,0.694253,0.889764,0.704724,0.287402,0.464241,1,0,0,0,0,0,0,0,0,0,0,0,0,0,0,0,0,0,0,0,0,0,0,0,0,0,0,0,0,0,0,0,0,1,0,0,0,0,0,0,0,0,0,0,1
java.lang.NumberFormatException: multiple points
linha fdp!!!!
0.626813,0.086111,0.090909,0,0.223514,0.756358,0.862205,0.0.662331,0.661111,0.060606,0.30995,0.29845,0.837853,0.834646,0.96063,0.669291,0.401784,1,0,0,0,0,0,0,0,0,0,0,0,0,0,0,0,0,0,0,0,0,0,1,0,0,0,0,0,0,0,0,0,0,0,0,0,0,0,0,0,0,0,0,0,2
java.lang.NumberFormatException: multiple points
linha fdp!!!!
0.653327,0.163889,0.151515,0.125268,0.210.612306,0.1,0.030303,0.202577,0.273902,0.477308,0.862205,0.92126,0.598425,0.088248,1,0,0,0,0,0,0,0,0,0,0,0,0,0,0,0,0,0,0,0,0,0,0,0,0,0,0,0,0,0,0,0,1,0,0,0,0,0,0,0,0,0,0,0,1
java.lang.NumberFormatException: multiple points
linha fdp!!!!
0.676338,0.175,0.015152,0.303508,0.262274,0.822678,0.866142,0.92910.523262,0.313889,0.090909,0.085898,0.215762,0.101307,0.909449,0.92126,0.535433,0.276314,1,0,0,0,0,0,0,0,0,0,0,0,0,0,0,0,0,0,0,0,0,0,0,0,0,1,0,0,0,0,0,0,0,0,0,0,0,0,0,0,0,0,0,0,20.521261,0.305556,0.136364,0.09592,0.25323,0.097372,0.929134,0.905512,0.496063,0.272132,1,0,0,0,0,0,0,0,0,0,0,0,0,0,0,0,0,0,0,0,0,0,0,0,0,0,0,0,0,0,0,0,1,0,0,0,0,0,0,0,0,0,0,0,2
java.lang.NumberFormatException: multiple points
linha fdp!!!!
0.434717,0.205556,0.454545,0.060845,0.271318,0.015175,0.940945,0.669291,0.15748,0.1740.676838,0.130556,0.424242,0.137437,0.374677,0.679219,0.854331,0.661417,0.271654,0.230587,1,0,0,0,0,0,0,0,0,0,0,0,0,0,0,0,0,0,0,0,0,0,0,0,0,0,0,0,0,0,0,0,1,0,0,0,0,0,0,0,0,0,0,0,1
java.lang.NumberFormatException: multiple points
linha fdp!!!!
0.654827,0.863889,0.070.610305,0.211111,0.242424,0.030064,0.232558,0.318674,0.937008,0.818898,0.377953,0.17998,1,0,0,0,0,0,0,0,0,0,0,0,0,0,0,0,0,0,0,0,0,0,0,0,0,0,0,0,0,0,0,0,0,1,0,0,0,0,0,0,0,0,0,0,1
java.lang.NumberFormatException: multiple points
linha fdp!!!!
0.702851,0.816667,0.136364,0.088762,0.254522,0.665308,0.771654,0.937008,0.716535,0.12770.568284,0.3,0.181818,0.077309,0.24677,0.139525,0.944882,0.889764,0.452756,0.307821,1,0,0,0,0,0,0,0,0,0,0,0,0,0,0,0,0,0,0,0,0,0,0,0,0,0,0,0,0,0,0,0,1,0,0,0,0,0,0,0,0,0,0,0,2
java.lang.NumberFormatException: multiple points
linha fdp!!!!
0.658329,0.080556,0.181818,0.228346,0.0.645323,0.141667,0.348485,0.167502,0.303618,0.727835,0.88189,0.724409,0.322835,0.1896,1,0,0,0,0,0,0,0,0,0,0,0,0,0,0,0,0,0,0,0,0,0,0,0,0,1,0,0,0,0,0,0,0,0,0,0,0,0,0,0,0,0,0,0,10.641321,0.111111,0.30303,0.151754,0.294574,0.723901,0.858268,0.755906,0.401575,0.192806,1,0,0,0,0,0,0,0,0,0,0,0,0,0,0,0,0,0,0,0,0,0,0,0,0,1,0,0,0,0,0,0,0,0,0,0,0,0,0,0,0,0,0,0,1
java.lang.NumberFormatException: multiple points
linha fdp!!!!
0.5993,0.297222,0.1510.653327,0.875,0.090909,0.060845,0.219638,0.513419,0.807087,0.925197,0.669291,0.21316,1,0,0,0,0,0,0,0,0,0,0,0,0,0,0,0,0,0,0,0,0,0,0,0,0,0,1,0,0,0,0,0,0,0,0,0,0,0,0,0,0,0,0,0,1
java.lang.NumberFormatException: multiple points
linha fdp!!!!
0.515258,0.191660.666833,0.988889,0.060606,0.151754,0.197674,0.362372,0.84252,0.917323,0.61811,0.331242,1,0,0,0,0,0,0,0,0,0,0,0,0,0,0,0,0,0,0,0,0,0,0,0,0,1,0,0,0,0,0,0,0,0,0,0,0,0,0,0,0,0,0,0,1
java.lang.NumberFormatException: multiple points
linha fdp!!!!
0.70.72086,0.808333,0.045455,0.151754,0.23385,0.785443,0.826772,0.940945,0.65748,0.071936,1,0,0,0,0,0,0,0,0,0,0,0,0,0,0,0,0,0,0,0,0,0,0,0,0,0,0,0,0,0,0,0,0,0,0,0,0,0,0,0,0,1,0,0,1
java.lang.NumberFormatException: multiple points
linha fdp!!!!
0.42071,0.133333,0.257576,0.088762,0.22739,0.160461,0.881890.547774,0.805556,0.469697,0.604868,0.97416,0.131938,0.476378,0.862205,0.905512,0.339886,0,0,1,0,0,0,0,0,0,0,0,0,0,0,0,0,0,0,0,0,0,0,0,0,0,0,0,0,0,0,0,0,0,0,0,1,0,0,0,0,0,0,0,0,20.553277,0.841667,0.242424,0.589835,0.471576,0.135731,0.685039,0.909449,0.771654,0.340862,0,0,1,0,0,0,0,0,0,0,0,0,0,0,0,0,0,0,0,0,0,0,0,0,0,0,0,0,0,0,0,0,0,0,0,1,0,0,0,0,0,0,0,0,2
java.lang.NumberFormatException: multiple points
linha fdp!!!!
0.344672,0.119444,0.469697,0.10952,0.344961,0.10777,0.822835,0.61811,0.20.510755,0.188889,0.363636,0.156049,0.350129,0.210763,0.929134,0.724409,0.26378,0.283285,0,0,1,0,0,0,0,0,0,0,0,0,0,0,0,0,0,0,0,0,0,0,0,0,0,0,0,1,0,0,0,0,0,0,0,0,0,0,0,0,0,0,0,0,2
java.lang.NumberFormatException: multiple points
linha fdp!!!!
0.569285,0.525,0.190.367684,0.875,0.257576,0.030064,0.235142,0.16847,0.681102,0.88189,0.748031,0.273107,0,0,1,0,0,0,0,0,0,0,0,0,0,0,0,0,1,0,0,0,0,0,0,0,0,0,0,0,0,0,0,0,0,0,0,0,0,0,0,0,0,0,0,0,5
java.lang.NumberFormatException: multiple points
linha fdp!!!!
0.728364,0.272222,0.333333,0.14388,0.281654,0.340.596798,0.225,0.090909,0.451682,0.055556,0.220037,0.897638,0.905512,0.535433,0.147916,1,0,0,0,0,0,0,0,0,0,0,0,0,0,0,0,0,0,0,0,0,0,0,0,0,0,1,0,0,0,0,0,0,0,0,0,0,0,0,0,0,0,0,0,1
java.lang.NumberFormatException: multiple points
linha fdp!!!!
0.704852,0,0.19697,0.137437,0.270026,0.302234,0.787402,0.846457,0.598425,0.3530.456228,0.113889,0.242424,0.137437,0.322997,0.211747,0.870079,0.80315,0.448819,0.122961,0,0,1,0,0,0,0,0,0,0,0,0,0,0,0,0,0,0,0,0,0,0,0,0,0,0,0,0,0,0,0,0,0,0,1,0,0,0,0,0,0,0,0,0,2
java.lang.NumberFormatException: multiple points
linha fdp!!!!
0.441721,0.180556,0.409091,0.130279,0.317829,0.220037,0.9173230.712356,0.161111,0.318182,0.228346,0.342377,0.252073,0.905512,0.755906,0.338583,0.318835,1,0,0,0,0,0,0,0,0,0,0,0,0,0,0,0,0,0,0,0,0,0,0,0,0,0,0,0,0,0,0,0,0,0,0,0,0,0,0,0,0,0,1,0,10.707854,0.155556,0.30303,0.212598,0.334625,0.250386,0.901575,0.755906,0.346457,0.314652,1,0,0,0,0,0,0,0,0,0,0,0,0,0,0,0,0,0,0,0,0,0,0,0,0,0,0,0,0,0,0,0,0,0,0,0,0,0,0,0,0,0,1,0,1
java.lang.NumberFormatException: multiple points
linha fdp!!!!
0.450.504252,0.911111,0.333333,0.42806,0.303618,0.191935,0.637795,0.822835,0.724409,0.140248,0,0,1,0,0,0,0,0,0,0,0,0,0,0,0,0,0,0,0,0,0,0,0,0,0,0,0,0,0,0,0,0,0,0,0,0,1,0,0,0,0,0,0,0,2
java.lang.NumberFormatException: multiple points
linha fdp!!!!
0.135568,0.694444,0.378788,0.173228,0.308786,0.070.154077,0.958333,0.515152,0.250537,0.397933,0.058592,0.527559,0.649606,0.614173,0.038617,0,0,0,1,0,0,0,0,0,0,0,0,0,1,0,0,0,0,0,0,0,0,0,0,0,0,0,0,0,0,0,0,0,0,0,0,0,0,0,0,0,0,0,0,3
java.lang.NumberFormatException: multiple points
linha fdp!!!!
0.554777,0.211111,0.242424,0.04796,0.245478,0.049178,0.940.052526,0.344444,0.363636,0.068003,0.231266,0.015175,0.992126,0.84252,0.295276,0.066918,0,0,0,1,0,0,1,0,0,0,0,0,0,0,0,0,0,0,0,0,0,0,0,0,0,0,0,0,0,0,0,0,0,0,0,0,0,0,0,0,0,0,0,0,30.712356,0.452778,0.151515,0.455261,0.295866,0.616833,0.905512,0.956693,0.570866,0.269762,1,0,0,0,0,0,0,0,0,0,0,0,0,0,0,0,0,0,0,0,0,0,0,0,0,0,0,0,0,0,0,0,0,0,0,0,0,0,0,0,0,1,0,0,7
java.lang.NumberFormatException: multiple points
linha fdp!!!!
0.588294,0.1138890.445723,0.872222,0.621212,0.421618,0.656331,0.131095,0.338583,0.685039,0.830709,0.193085,0,0,1,0,0,0,0,0,0,0,0,0,0,0,0,0,0,0,0,0,0,0,0,0,0,0,0,0,0,0,0,1,0,0,0,0,0,0,0,0,0,0,0,0,2
java.lang.NumberFormatException: multiple points
linha fdp!!!!
0.091546,0.06380.723862,0.575,0.439394,0.34932,0.459948,0.451876,0.73622,0.988189,0.720472,0.414053,1,0,0,0,0,0,0,0,0,0,0,0,0,0,0,0,0,0,0,0,0,0,0,0,0,0,0,0,0,0,0,0,1,0,0,0,0,0,0,0,0,0,0,0,1
java.lang.NumberFormatException: multiple points
linha fdp!!!!
0.698349,0.155556,0.106061,0.173228,0.25969,0.606154,0.885827,0.885827,0.52750.281641,0.463889,0.19697,0.32713,0.51292,0.056203,0.905512,0.964567,0.562992,0.119058,0,0,0,1,0,0,0,0,0,0,0,0,0,0,1,0,0,0,0,0,0,0,0,0,0,0,0,0,0,0,0,0,0,0,0,0,0,0,0,0,0,0,0,0,3
java.lang.NumberFormatException: multiple points
linha fdp!!!!
0.547774,0.347222,0.257576,0.198280.47974,0.847222,0.318182,0.257695,0.443152,0.171702,0.614173,0.877953,0.807087,0.203541,0,0,1,0,0,0,0,0,0,0,0,0,0,0,0,0,0,0,0,0,0,0,0,0,0,0,0,1,0,0,0,0,0,0,0,0,0,0,0,0,0,0,0,0,2
java.lang.NumberFormatException: multiple points
linha fdp!!!!
0.214607,0.605556,0.378788,0.085898,0.29199,0.145145,0.724409,1,0.771654,0.0.441221,0.738889,0.121212,0.021475,0.224806,0.343122,0.791339,0.956693,0.716535,0.081138,0,0,1,0,0,0,0,0,0,0,0,0,0,0,0,0,0,0,0,0,0,0,0,0,0,0,1,0,0,0,0,0,0,0,0,0,0,0,0,0,0,0,0,0,1
java.lang.NumberFormatException: multiple points
linha fdp!!!!
0.667834,0.077778,0.060606,0.171797,0.264858,0.452578,0.858268,0.0.543772,0.008333,0.318182,0.064424,0.251938,0.076015,0.732283,0.76378,0.555118,0.339886,1,0,0,0,0,0,0,0,0,0,0,0,0,0,0,0,0,0,0,0,0,0,0,0,0,0,0,0,0,0,0,0,1,0,0,0,0,0,0,0,0,0,0,0,1
java.lang.NumberFormatException: multiple points
linha fdp!!!!
0.523762,0.661111,0.181818,0.303508,0.134367,0.156527,0.779528,0.984252,0.744094,0.00.534267,0.125,0.075758,0.030064,0.228682,0.182942,0.870079,0.901575,0.562992,0.065384,0,0,1,0,0,0,0,0,0,0,0,0,0,0,0,0,0,0,0,0,0,0,0,0,0,0,1,0,0,0,0,0,0,0,0,0,0,0,0,0,0,0,0,0,1
java.lang.NumberFormatException: multiple points
linha fdp!!!!
0.545273,0.908333,0.2424240.184092,0.25,0.424242,0.030064,0.237726,0.224814,0.980315,0.728346,0.181102,0.034435,0,0,0,1,0,0,1,0,0,0,0,0,0,0,0,0,0,0,0,0,0,0,0,0,0,0,0,0,0,0,0,0,0,0,0,0,0,0,0,0,0,0,0,0,3
java.lang.NumberFormatException: multiple points
linha fdp!!!!
0.295648,0.2,0.121212,0,0.223514,0.070676,0.901575,0.889764,0.511811,0.19150.723362,0.825,0.030303,0.150322,0.328165,0.193902,0.838583,0.937008,0.641732,0.346299,1,0,0,0,0,0,0,0,0,0,0,0,0,0,0,0,0,0,0,0,0,0,0,0,0,0,0,0,0,0,0,0,0,0,0,0,0,0,0,0,0,0,0,1,1
java.lang.NumberFormatException: multiple points
linha fdp!!!!
0.288144,0.472222,0.136364,0.258411,0.390181,0.14550.261631,0.816667,0.287879,0.064424,0.27261,0.130252,0.637795,0.909449,0.818898,0.221665,0,0,0,1,0,0,0,0,0,0,0,0,0,1,0,0,0,0,0,0,0,0,0,0,0,0,0,0,0,0,0,0,0,0,0,0,0,0,0,0,0,0,0,0,6
java.lang.NumberFormatException: multiple points
linha fdp!!!!
0.322661,0.875,0.045455,0.064424,0.237726,0.00.58029,0.675,0.075758,0.395132,0.360465,0.37024,0.822835,0.96063,0.681102,0.22975,0,0,1,0,0,0,0,0,0,0,0,0,0,0,0,0,0,0,0,0,0,0,0,0,0,0,0,0,0,0,0,0,0,0,0,1,0,0,0,0,0,0,0,0,2
java.lang.NumberFormatException: multiple points
linha fdp!!!!
0.56028,0.038889,0.151515,0.173228,0.284238,0.446817,0.826772,0.850.312156,0.841667,0.333333,0.214746,0.426357,0.015175,0.598425,0.877953,0.818898,0.215949,0,0,0,1,0,0,0,0,0,0,0,0,0,1,0,0,0,0,0,0,0,0,0,0,0,0,0,0,0,0,0,0,0,0,0,0,0,0,0,0,0,0,0,0,3
java.lang.NumberFormatException: multiple points
linha fdp!!!!
0.315658,0.052778,0.136364,0.194703,0.284238,0.015175,0.84252,0.874016,0.566929,0.2450.541771,0.277778,0.287879,0.130279,0.280362,0.321343,0.976378,0.830709,0.330709,0.27241,0,0,1,0,0,0,0,0,0,0,0,0,0,0,0,0,0,0,0,0,0,0,0,0,0,0,0,1,0,0,0,0,0,0,0,0,0,0,0,0,0,0,0,0,20.586293,0.161111,0.136364,0.328561,0.342377,0.026978,0.893701,0.874016,0.507874,0.258469,0,0,1,0,0,0,0,0,0,0,0,0,0,0,0,0,0,0,0,0,0,0,0,0,0,0,0,0,0,0,0,0,0,0,0,0,1,0,0,0,0,0,0,0,2
java.lang.NumberFormatException: multiple points
linha fdp!!!!
0.545273,0.10.481241,0.022222,0.212121,0.27917,0.341085,0.008431,0.795276,0.830709,0.566929,0.134672,0,0,1,0,0,0,0,0,0,0,0,0,0,0,1,0,0,0,0,0,0,0,0,0,0,0,0,0,0,0,0,0,0,0,0,0,0,0,0,0,0,0,0,0,2
java.lang.NumberFormatException: multiple points
linha fdp!!!!
0.530765,0.477778,0.181818,0.224052,0.329457,0.131938,0.897638,0.968504,0.5820.570785,0.113889,0.212121,0.14388,0.313953,0.289448,0.870079,0.822835,0.476378,0.325805,0,0,1,0,0,0,0,0,0,0,0,0,0,0,0,0,0,0,0,0,0,0,0,0,0,0,0,0,0,0,0,0,0,0,0,1,0,0,0,0,0,0,0,0,1
java.lang.NumberFormatException: multiple points
linha fdp!!!!
0.727364,0.2800.63982,0.761111,0.424242,0.030064,0.244186,0.429113,0.527559,0.92126,0.913386,0.335006,1,0,0,0,0,0,0,0,0,0,0,0,0,0,0,0,0,0,0,0,0,0,0,0,0,0,0,1,0,0,0,0,0,0,0,0,0,0,0,0,0,0,0,0,1
java.lang.NumberFormatException: multiple points
linha fdp!!!!
0.383692,0.108333,0.045455,0.021475,0.224806,0.009414,0.866142,0.913386,0.586610.342171,0.083333,0.136364,0.198282,0.268734,0.105381,0.858268,0.866142,0.53937,0.125749,0,0,0,1,0,0,0,0,0,1,0,0,0,0,0,0,0,0,0,0,0,0,0,0,0,0,0,0,0,0,0,0,0,0,0,0,0,0,0,0,0,0,0,0,2
java.lang.NumberFormatException: multiple points
linha fdp!!!!
0.451226,0.105556,0.045455,0.021475,0.222222,0.102712,0.862205,0.917323,0.590551,0.415440.67934,0.369444,0.227273,0.068003,0.215762,0.60222,0.956693,0.909449,0.444882,0.306287,1,0,0,0,0,0,0,0,0,0,0,0,0,0,0,0,0,0,0,0,0,0,0,0,0,0,1,0,0,0,0,0,0,0,0,0,0,0,0,0,0,0,0,0,1
java.lang.NumberFormatException: multiple points
linha fdp!!!!
0.502751,0.6,0.363636,0.317108,0.418605,0.075453,0.73622,1,0.755906,0.20.616808,0.547222,0.090909,0.360057,0.27261,0.382746,0.862205,0.964567,0.637795,0.263209,0,0,1,0,0,0,0,0,0,0,0,0,0,0,0,0,0,0,0,0,0,0,0,0,0,0,0,0,0,0,0,0,0,0,0,1,0,0,0,0,0,0,0,0,2
java.lang.NumberFormatException: multiple points
linha fdp!!!!
0.322661,0.0.583792,0.011111,0.151515,0.228346,0.293282,0.32331,0.814961,0.866142,0.594488,0.355082,0,0,1,0,0,0,0,0,0,0,0,0,0,0,0,0,0,0,0,0,0,0,0,0,0,0,1,0,0,0,0,0,0,0,0,0,0,0,0,0,0,0,0,0,10.583792,0.941667,0.166667,0.211167,0.293282,0.319095,0.775591,0.885827,0.653543,0.358706,0,0,1,0,0,0,0,0,0,0,0,0,0,0,0,0,0,0,0,0,0,0,0,0,0,0,1,0,0,0,0,0,0,0,0,0,0,0,0,0,0,0,0,0,1
java.lang.NumberFormatException: multiple points
linha fdp!!!!
0.246623,0.8166670.453727,0.286111,0.121212,0.375089,0.196382,0.099902,0.917323,0.905512,0.511811,0.137042,0,0,1,0,0,0,0,0,0,0,0,0,0,0,1,0,0,0,0,0,0,0,0,0,0,0,0,0,0,0,0,0,0,0,0,0,0,0,0,0,0,0,0,0,2
java.lang.NumberFormatException: multiple points
linha fdp!!!!
0.605803,0.105556,0.075758,0.198282,0.258398,0.406351,0.866140.452226,0.158333,0.075758,0.360057,0.192506,0.101869,0.877953,0.901575,0.559055,0.132023,0,0,1,0,0,0,0,0,0,0,0,0,0,0,1,0,0,0,0,0,0,0,0,0,0,0,0,0,0,0,0,0,0,0,0,0,0,0,0,0,0,0,0,0,2
java.lang.NumberFormatException: multiple points
linha fdp!!!!
0.456228,0.033333,0.136364,0.312813,0.202842,0.111283,0.830700.84042,0.047222,0.166667,0.322119,0.387597,0.408459,0.830709,0.858268,0.559055,0.233375,1,0,0,0,0,0,0,0,0,0,0,0,0,0,0,0,0,0,0,0,0,0,0,0,0,0,0,0,0,0,0,0,0,0,0,0,0,0,0,0,0,0,0,1,1
java.lang.NumberFormatException: multiple points
linha fdp!!!!
0.441721,0.305556,0.227273,0.282749,0.215762,0.097372,0.96063,0.877953,0.409449,0.05450.487744,0.555556,0.242424,0.021475,0.226098,0.147534,0.834646,0.992126,0.669291,0.244807,0,0,1,0,0,0,0,1,0,0,0,0,0,0,0,0,0,0,0,0,0,0,0,0,0,0,0,0,0,0,0,0,0,0,0,0,0,0,0,0,0,0,0,0,2
java.lang.NumberFormatException: multiple points
linha fdp!!!!
0.662331,0.047222,0.106061,0,0.223510.61981,0.997222,0.333333,0.38869,0.262274,0.288183,0.716535,0.76378,0.574803,0.196013,0,0,1,0,0,0,0,0,0,0,0,0,0,0,0,0,0,0,0,0,0,0,0,0,0,0,0,0,0,0,0,0,0,0,0,1,0,0,0,0,0,0,0,0,2
java.lang.NumberFormatException: multiple points
linha fdp!!!!
0.498749,0.588889,0.19697,0.317108,0.50646,0.141352,0.0.337669,0.825,0.560606,0.115963,0.326873,0.066601,0.374016,0.787402,0.913386,0.148473,0,0,0,1,0,0,0,1,0,0,0,0,0,0,0,0,0,0,0,0,0,0,0,0,0,0,0,0,0,0,0,0,0,0,0,0,0,0,0,0,0,0,0,0,2
java.lang.NumberFormatException: multiple points
linha fdp!!!!
0.606803,0.997222,0.318182,0.204009,0.226098,0.358157,0.7244090.564282,0.161111,0.121212,0.042949,0.22739,0.358297,0.889764,0.88189,0.519685,0.319253,0,0,1,0,0,0,0,0,0,0,0,0,0,0,0,0,0,0,0,0,0,0,0,0,0,0,1,0,0,0,0,0,0,0,0,0,0,0,0,0,0,0,0,0,1
java.lang.NumberFormatException: multiple points
linha fdp!!!!
0.637819,0.8,0.090909,0.489621,0.301034,0.256428,0.799213,0.940945,0.6889760.583792,0.233333,0.136364,0.021475,0.224806,0.367009,0.917323,0.885827,0.484252,0.289419,0,0,1,0,0,0,0,0,0,0,0,0,0,0,0,0,0,0,0,0,0,0,0,0,0,0,0,0,0,0,0,0,0,0,1,0,0,0,0,0,0,0,0,0,2
java.lang.NumberFormatException: multiple points
linha fdp!!!!
0.617309,0.872222,0.212121,0.060845,0.24677,0.194323,0.716535,0.8976380.453227,0.005556,0.227273,0.14388,0.294574,0.236336,0.775591,0.822835,0.582677,0.159208,0,0,1,0,0,0,0,0,0,0,0,0,0,0,1,0,0,0,0,0,0,0,0,0,0,0,0,0,0,0,0,0,0,0,0,0,0,0,0,0,0,0,0,0,5
java.lang.NumberFormatException: multiple points
linha fdp!!!!
0.536268,0.416667,0.166667,0.030064,0.22739,0.269074,0.925197,0.944882,0.527559,0.0.713857,0.247222,0.212121,0.085898,0.224806,0.22088,0.948819,0.850394,0.401575,0.269622,1,0,0,0,0,0,0,0,0,0,0,0,0,0,0,0,0,0,0,0,0,0,0,0,0,0,0,0,0,0,0,0,0,0,0,0,0,0,0,0,0,1,0,0,1
java.lang.NumberFormatException: multiple points
linha fdp!!!!
0.505750.390195,0.636111,0.151515,0.258411,0.366925,0.105381,0.807087,0.984252,0.712598,0.201032,0,0,1,0,0,1,0,0,0,0,0,0,0,0,0,0,0,0,0,0,0,0,0,0,0,0,0,0,0,0,0,0,0,0,0,0,0,0,0,0,0,0,0,0,3
java.lang.NumberFormatException: multiple points
linha fdp!!!!
0.482741,0.05,0.121212,0.287759,0.29845,0.269630.661831,0.952778,0.19697,0.088762,0.235142,0.156808,0.76378,0.866142,0.649606,0.185139,1,0,0,0,0,0,0,0,0,0,0,0,0,0,0,0,0,0,0,0,0,0,0,0,0,0,0,0,0,0,0,0,1,0,0,0,0,0,0,0,0,0,0,0,1
java.lang.NumberFormatException: multiple points
linha fdp!!!!
0.604302,0.225,0.242424,0.077309,0.248062,0.358157,0.944882,0.826772,0.377953,0.4320.761381,0.211111,0.151515,0.130279,0.264858,0.392441,0.913386,0.874016,0.476378,0.219155,0,0,1,0,0,0,0,0,0,0,0,0,0,0,0,0,0,0,0,0,0,0,0,0,0,0,0,0,0,0,0,0,0,0,0,0,0,0,0,0,0,1,0,0,7
java.lang.NumberFormatException: multiple points
linha fdp!!!!
0.471236,0.738889,0.590909,0.193271,0.426357,0.223409,0.385827,0.88189,0.976378,0.1904360.674337,0.25,0.030303,0.56335,0.30491,0.16018,0.874016,0.929134,0.590551,0.306706,0,0,1,0,0,0,0,0,0,0,0,0,0,0,0,0,0,0,0,0,0,0,0,0,0,0,0,0,0,0,0,0,0,0,0,1,0,0,0,0,0,0,0,0,1
java.lang.NumberFormatException: multiple points
linha fdp!!!!
0.355678,0.030556,0.272727,0.077309,0.248062,0.21620.530265,0.072222,0.19697,0.300644,0.288114,0.304623,0.838583,0.830709,0.515748,0.269065,0,0,1,0,0,0,0,0,0,0,0,0,0,0,0,0,0,0,0,0,0,0,0,0,0,0,0,0,0,0,0,0,0,0,1,0,0,0,0,0,0,0,0,0,2
java.lang.NumberFormatException: multiple points
linha fdp!!!!
0.541771,0.147222,0.212121,0.473157,0.409561,0.398623,0.893701,0.822835,0.4409450.583792,0.108333,0.257576,0.865426,0.426357,0.385415,0.858268,0.783465,0.437008,0.150146,0,0,1,0,0,0,0,0,0,0,0,0,0,0,0,0,0,0,0,0,0,0,0,0,0,0,0,0,0,0,0,0,0,0,1,0,0,0,0,0,0,0,0,0,2
java.lang.NumberFormatException: multiple points
linha fdp!!!!
0.771886,0.497222,0.151515,0.13020.448224,0.183333,0.136364,0.3801,0.322997,0.362091,0.901575,0.870079,0.488189,0.237279,0,0,1,0,0,0,0,0,0,0,0,0,0,0,0,0,0,0,0,0,0,0,0,0,0,0,0,0,0,0,0,0,0,0,0,1,0,0,0,0,0,0,0,0,20.445723,0.227778,0.121212,0.364352,0.315245,0.359421,0.913386,0.885827,0.496063,0.241322,0,0,1,0,0,0,0,0,0,0,0,0,0,0,0,0,0,0,0,0,0,0,0,0,0,0,0,0,0,0,0,0,0,0,0,1,0,0,0,0,0,0,0,0,2
java.lang.NumberFormatException: multiple points
linha fdp!!!!
0.745373,0.277778,0.151515,0.453114,0.365633,0.437684,0.933071,0.893701,0.472441,0.36810.503252,0.016667,0.227273,0.23121,0.310078,0.461992,0.787402,0.822835,0.566929,0.068033,0,0,1,0,0,0,0,0,0,0,0,0,0,0,0,0,0,0,0,0,0,0,0,0,0,0,0,0,0,0,0,0,0,0,0,0,1,0,0,0,0,0,0,0,2
java.lang.NumberFormatException: multiple points
linha fdp!!!!
0.551276,0.272222,0.318182,0.150322,0.236434,0.0954050.653827,0.402778,0.318182,0.79456,0.375969,0.449206,0.96063,0.909449,0.413386,0.33891,0,0,1,0,0,0,0,0,0,0,0,0,0,0,0,0,0,0,0,0,0,0,0,0,0,0,0,0,0,0,0,0,0,0,0,0,1,0,0,0,0,0,0,0,2
java.lang.NumberFormatException: multiple points
learning evaluation instances,Wall Time (Actual Time),Avg Delay (ms),outRate (inst/s),classified instances,classifications correct (percent),Kappa Statistic (percent),Kappa Temporal Statistic (percent),Kappa M Statistic (percent),F1 Score (percent),F1 Score for class 0 (percent),F1 Score for class 1 (percent),F1 Score for class 2 (percent),F1 Score for class 3 (percent),F1 Score for class 4 (percent),F1 Score for class 5 (percent),F1 Score for class 6 (percent),Precision (percent),Precision for class 0 (percent),Precision for class 1 (percent),Precision for class 2 (percent),Precision for class 3 (percent),Precision for class 4 (percent),Precision for class 5 (percent),Precision for class 6 (percent),Recall (percent),Recall for class 0 (percent),Recall for class 1 (percent),Recall for class 2 (percent),Recall for class 3 (percent),Recall for class 4 (percent),Recall for class 5 (percent),Recall for class 6 (percent),model training instances,model serialized size (bytes),ensemble size,[avg] model training instances,[err] model training instances,[avg] model serialized size (bytes),[err] model serialized size (bytes),[avg] tree size (nodes),[err] tree size (nodes),[avg] tree size (leaves),[err] tree size (leaves),[avg] active learning leaves,[err] active learning leaves,[avg] tree depth,[err] tree depth,[avg] active leaf byte size estimate,[err] active leaf byte size estimate,[avg] inactive leaf byte size estimate,[err] inactive leaf byte size estimate,[avg] byte size estimate overhead,[err] byte size estimate overhead
132050.0,600.0059814453125,132.0,220.08114624023438,132000.0,73.45151515151515,53.2824353257774,-387.1958848880852,42.94273758934533,49.017382222082716,0.2881844380403458,66.32901242817051,81.67151953412473,71.10565384830049,54.73145780051151,18.022747156605426,33.811442385173244,57.05977467488359,0.21097046413502107,74.06291034976722,74.47017085239473,69.5870657636006,76.6109785202864,39.922480620155035,64.55384615384615,42.96202274279292,0.45454545454545453,60.05759643773293,90.4147243436247,72.69200045646468,42.57294429708223,11.638418079096045,22.903930131004365,0.0,1.0,25.0,113860.16,62637.87840215642,1.0,0.0,25.04,20.73539646755438,11.84,11.130588483993108,11.84,11.130588483993108,4.119999999999999,3.3950945004029953,0.0,0.0,0.0,0.0,1.0,0.0
