Connected!
linha fdp!!!!
0.190.557279,0.863889,0.212121,0.167502,0.280362,0.196853,0.712598,0.901575,0.740157,0.444305,1,0,0,0,0,0,0,0,0,0,0,0,0,0,0,0,0,0,0,0,0,0,0,0,0,1,0,0,0,0,0,0,0,0,0,0,0,0,0,0,0,0,0,0,1
java.lang.NumberFormatException: multiple points
linha fdp!!!!
0.429715,0.261111,0.121212,0.171797,0.232558,0.284389,0.90.436218,0.366667,0.318182,0.292054,0.348837,0.352536,0.980315,0.877953,0.362205,0.302105,0,0,1,0,0,0,0,0,0,0,0,0,0,1,0,0,0,0,0,0,0,0,0,0,0,0,0,0,0,0,0,0,0,0,0,0,0,0,0,0,0,0,0,0,3
java.lang.NumberFormatException: multiple points
linha fdp!!!!
0.676338,0.536111,0.454545,0.183250.428214,0.880556,0.227273,0.136006,0.306202,0.2872,0.700787,0.885827,0.732283,0.313955,0,0,1,0,0,0,0,0,0,0,0,0,0,1,0,0,0,0,0,0,0,0,0,0,0,0,0,0,0,0,0,0,0,0,0,0,0,0,0,0,0,0,0,0,60.437219,0.933333,0.333333,0.258411,0.341085,0.286638,0.653543,0.80315,0.685039,0.314652,0,0,1,0,0,0,0,0,0,0,0,0,0,1,0,0,0,0,0,0,0,0,0,0,0,0,0,0,0,0,0,0,0,0,0,0,0,0,0,0,0,0,0,0,6
java.lang.NumberFormatException: multiple points
linha fdp!!!!
0.811406,0.016667,0.19697,0.425197,0.500.277139,0.741667,0.227273,0.231926,0.282946,0.155965,0.704724,0.964567,0.80315,0.202983,0,0,1,0,0,1,0,0,0,0,0,0,0,0,0,0,0,0,0,0,0,0,0,0,0,0,0,0,0,0,0,0,0,0,0,0,0,0,0,0,0,0,0,0,30.28014,0.505556,0.257576,0.193271,0.324289,0.101166,0.877953,0.980315,0.598425,0.159766,0,0,1,0,0,1,0,0,0,0,0,0,0,0,0,0,0,0,0,0,0,0,0,0,0,0,0,0,0,0,0,0,0,0,0,0,0,0,0,0,0,0,0,0,3
java.lang.NumberFormatException: multiple points
linha fdp!!!!
0.232116,0.222222,0.318182,0.042949,0.276486,0.178305,0.956693,0.7750.607304,0.294444,0.136364,0.021475,0.224806,0.507939,0.925197,0.901575,0.492126,0.319532,1,0,0,0,0,0,0,0,0,0,0,0,0,0,0,0,0,0,0,0,0,0,0,0,0,0,1,0,0,0,0,0,0,0,0,0,0,0,0,0,0,0,0,0,1
java.lang.NumberFormatException: multiple points
linha fdp!!!!
0.262131,0.191667,0.287879,0.042949,0.220.417209,0.038889,0.227273,0.021475,0.232558,0.385134,0.807087,0.822835,0.543307,0.917747,1,0,0,0,0,0,0,0,0,0,0,0,0,0,0,0,0,0,0,0,0,0,0,0,0,0,0,0,0,0,0,0,1,0,0,0,0,0,0,0,0,0,0,0,1
java.lang.NumberFormatException: multiple points
linha fdp!!!!
0.412206,0.45,0.621212,0.0644240.31916,0.177778,0.121212,0.021475,0.222222,0.099902,0.897638,0.88189,0.507874,0.782518,1,0,0,0,0,0,0,0,0,0,0,0,0,0,0,0,0,0,0,1,0,0,0,0,0,0,0,0,0,0,0,0,0,0,0,0,0,0,0,0,0,0,0,0,5
java.lang.NumberFormatException: multiple points
linha fdp!!!!
0.482741,0.022222,0.075758,0.136006,0.249354,0.478291,0.84252,0.905512,0.6020.546773,0.258333,0.075758,0.386543,0.385013,0.683013,0.897638,0.913386,0.543307,0.727032,1,0,0,0,0,0,0,0,0,0,0,0,0,0,0,1,0,0,0,0,0,0,0,0,0,0,0,0,0,0,0,0,0,0,0,0,0,0,0,0,0,0,0,0,20.543272,0.325,0.090909,0.408017,0.375969,0.679219,0.909449,0.92126,0.535433,0.730935,1,0,0,0,0,0,0,0,0,0,0,0,0,0,0,1,0,0,0,0,0,0,0,0,0,0,0,0,0,0,0,0,0,0,0,0,0,0,0,0,0,0,0,0,2
java.lang.NumberFormatException: multiple points
linha fdp!!!!
0.5993,0.297222,0.212121,0.423765,0.144703,0.8471270.563282,0.186111,0.257576,0.060845,0.232558,0.73205,0.925197,0.799213,0.370079,0.306706,1,0,0,0,0,0,0,0,0,0,0,0,0,0,0,0,0,0,0,1,0,0,0,0,0,0,0,0,0,0,0,0,0,0,0,0,0,0,0,0,0,0,0,0,1
java.lang.NumberFormatException: multiple points
linha fdp!!!!
0.684842,0.327778,0.060606,0.400859,0.295866,0.597583,0.889764,0.9290.425713,0.95,0.030303,0.163207,0.262274,0.298721,0.850394,0.929134,0.622047,0.618151,1,0,0,0,0,0,0,0,0,0,0,0,0,0,0,1,0,0,0,0,0,0,0,0,0,0,0,0,0,0,0,0,0,0,0,0,0,0,0,0,0,0,0,0,20.425713,0.9,0.030303,0.173228,0.26615,0.294506,0.84252,0.929134,0.629921,0.615224,1,0,0,0,0,0,0,0,0,0,0,0,0,0,0,1,0,0,0,0,0,0,0,0,0,0,0,0,0,0,0,0,0,0,0,0,0,0,0,0,0,0,0,0,2
java.lang.NumberFormatException: multiple points
linha fdp!!!!
0.455728,0.055556,0.090909,0.202577,0.22739,0.422369,0.850394,0.897638,0.5866140.515758,0.125,0.030303,0.167502,0.26615,0.561613,0.866142,0.92126,0.594488,0.881918,1,0,0,0,0,0,0,0,0,0,0,0,0,0,0,1,0,0,0,0,0,0,0,0,0,0,0,0,0,0,0,0,0,0,0,0,0,0,0,0,0,0,0,0,2
java.lang.NumberFormatException: multiple points
linha fdp!!!!
0.657829,0.169444,0.166667,0.258411,0.273902,0.6588450.566283,0.363889,0.075758,0.501074,0.316537,0.802023,0.897638,0.933071,0.566929,0.544263,1,0,0,0,0,0,0,0,0,0,0,0,0,0,0,0,0,0,0,0,0,0,0,1,0,0,0,0,0,0,0,0,0,0,0,0,0,0,0,0,0,0,0,0,2
java.lang.NumberFormatException: multiple points
linha fdp!!!!
0.350175,0.397222,0.318182,0.107373,0.240.546773,0.569444,0.166667,0.299213,0.27907,0.831671,0.84252,0.984252,0.669291,0.752684,1,0,0,0,0,0,0,0,0,0,0,0,0,0,0,0,0,0,0,0,0,0,0,0,0,0,0,0,0,0,0,0,1,0,0,0,0,0,0,0,0,0,0,0,20.548274,0.625,0.136364,0.319256,0.282946,0.834621,0.818898,0.980315,0.69685,0.755751,1,0,0,0,0,0,0,0,0,0,0,0,0,0,0,0,0,0,0,0,0,0,0,0,0,0,0,0,0,0,0,0,1,0,0,0,0,0,0,0,0,0,0,0,2
java.lang.NumberFormatException: multiple points
linha fdp!!!!
0.435718,0.241667,0.227273,0.3670.373187,0.055556,0.212121,0.19184,0.236434,0.150766,0.822835,0.822835,0.527559,0.251359,1,0,0,0,0,0,0,0,0,0,0,0,0,0,0,0,0,0,0,0,0,0,0,1,0,0,0,0,0,0,0,0,0,0,0,0,0,0,0,0,0,0,0,0,2
java.lang.NumberFormatException: multiple points
linha fdp!!!!
0.553277,0.76660.592796,0.169444,0.136364,0.150322,0.191214,0.486581,0.893701,0.874016,0.503937,0.761885,1,0,0,0,0,0,0,0,0,0,0,0,0,0,0,0,0,0,0,0,0,0,0,1,0,0,0,0,0,0,0,0,0,0,0,0,0,0,0,0,0,0,0,0,10.592796,0.066667,0.090909,0.150322,0.191214,0.49178,0.854331,0.893701,0.57874,0.765091,1,0,0,0,0,0,0,0,0,0,0,0,0,0,0,0,0,0,0,0,0,0,0,1,0,0,0,0,0,0,0,0,0,0,0,0,0,0,0,0,0,0,0,0,1
java.lang.NumberFormatException: multiple points
linha fdp!!!!
0.545273,0.161111,0.151515,0.085898,0.211886,0.484614,0.897638,0.858268,0.484252,0.8830.52076,0.644444,0.121212,0.299213,0.263566,0.500913,0.814961,0.976378,0.700787,0.443469,1,0,0,0,0,0,0,0,0,0,0,0,0,0,0,1,0,0,0,0,0,0,0,0,0,0,0,0,0,0,0,0,0,0,0,0,0,0,0,0,0,0,0,0,2
java.lang.NumberFormatException: multiple points
linha fdp!!!!
0.584292,0.261111,0.151515,0.3270.46023,0.144444,0.151515,0.107373,0.245478,0.437403,0.889764,0.858268,0.492126,0.337795,1,0,0,0,0,0,0,0,0,0,0,0,0,0,0,1,0,0,0,0,0,0,0,0,0,0,0,0,0,0,0,0,0,0,0,0,0,0,0,0,0,0,0,0,20.458229,0.111111,0.106061,0.090909,0.241602,0.43361,0.870079,0.88189,0.543307,0.333612,1,0,0,0,0,0,0,0,0,0,0,0,0,0,0,1,0,0,0,0,0,0,0,0,0,0,0,0,0,0,0,0,0,0,0,0,0,0,0,0,0,0,0,0,2
java.lang.NumberFormatException: multiple points
linha fdp!!!!
0.597799,0.336111,0.121212,0.27917,0.0.533767,0.95,0.075758,0.287759,0.22093,0.518477,0.826772,0.917323,0.633858,0.823644,1,0,0,0,0,0,0,0,0,0,0,0,0,0,0,0,0,0,0,0,0,0,0,0,0,0,0,0,0,0,0,0,1,0,0,0,0,0,0,0,0,0,0,0,2
java.lang.NumberFormatException: multiple points
linha fdp!!!!
0.375688,0.155556,0.136364,0.261274,0.22220.569785,0.230556,0.181818,0.068003,0.24031,0.398342,0.933071,0.858268,0.433071,0.899066,1,0,0,0,0,0,0,0,0,0,0,0,0,0,0,0,0,0,0,0,0,0,0,0,0,0,0,0,0,0,0,0,1,0,0,0,0,0,0,0,0,0,0,0,1
java.lang.NumberFormatException: multiple points
linha fdp!!!!
0.5560.561781,0.138889,0.181818,0.347173,0.232558,0.457918,0.885827,0.84252,0.476378,0.816674,1,0,0,0,0,0,0,0,0,0,0,0,0,0,0,0,0,0,0,0,0,0,0,0,0,0,0,0,0,0,0,0,1,0,0,0,0,0,0,0,0,0,0,0,1
java.lang.NumberFormatException: multiple points
linha fdp!!!!
0.336668,0.191667,0.257576,0.107373,0.249354,0.037656,0.929134,0.80.470735,0.263889,0.151515,0.021475,0.21447,0.531263,0.933071,0.885827,0.464567,0.432873,1,0,0,0,0,0,0,0,0,0,0,0,0,0,0,0,0,0,0,0,0,0,0,0,0,0,1,0,0,0,0,0,0,0,0,0,0,0,0,0,0,0,0,0,1
java.lang.NumberFormatException: multiple points
linha fdp!!!!
0.575288,0.208333,0.121212,0.163207,0.236434,0.709709,0.905512,0.885827,0.5,0.0.609305,0,0.181818,0.250537,0.27907,0.400169,0.795276,0.854331,0.598425,0.823784,1,0,0,0,0,0,0,0,0,0,0,0,0,0,0,0,0,0,0,0,0,0,0,0,0,0,0,0,0,0,0,0,1,0,0,0,0,0,0,0,0,0,0,0,2
java.lang.NumberFormatException: multiple points
linha fdp!!!!
0.461731,0.138889,0.181818,0.339298,0.329457,0.300688,0.885827,0.838580.435218,0.136111,0.151515,0.258411,0.24031,0.199663,0.88189,0.858268,0.5,0.256378,1,0,0,0,0,0,0,0,0,0,0,0,0,0,0,1,0,0,0,0,0,0,0,0,0,0,0,0,0,0,0,0,0,0,0,0,0,0,0,0,0,0,0,0,2
java.lang.NumberFormatException: multiple points
learning evaluation instances,Wall Time (Actual Time),Avg Delay (ms),outRate (inst/s),classified instances,classifications correct (percent),Kappa Statistic (percent),Kappa Temporal Statistic (percent),Kappa M Statistic (percent),F1 Score (percent),F1 Score for class 0 (percent),F1 Score for class 1 (percent),F1 Score for class 2 (percent),F1 Score for class 3 (percent),F1 Score for class 4 (percent),F1 Score for class 5 (percent),F1 Score for class 6 (percent),Precision (percent),Precision for class 0 (percent),Precision for class 1 (percent),Precision for class 2 (percent),Precision for class 3 (percent),Precision for class 4 (percent),Precision for class 5 (percent),Precision for class 6 (percent),Recall (percent),Recall for class 0 (percent),Recall for class 1 (percent),Recall for class 2 (percent),Recall for class 3 (percent),Recall for class 4 (percent),Recall for class 5 (percent),Recall for class 6 (percent),model training instances,model serialized size (bytes)
60000.0,600.0910034179688,11585.0,99.98483276367188,58000.0,88.99310344827586,78.55753020922316,-8.719346049046269,68.72581198256015,67.91239376892246,?,80.12254460263111,93.99760367951147,67.09721278042147,87.05939159826171,75.12594458438286,69.90707648320229,69.01968340685355,0.0,90.21000304352236,91.11116661255276,69.31179775280899,81.14311431143115,74.6558197747184,76.70588235294117,66.84007185564951,0.0,72.06418672501823,97.07291112293774,65.01976284584981,93.90625,75.6020278833967,64.21536441234406,0.0,1.0
