Connected!
linha fdp!!!!
0.30015,0.647222,0.181818,0.0.306653,0.669444,0.363636,0.107373,0.290698,0.191232,0.661417,0.988189,0.84252,0.086156,0,0,0,1,0,0,0,0,0,0,0,0,0,1,0,0,0,0,0,0,0,0,0,0,0,0,0,0,0,0,0,0,0,0,0,0,0,0,0,0,0,0,0,0,6
java.lang.NumberFormatException: multiple points
linha fdp!!!!
0.576788,0.261111,0.060606,0.386543,0.21447,0.237038,0.885827,0.920.374687,0.261111,0.106061,0.021475,0.219638,0.296754,0.909449,0.905512,0.519685,0.313537,0,0,1,0,0,0,0,0,0,0,0,0,0,0,1,0,0,0,0,0,0,0,0,0,0,0,0,0,0,0,0,0,0,0,0,0,0,0,0,0,0,0,0,0,30.354677,0.975,0.075758,0.151754,0.242894,0.210763,0.834646,0.913386,0.622047,0.227241,0,0,1,0,0,1,0,0,0,0,0,0,0,0,0,0,0,0,0,0,0,0,0,0,0,0,0,0,0,0,0,0,0,0,0,0,0,0,0,0,0,0,0,0,5
java.lang.NumberFormatException: multiple points
linha fdp!!!!
0.65933,0.663889,0.015152,0.2398,0.25450.691846,0.277778,0.060606,0.395132,0.498708,0.400169,0.893701,0.92126,0.559055,0.42646,0,0,1,0,0,0,0,0,0,0,0,0,0,0,0,0,0,0,0,0,0,0,0,0,0,0,0,0,0,0,0,0,0,0,1,0,0,0,0,0,0,0,0,0,1
java.lang.NumberFormatException: multiple points
linha fdp!!!!
0.5990.484242,0.786111,0.19697,0.042949,0.260982,0.270058,0.724409,0.944882,0.771654,0.167294,0,0,1,0,0,0,0,0,0,0,0,0,0,0,0,0,0,0,0,0,0,0,0,0,0,0,1,0,0,0,0,0,0,0,0,0,0,0,0,0,0,0,0,0,5
java.lang.NumberFormatException: multiple points
linha fdp!!!!
0.137060.267634,0.85,0.393939,0.150322,0.337209,0.169875,0.555118,0.850394,0.830709,0.196849,0,0,0,1,0,0,0,0,0,0,0,0,0,1,0,0,0,0,0,0,0,0,0,0,0,0,0,0,0,0,0,0,0,0,0,0,0,0,0,0,0,0,0,0,6
java.lang.NumberFormatException: multiple points
linha fdp!!!!
0.274637,0.230556,0.348485,0.021475,0.20.431216,0.011111,0.272727,0.125268,0.361757,0.337642,0.76378,0.799213,0.566929,0.961941,1,0,0,0,0,0,0,0,0,0,0,0,0,0,0,0,0,0,0,0,0,0,0,0,0,0,0,0,0,0,0,0,1,0,0,0,0,0,0,0,0,0,0,0,10.429215,0.063889,0.272727,0.130279,0.347545,0.333427,0.811024,0.779528,0.484252,0.966123,1,0,0,0,0,0,0,0,0,0,0,0,0,0,0,0,0,0,0,0,0,0,0,0,0,0,0,0,0,0,0,0,1,0,0,0,0,0,0,0,0,0,0,0,1
java.lang.NumberFormatException: multiple points
linha fdp!!!!
0.453227,0.347222,0.0.316658,0.227778,0.181818,0.130279,0.224806,0.126458,0.933071,0.862205,0.437008,0.734839,1,0,0,0,0,0,0,0,0,0,0,0,0,0,0,0,0,0,0,0,0,1,0,0,0,0,0,0,0,0,0,0,0,0,0,0,0,0,0,0,0,0,0,0,50.597799,0.283333,0.257576,0.346457,0.262274,0.934382,0.968504,0.850394,0.366142,0.37683,1,0,0,0,0,0,0,0,0,0,0,0,0,0,0,0,0,0,0,0,0,0,0,0,0,0,0,0,0,0,0,0,0,1,0,0,0,0,0,0,0,0,0,0,2
java.lang.NumberFormatException: multiple points
linha fdp!!!!
0.461231,0.041667,0.166667,0.19184,0.346253,0.41998,0.826772,0.8543310.513757,0.313889,0.212121,0.088762,0.264858,0.707039,0.956693,0.885827,0.425197,0.608671,1,0,0,0,0,0,0,0,0,0,0,0,0,0,0,0,0,0,0,0,0,0,0,0,0,0,0,0,0,0,0,0,1,0,0,0,0,0,0,0,0,0,0,0,20.510755,0.308333,0.212121,0.077309,0.25323,0.702824,0.956693,0.88189,0.42126,0.612714,1,0,0,0,0,0,0,0,0,0,0,0,0,0,0,0,0,0,0,0,0,0,0,0,0,0,0,0,0,0,0,0,1,0,0,0,0,0,0,0,0,0,0,0,2
java.lang.NumberFormatException: multiple points
linha fdp!!!!
0.525263,0.275,0.181818,0.198282,0.370801,0.652101,0.944882,0.874016,0.43300.668334,0.65,0.181818,0.352183,0.338501,0.80118,0.783465,0.988189,0.740157,0.181514,1,0,0,0,0,0,0,0,0,0,0,0,0,0,0,0,0,0,0,0,0,0,0,0,0,0,0,0,0,0,0,0,1,0,0,0,0,0,0,0,0,0,0,0,20.669835,0.636111,0.136364,0.365784,0.342377,0.803428,0.814961,0.976378,0.700787,0.181096,1,0,0,0,0,0,0,0,0,0,0,0,0,0,0,0,0,0,0,0,0,0,0,0,0,0,0,0,0,0,0,0,1,0,0,0,0,0,0,0,0,0,0,0,2
java.lang.NumberFormatException: multiple points
linha fdp!!!!
0.618809,0.161111,0.060606,0.021475,0.2235140.375688,0.205556,0.121212,0.021475,0.223514,0.228186,0.905512,0.88189,0.5,0.711,1,0,0,0,0,0,0,0,0,0,0,0,0,0,0,0,0,0,0,1,0,0,0,0,0,0,0,0,0,0,0,0,0,0,0,0,0,0,0,0,0,0,0,0,2
java.lang.NumberFormatException: multiple points
linha fdp!!!!
0.43320.433717,0.775,0.075758,0.077309,0.222222,0.224954,0.814961,0.944882,0.677165,0.570891,1,0,0,0,0,0,0,0,0,0,0,0,0,0,0,1,0,0,0,0,0,0,0,0,0,0,0,0,0,0,0,0,0,0,0,0,0,0,0,0,0,0,0,0,2
java.lang.NumberFormatException: multiple points
linha fdp!!!!
0.577789,0.55,0.075758,0.5783820.433717,0.575,0.030303,0.125268,0.222222,0.212309,0.858268,0.948819,0.629921,0.546215,1,0,0,0,0,0,0,0,0,0,0,0,0,0,0,1,0,0,0,0,0,0,0,0,0,0,0,0,0,0,0,0,0,0,0,0,0,0,0,0,0,0,0,0,2
java.lang.NumberFormatException: multiple points
linha fdp!!!!
0.705853,0.220.566783,0.122222,0.393939,0,0.223514,0.715751,0.850394,0.685039,0.311024,0.390632,1,0,0,0,0,0,0,0,0,0,0,0,0,0,0,0,0,0,0,0,0,0,0,0,0,0,0,0,0,0,0,0,1,0,0,0,0,0,0,0,0,0,0,0,1
java.lang.NumberFormatException: multiple points
linha fdp!!!!
0.482741,0.052778,0.181818,0.068003,0.250646,0.440.405703,0.919444,0.106061,0,0.223514,0.186595,0.799213,0.909449,0.65748,0.461453,1,0,0,0,0,0,0,0,0,0,0,0,0,0,0,0,0,0,0,0,0,0,0,1,0,0,0,0,0,0,0,0,0,0,0,0,0,0,0,0,0,0,0,0,2
java.lang.NumberFormatException: multiple points
linha fdp!!!!
0.436718,0.0888890.497749,0.111111,0.166667,0.115963,0.235142,0.450611,0.870079,0.846457,0.5,0.658581,1,0,0,0,0,0,0,0,0,0,0,0,0,0,0,1,0,0,0,0,0,0,0,0,0,0,0,0,0,0,0,0,0,0,0,0,0,0,0,0,0,0,0,0,20.497249,0.111111,0.121212,0.09592,0.24677,0.446396,0.870079,0.874016,0.531496,0.654956,1,0,0,0,0,0,0,0,0,0,0,0,0,0,0,1,0,0,0,0,0,0,0,0,0,0,0,0,0,0,0,0,0,0,0,0,0,0,0,0,0,0,0,0,2
java.lang.NumberFormatException: multiple points
linha fdp!!!!
0.673337,0.480556,0.090909,0.090909,0.228682,0.569482,0.88189,0.956693,0.600.568284,0.105556,0.348485,0.335719,0.325581,0.641281,0.838583,0.724409,0.377953,0.570473,1,0,0,0,0,0,0,0,0,0,0,0,0,0,0,0,0,0,0,0,0,0,0,0,0,0,0,0,0,0,0,0,1,0,0,0,0,0,0,0,0,0,0,0,1
java.lang.NumberFormatException: multiple points
linha fdp!!!!
0.553277,0.113889,0.272727,0.163200.568284,0.161111,0.090909,0.107373,0.25323,0.721793,0.88189,0.897638,0.543307,0.864213,1,0,0,0,0,0,0,0,0,0,0,0,0,0,0,1,0,0,0,0,0,0,0,0,0,0,0,0,0,0,0,0,0,0,0,0,0,0,0,0,0,0,0,0,1
java.lang.NumberFormatException: multiple points
linha fdp!!!!
0.568284,0.60.623812,0.216667,0.212121,0.375805,0.178295,0.57735,0.933071,0.838583,0.409449,0.64213,1,0,0,0,0,0,0,0,0,0,0,0,0,0,0,0,0,0,0,0,0,0,0,0,0,0,0,0,0,0,0,0,1,0,0,0,0,0,0,0,0,0,0,0,1
java.lang.NumberFormatException: multiple points
linha fdp!!!!
0.65983,0.27220.542771,0.041667,0.19697,0.154617,0.263566,0.521428,0.818898,0.838583,0.555118,0.608811,1,0,0,0,0,0,0,0,0,0,0,0,0,0,0,1,0,0,0,0,0,0,0,0,0,0,0,0,0,0,0,0,0,0,0,0,0,0,0,0,0,0,0,0,2
java.lang.NumberFormatException: multiple points
linha fdp!!!!
0.55978,0.688889,0.166667,0.432355,0.30.554777,0.036111,0.181818,0.042949,0.231266,0.575945,0.818898,0.850394,0.562992,0.762024,1,0,0,0,0,0,0,0,0,0,0,0,0,0,0,0,0,0,0,0,0,0,0,0,0,0,0,0,0,0,0,0,1,0,0,0,0,0,0,0,0,0,0,0,20.554777,0.027778,0.181818,0.04796,0.235142,0.578755,0.814961,0.850394,0.570866,0.764115,1,0,0,0,0,0,0,0,0,0,0,0,0,0,0,0,0,0,0,0,0,0,0,0,0,0,0,0,0,0,0,0,1,0,0,0,0,0,0,0,0,0,0,0,2
java.lang.NumberFormatException: multiple points
linha fdp!!!!
0.553277,0.366667,0.272727,0.171797,0.22093,0.518617,0.968504,0.890.568284,0.277778,0.181818,0.077309,0.232558,0.746944,0.940945,0.88189,0.444882,0.69204,1,0,0,0,0,0,0,0,0,0,0,0,0,0,0,0,0,0,0,0,0,0,0,0,0,0,0,0,0,0,0,0,1,0,0,0,0,0,0,0,0,0,0,0,1
java.lang.NumberFormatException: multiple points
linha fdp!!!!
0.502751,0.0.623812,0.175,0.212121,0.137437,0.290698,0.403681,0.913386,0.830709,0.429134,0.820159,1,0,0,0,0,0,0,0,0,0,0,0,0,0,0,0,0,0,0,0,0,0,0,0,0,0,0,0,0,0,0,0,1,0,0,0,0,0,0,0,0,0,0,0,10.62081,0.158333,0.242424,0.125268,0.282946,0.406491,0.901575,0.811024,0.413386,0.821414,1,0,0,0,0,0,0,0,0,0,0,0,0,0,0,0,0,0,0,0,0,0,0,0,0,0,0,0,0,0,0,0,1,0,0,0,0,0,0,0,0,0,0,0,1
java.lang.NumberFormatException: multiple points
linha fdp!!!!
0.520.554777,0.358333,0.136364,0.128848,0.24031,0.46958,0.925197,0.925197,0.511811,0.885404,1,0,0,0,0,0,0,0,0,0,0,0,0,0,0,0,0,0,0,0,0,0,0,0,0,0,0,0,0,0,0,0,1,0,0,0,0,0,0,0,0,0,0,0,1
java.lang.NumberFormatException: multiple points
linha fdp!!!!
0.45973,0.05,0.030303,0.14388,0.26615,0.404665,0.858268,0.925197,0.610236,0.2890.50075,0.158333,0.151515,0.136006,0.280362,0.481945,0.893701,0.862205,0.492126,0.406246,1,0,0,0,0,0,0,0,0,0,0,0,0,0,0,1,0,0,0,0,0,0,0,0,0,0,0,0,0,0,0,0,0,0,0,0,0,0,0,0,0,0,0,0,2
java.lang.NumberFormatException: multiple points
linha fdp!!!!
0.524262,0.016667,0.075758,0.287759,0.276486,0.557538,0.84252,0.9050.408204,0.472222,0.151515,0.021475,0.222222,0.252916,0.893701,0.964567,0.586614,0.148334,1,0,0,0,0,0,0,0,0,0,0,0,0,0,0,1,0,0,0,0,0,0,0,0,0,0,0,0,0,0,0,0,0,0,0,0,0,0,0,0,0,0,0,0,20.409205,0.533333,0.181818,0.021475,0.228682,0.2487,0.862205,0.984252,0.641732,0.144431,1,0,0,0,0,0,0,0,0,0,0,0,0,0,0,1,0,0,0,0,0,0,0,0,0,0,0,0,0,0,0,0,0,0,0,0,0,0,0,0,0,0,0,0,2
java.lang.NumberFormatException: multiple points
linha fdp!!!!
0.518759,0.438889,0.106061,0.303508,0.30491,0.525783,0.89760.426213,0.238889,0.19697,0.042949,0.228682,0.343684,0.940945,0.854331,0.42126,0.27966,1,0,0,0,0,0,0,0,0,0,0,0,0,0,0,1,0,0,0,0,0,0,0,0,0,0,0,0,0,0,0,0,0,0,0,0,0,0,0,0,0,0,0,0,20.422711,0.247222,0.181818,0.021475,0.228682,0.33989,0.940945,0.866142,0.429134,0.275756,1,0,0,0,0,0,0,0,0,0,0,0,0,0,0,1,0,0,0,0,0,0,0,0,0,0,0,0,0,0,0,0,0,0,0,0,0,0,0,0,0,0,0,0,2
java.lang.NumberFormatException: multiple points
linha fdp!!!!
0.369685,0.005556,0.318182,0.042949,0.242894,0.1930.392696,0.080556,0.166667,0.258411,0.264858,0.137558,0.850394,0.854331,0.531496,0.132859,1,0,0,0,0,0,0,0,0,0,0,0,0,0,0,1,0,0,0,0,0,0,0,0,0,0,0,0,0,0,0,0,0,0,0,0,0,0,0,0,0,0,0,0,20.390695,0.108333,0.136364,0.242663,0.25969,0.134888,0.870079,0.866142,0.527559,0.132023,1,0,0,0,0,0,0,0,0,0,0,0,0,0,0,1,0,0,0,0,0,0,0,0,0,0,0,0,0,0,0,0,0,0,0,0,0,0,0,0,0,0,0,0,2
java.lang.NumberFormatException: multiple points
linha fdp!!!!
0.571286,0.155556,0.106061,0.0214750.545773,0.436111,0.181818,0.107373,0.271318,0.636504,0.917323,0.952756,0.53937,0.378224,1,0,0,0,0,0,0,0,0,0,0,0,0,0,0,0,0,0,0,0,0,0,0,0,0,0,0,0,0,0,0,0,0,1,0,0,0,0,0,0,0,0,0,0,2
java.lang.NumberFormatException: multiple points
linha fdp!!!!
0.512756,0.127778,0.378788,0.115963,0.301034,0.485598,0.858268,0.692913,0.310.610805,0.008333,0.136364,0.021475,0.229974,0.439652,0.822835,0.88189,0.602362,0.738882,1,0,0,0,0,0,0,0,0,0,0,0,0,0,0,0,0,0,0,0,0,0,0,0,0,0,0,0,0,0,0,0,1,0,0,0,0,0,0,0,0,0,0,0,1
java.lang.NumberFormatException: multiple points
linha fdp!!!!
0.402701,0.213889,0.19690.372686,0.208333,0.166667,0.128848,0.280362,0.024589,0.917323,0.866142,0.46063,0.144152,1,0,0,0,0,0,0,0,0,0,0,0,0,0,0,1,0,0,0,0,0,0,0,0,0,0,0,0,0,0,0,0,0,0,0,0,0,0,0,0,0,0,0,0,2
java.lang.NumberFormatException: multiple points
linha fdp!!!!
0.430215,0.0.414207,0.927778,0.227273,0.09592,0.289406,0.227062,0.728346,0.862205,0.681102,0.381291,1,0,0,0,0,0,0,0,0,0,0,0,0,0,0,0,0,0,0,0,0,0,0,0,0,0,0,0,0,0,0,0,1,0,0,0,0,0,0,0,0,0,0,0,20.414707,0.947222,0.287879,0.09592,0.184755,0.223409,0.692913,0.818898,0.665354,0.379897,1,0,0,0,0,0,0,0,0,0,0,0,0,0,0,0,0,0,0,0,0,0,0,0,0,0,0,0,0,0,0,0,1,0,0,0,0,0,0,0,0,0,0,0,2
java.lang.NumberFormatException: multiple points
linha fdp!!!!
0.545273,0.875,0.212121,0.446671,0.260982,0.760.645323,0.080556,0.136364,0.319256,0.232558,0.451033,0.854331,0.870079,0.547244,0.648125,1,0,0,0,0,0,0,0,0,0,0,0,0,0,0,0,0,0,0,0,0,0,0,1,0,0,0,0,0,0,0,0,0,0,0,0,0,0,0,0,0,0,0,0,1
java.lang.NumberFormatException: multiple points
linha fdp!!!!
0.538769,0.15,0.181818,0.346457,0.25323,0.664184,0.0.661831,0.208333,0.106061,0.328561,0.275194,0.410145,0.897638,0.897638,0.523622,0.684233,1,0,0,0,0,0,0,0,0,0,0,0,0,0,0,0,0,0,0,0,0,0,0,0,0,0,0,0,0,0,0,0,1,0,0,0,0,0,0,0,0,0,0,0,1
java.lang.NumberFormatException: multiple points
linha fdp!!!!
0.572786,0.211111,0.19697,0.355762,0.2230.422711,0.447222,0.272727,0.021475,0.222222,0.418716,0.925197,0.948819,0.507874,0.266137,1,0,0,0,0,0,0,0,0,0,0,0,0,0,0,0,0,0,0,1,0,0,0,0,0,0,0,0,0,0,0,0,0,0,0,0,0,0,0,0,0,0,0,0,2
java.lang.NumberFormatException: multiple points
linha fdp!!!!
0.546773,0.916667,0.136364,0.40.561781,0.211111,0.227273,0.405154,0.245478,0.631727,0.933071,0.830709,0.397638,0.423393,1,0,0,0,0,0,0,0,0,0,0,0,0,0,0,0,0,0,0,0,0,0,0,0,0,0,0,0,0,0,0,0,1,0,0,0,0,0,0,0,0,0,0,0,20.556778,0.180556,0.242424,0.386543,0.299742,0.635661,0.917323,0.807087,0.385827,0.419629,1,0,0,0,0,0,0,0,0,0,0,0,0,0,0,0,0,0,0,0,0,0,0,0,0,0,0,0,0,0,0,0,1,0,0,0,0,0,0,0,0,0,0,0,2
java.lang.NumberFormatException: multiple points
linha fdp!!!!
0.538760.668334,0.172222,0.151515,0.322835,0.29199,0.404524,0.901575,0.858268,0.476378,0.654259,1,0,0,0,0,0,0,0,0,0,0,0,0,0,0,0,0,0,0,0,0,0,0,0,0,0,0,0,0,0,0,0,0,0,0,0,0,0,0,0,0,0,1,0,1
java.lang.NumberFormatException: multiple points
linha fdp!!!!
0.482741,0.919444,0.090909,0.198282,0.316537,0.240.383692,0.772222,0.212121,0.042949,0.235142,0.092033,0.712598,0.952756,0.787402,0.193085,1,0,0,0,0,0,0,0,0,0,0,0,0,0,0,0,0,0,0,0,0,0,0,0,0,0,0,0,0,0,0,0,1,0,0,0,0,0,0,0,0,0,0,0,20.388194,0.8,0.257576,0.064424,0.24677,0.093298,0.677165,0.933071,0.80315,0.19183,1,0,0,0,0,0,0,0,0,0,0,0,0,0,0,0,0,0,0,0,0,0,0,0,0,0,0,0,0,0,0,0,1,0,0,0,0,0,0,0,0,0,0,0,2
java.lang.NumberFormatException: multiple points
linha fdp!!!!
0.4002,0.955556,0.2424240.506253,0.036111,0.242424,0.400859,0.46124,0.359421,0.799213,0.814961,0.543307,0.286909,1,0,0,0,0,0,0,0,0,0,0,0,0,0,0,0,0,0,0,0,0,0,0,0,0,0,0,0,0,0,0,0,1,0,0,0,0,0,0,0,0,0,0,0,2
java.lang.NumberFormatException: multiple points
linha fdp!!!!
0.455228,0.836111,0.272727,0.030064,0.233850.661831,0,0.136364,0.303508,0.275194,0.426725,0.811024,0.874016,0.606299,0.58999,1,0,0,0,0,0,0,0,0,0,0,0,0,0,0,0,0,0,0,0,0,0,0,0,0,0,0,0,0,0,0,0,1,0,0,0,0,0,0,0,0,0,0,0,10.661831,0.063889,0.181818,0.30136,0.275194,0.430659,0.838583,0.84252,0.535433,0.585808,1,0,0,0,0,0,0,0,0,0,0,0,0,0,0,0,0,0,0,0,0,0,0,0,0,0,0,0,0,0,0,0,1,0,0,0,0,0,0,0,0,0,0,0,1
java.lang.NumberFormatException: multiple points
linha fdp!!!!
0.405203,0.883333,0.30303,0.107373,0.286822,0.144302,0.641732,0.858268,0.755906,0.260.494747,0.25,0.166667,0.27917,0.286822,0.298581,0.933071,0.877953,0.456693,0.386031,1,0,0,0,0,0,0,0,0,0,0,0,0,0,0,0,0,0,0,0,0,0,0,0,0,0,0,0,0,0,0,0,1,0,0,0,0,0,0,0,0,0,0,0,20.492246,0.177778,0.136364,0.299213,0.277778,0.294928,0.901575,0.870079,0.492126,0.389934,1,0,0,0,0,0,0,0,0,0,0,0,0,0,0,0,0,0,0,0,0,0,0,0,0,0,0,0,0,0,0,0,1,0,0,0,0,0,0,0,0,0,0,0,2
java.lang.NumberFormatException: multiple points
linha fdp!!!!
0.458229,0.869444,0.272727,0.060845,0.257106,0.0.527264,0.625,0.181818,0.042949,0.236434,0.700576,0.80315,0.988189,0.720472,0.220689,1,0,0,0,0,0,0,0,0,0,0,0,0,0,0,0,0,0,0,0,0,0,0,0,0,0,0,0,0,0,0,0,1,0,0,0,0,0,0,0,0,0,0,0,2
java.lang.NumberFormatException: multiple points
linha fdp!!!!
0.427214,0.147222,0.227273,0.021475,0.232558,0.134460.536768,0.25,0.075758,0.261274,0.294574,0.437544,0.897638,0.909449,0.53937,0.263349,1,0,0,0,0,0,0,0,0,0,0,0,0,0,0,0,0,0,0,0,0,0,0,0,0,0,0,0,0,0,0,0,1,0,0,0,0,0,0,0,0,0,0,0,2
java.lang.NumberFormatException: multiple points
linha fdp!!!!
0.48024,0.230556,0.242424,0.042949,0.215762,0.346916,0.948819,0.830709,0.30.393697,0.191667,0.30303,0.107373,0.260982,0.141352,0.933071,0.771654,0.322835,0.080441,1,0,0,0,0,0,0,0,0,0,0,0,1,0,0,0,0,0,0,0,0,0,0,0,0,0,0,0,0,0,0,0,0,0,0,0,0,0,0,0,0,0,0,0,20.388694,0.175,0.227273,0.085898,0.248062,0.142195,0.913386,0.814961,0.409449,0.078628,1,0,0,0,0,0,0,0,0,0,0,0,1,0,0,0,0,0,0,0,0,0,0,0,0,0,0,0,0,0,0,0,0,0,0,0,0,0,0,0,0,0,0,0,2
java.lang.NumberFormatException: multiple points
linha fdp!!!!
0.514257,0.236111,0.257576,0.021475,0.236434,0.430237,0.952756,0.818898,0.350390.583292,0.677778,0.227273,0.279885,0.370801,0.757061,0.744094,0.988189,0.779528,0.114178,1,0,0,0,0,0,0,0,0,0,0,0,0,0,0,0,0,0,0,0,0,0,0,0,0,0,0,0,0,0,0,0,1,0,0,0,0,0,0,0,0,0,0,0,2
java.lang.NumberFormatException: multiple points
linha fdp!!!!
0.54027,0.130556,0.121212,0,0.2235140.547774,0.061111,0.181818,0.042949,0.226098,0.552761,0.834646,0.84252,0.53937,0.162833,1,0,0,0,0,0,0,0,0,0,0,0,0,0,0,0,0,0,0,0,0,0,0,0,0,0,0,0,0,0,0,0,1,0,0,0,0,0,0,0,0,0,0,0,2
java.lang.NumberFormatException: multiple points
linha fdp!!!!
0.524262,0.016667,0.227273,0.030064,0.232550.410705,0.141667,0.151515,0.10952,0.26615,0.173669,0.885827,0.862205,0.5,0.029555,1,0,0,0,0,0,0,0,0,0,0,0,0,0,0,0,0,0,0,0,0,0,0,0,0,0,1,0,0,0,0,0,0,0,0,0,0,0,0,0,0,0,0,0,2
java.lang.NumberFormatException: multiple points
linha fdp!!!!
0.362681,0.286111,0.242424,0.042949,0.211886,0.130954,0.964567,0.862205,0.389764,0.116260.651826,0.091667,0.166667,0.410165,0.397933,0.559927,0.858268,0.846457,0.519685,0.36972,1,0,0,0,0,0,0,0,0,0,0,0,0,0,0,0,0,0,0,0,0,0,0,0,0,0,0,0,0,0,0,0,0,1,0,0,0,0,0,0,0,0,0,0,2
java.lang.NumberFormatException: multiple points
linha fdp!!!!
0.656828,0.066667,0.0.549775,0.869444,0.166667,0.128848,0.241602,0.684699,0.751969,0.913386,0.708661,0.304615,1,0,0,0,0,0,0,0,0,0,0,0,0,0,0,0,0,0,0,0,0,0,0,0,0,0,0,0,0,0,0,0,1,0,0,0,0,0,0,0,0,0,0,0,1
java.lang.NumberFormatException: multiple points
linha fdp!!!!
0.498749,0.838889,0.060606,0.021475,0.20.522261,0.786111,0.212121,0.198282,0.28553,0.469439,0.704724,0.944882,0.787402,0.387425,1,0,0,0,0,0,0,0,0,0,0,0,0,0,0,1,0,0,0,0,0,0,0,0,0,0,0,0,0,0,0,0,0,0,0,0,0,0,0,0,0,0,0,0,1
java.lang.NumberFormatException: multiple points
linha fdp!!!!
0.569285,0.519444,0.257576,0.150322,0.262274,0.637909,0.866140.553777,0.952778,0.075758,0.030064,0.213178,0.746241,0.826772,0.913386,0.633858,0.342953,1,0,0,0,0,0,0,0,0,0,0,0,0,0,0,0,0,0,0,0,0,0,0,0,0,0,1,0,0,0,0,0,0,0,0,0,0,0,0,0,0,0,0,0,1
java.lang.NumberFormatException: multiple points
linha fdp!!!!
0.518259,0.361111,0.106061,0.137437,0.251938,0.299986,0.917323,0.929134,0.535430.49925,0.141667,0.19697,0,0.223514,0.256428,0.889764,0.830709,0.456693,0.344068,1,0,0,0,0,0,0,0,0,0,0,0,0,0,0,0,0,0,0,0,0,0,0,1,0,0,0,0,0,0,0,0,0,0,0,0,0,0,0,0,0,0,0,0,2
java.lang.NumberFormatException: multiple points
linha fdp!!!!
0.525763,0.794444,0.257576,0.04796,0.249354,0.428411,0.0.551276,0.55,0.060606,0.021475,0.223514,0.521147,0.858268,0.956693,0.633858,0.356476,1,0,0,0,0,0,0,0,0,0,0,0,0,0,0,0,0,0,0,0,0,0,0,0,0,0,0,0,0,0,0,0,1,0,0,0,0,0,0,0,0,0,0,0,10.551276,0.711111,0.030303,0,0.223514,0.516931,0.84252,0.944882,0.641732,0.354384,1,0,0,0,0,0,0,0,0,0,0,0,0,0,0,0,0,0,0,0,0,0,0,0,0,0,1,0,0,0,0,0,0,0,0,0,0,0,0,0,0,0,0,0,1
java.lang.NumberFormatException: multiple points
linha fdp!!!!
0.4697350.470235,0.111111,0.181818,0.269148,0.209302,0.141633,0.870079,0.84252,0.496063,0.357312,1,0,0,0,0,0,0,0,0,0,0,0,0,0,0,0,0,0,0,0,0,0,0,0,0,0,0,0,0,0,0,0,1,0,0,0,0,0,0,0,0,0,0,0,2
java.lang.NumberFormatException: multiple points
linha fdp!!!!
0.458729,0.205556,0.166667,0.307802,0.299742,0.090488,0.917323,0.862205,0.45660.570785,0.880556,0.121212,0.14388,0.270026,0.43909,0.779528,0.917323,0.685039,0.269622,1,0,0,0,0,0,0,0,0,0,0,0,0,0,0,0,0,0,0,0,0,0,0,0,0,0,0,0,0,0,0,0,1,0,0,0,0,0,0,0,0,0,0,0,2
java.lang.NumberFormatException: multiple points
linha fdp!!!!
0.597799,0.166667,0.287879,0.107373,0.255814,0.683294,0.909449,0.775590.526263,0,0.075758,0,0.223514,0.22383,0.838583,0.909449,0.614173,0.256517,1,0,0,0,0,0,0,0,0,0,0,0,0,0,0,0,0,0,0,0,0,0,0,0,0,0,0,0,0,0,0,0,1,0,0,0,0,0,0,0,0,0,0,0,20.526763,0.022222,0.075758,0.021475,0.228682,0.219615,0.84252,0.905512,0.602362,0.25819,1,0,0,0,0,0,0,0,0,0,0,0,0,0,0,0,0,0,0,0,0,0,0,0,0,0,0,0,0,0,0,0,1,0,0,0,0,0,0,0,0,0,0,0,2
java.lang.NumberFormatException: multiple points
linha fdp!!!!
0.634817,0.075,0.166667,0.261274,0.248062,0.59112,0.850394,0.850394,0.53540.627814,0.797222,0.136364,0,0.223514,0.625404,0.767717,0.944882,0.728346,0.47623,1,0,0,0,0,0,0,0,0,0,0,0,0,0,0,0,0,0,0,0,0,0,0,0,0,1,0,0,0,0,0,0,0,0,0,0,0,0,0,0,0,0,0,0,1
java.lang.NumberFormatException: multiple points
linha fdp!!!!
0.641321,0.155556,0.045455,0.160.642821,0.186111,0.181818,0.077309,0.245478,0.607278,0.913386,0.850394,0.452756,0.503694,1,0,0,0,0,0,0,0,0,0,0,0,0,0,0,0,0,0,0,0,0,0,0,0,0,1,0,0,0,0,0,0,0,0,0,0,0,0,0,0,0,0,0,0,1
java.lang.NumberFormatException: multiple points
linha fdp!!!!
0.651826,0.763889,0.257576,0.021475,0.23385,0.624139,0.681102,0.952756,0.814961,0.40.543272,0.236111,0.212121,0.068003,0.228682,0.25151,0.940945,0.850394,0.409449,0.152238,1,0,0,0,0,0,0,0,0,0,0,0,0,0,0,0,0,0,0,0,0,0,0,0,0,0,0,0,0,0,0,0,1,0,0,0,0,0,0,0,0,0,0,0,10.54027,0.252778,0.181818,0.064424,0.222222,0.248279,0.937008,0.870079,0.437008,0.15628,1,0,0,0,0,0,0,0,0,0,0,0,0,0,0,0,0,0,0,0,0,0,0,0,0,0,0,0,0,0,0,0,1,0,0,0,0,0,0,0,0,0,0,0,1
java.lang.NumberFormatException: multiple points
linha fdp!!!!
0.583792,0.3444440.665833,0.755556,0.090909,0.384395,0.30491,0.843614,0.799213,0.952756,0.700787,0.391189,1,0,0,0,0,0,0,0,0,0,0,0,0,0,0,0,0,0,0,0,0,0,0,0,0,1,0,0,0,0,0,0,0,0,0,0,0,0,0,0,0,0,0,0,20.669335,0.75,0.136364,0.403722,0.303618,0.839539,0.767717,0.96063,0.73622,0.391607,1,0,0,0,0,0,0,0,0,0,0,0,0,0,0,0,0,0,0,0,0,0,0,0,0,1,0,0,0,0,0,0,0,0,0,0,0,0,0,0,0,0,0,0,2
java.lang.NumberFormatException: multiple points
linha fdp!!!!
0.572786,0.125,0.212121,0.09592,0.27261,0.271322,0.877953,0.0.643822,0.211111,0.030303,0.107373,0.222222,0.668119,0.874016,0.925197,0.590551,0.283982,1,0,0,0,0,0,0,0,0,0,0,0,0,0,0,0,0,0,0,0,0,0,1,0,0,0,0,0,0,0,0,0,0,0,0,0,0,0,0,0,0,0,0,0,10.643322,0.225,0.045455,0.115963,0.222222,0.664184,0.877953,0.92126,0.574803,0.279799,1,0,0,0,0,0,0,0,0,0,0,0,0,0,0,0,0,0,0,0,0,0,1,0,0,0,0,0,0,0,0,0,0,0,0,0,0,0,0,0,0,0,0,0,1
java.lang.NumberFormatException: multiple points
linha fdp!!!!
0.691846,0.125,0.045455,0.317108,0.30491,0.616692,0.866142,0.913386,0.58660.655828,0.188889,0.166667,0.125268,0.276486,0.74863,0.913386,0.858268,0.46063,0.325247,1,0,0,0,0,0,0,0,0,0,0,0,0,0,0,0,0,0,0,0,0,0,0,0,0,1,0,0,0,0,0,0,0,0,0,0,0,0,0,0,0,0,0,0,2
java.lang.NumberFormatException: multiple points
linha fdp!!!!
0.607304,0.333333,0.181818,0.14388,0.244186,0.505972,0.944882,0.905512,0.464567,0.0295550.693347,0.072222,0.19697,0.204009,0.335917,0.687368,0.838583,0.830709,0.519685,0.225847,1,0,0,0,0,0,0,0,0,0,0,0,0,0,0,0,0,0,0,0,0,0,0,0,0,0,0,0,0,0,0,0,1,0,0,0,0,0,0,0,0,0,0,0,1
java.lang.NumberFormatException: multiple points
linha fdp!!!!
0.616808,0.944444,0.090909,0.021475,0.20.681341,0.138889,0.106061,0.130279,0.244186,0.835886,0.88189,0.885827,0.535433,0.097309,1,0,0,0,0,0,0,0,0,0,0,0,0,0,0,0,0,0,0,0,0,0,0,0,0,0,1,0,0,0,0,0,0,0,0,0,0,0,0,0,0,0,0,0,1
java.lang.NumberFormatException: multiple points
linha fdp!!!!
0.585293,0.125,0.045455,0.151754,0.244186,0.1547,0.866142,0.917323,0.590551,0.0.708354,0.277778,0.242424,0.346457,0.431525,0.59941,0.964567,0.850394,0.377953,0.167294,1,0,0,0,0,0,0,0,0,0,0,0,0,0,0,0,0,0,0,0,0,0,0,0,0,0,0,0,0,0,0,0,1,0,0,0,0,0,0,0,0,0,0,0,2
java.lang.NumberFormatException: multiple points
linha fdp!!!!
0.596298,0.380556,0.242424,0.060845,0.251938,0.178868,0.956693,0.9130.718859,0.561111,0.045455,0.107373,0.276486,0.863426,0.858268,0.948819,0.629921,0.050885,1,0,0,0,0,0,0,0,0,0,0,0,0,0,0,0,0,0,0,0,0,0,0,0,0,1,0,0,0,0,0,0,0,0,0,0,0,0,0,0,0,0,0,0,1
java.lang.NumberFormatException: multiple points
BYTES READ -1
learning evaluation instances,Wall Time (Actual Time),Avg Delay (ms),outRate (inst/s),classified instances,classifications correct (percent),Kappa Statistic (percent),Kappa Temporal Statistic (percent),Kappa M Statistic (percent),F1 Score (percent),F1 Score for class 0 (percent),F1 Score for class 1 (percent),F1 Score for class 2 (percent),F1 Score for class 3 (percent),F1 Score for class 4 (percent),F1 Score for class 5 (percent),F1 Score for class 6 (percent),Precision (percent),Precision for class 0 (percent),Precision for class 1 (percent),Precision for class 2 (percent),Precision for class 3 (percent),Precision for class 4 (percent),Precision for class 5 (percent),Precision for class 6 (percent),Recall (percent),Recall for class 0 (percent),Recall for class 1 (percent),Recall for class 2 (percent),Recall for class 3 (percent),Recall for class 4 (percent),Recall for class 5 (percent),Recall for class 6 (percent),model training instances,model serialized size (bytes),ensemble size,[avg] model training instances,[err] model training instances,[avg] model serialized size (bytes),[err] model serialized size (bytes),[avg] tree size (nodes),[err] tree size (nodes),[avg] tree size (leaves),[err] tree size (leaves),[avg] active learning leaves,[err] active learning leaves,[avg] tree depth,[err] tree depth,[avg] active leaf byte size estimate,[err] active leaf byte size estimate,[avg] inactive leaf byte size estimate,[err] inactive leaf byte size estimate,[avg] byte size estimate overhead,[err] byte size estimate overhead
81500.0,599.9600219726562,2254.0,135.84239196777344,81000.0,81.41728395061727,63.647522397033875,-147.03758411291662,51.00419908206112,63.11060450196982,26.217228464419478,71.64902082900836,87.4001299743874,56.28366247755836,84.04099560761347,63.81412468368989,49.504950495049506,64.29149833597798,33.65384615384615,79.31263405168012,84.11545041481945,54.903677758318736,80.73136427566807,61.69928825622776,55.624227441285534,61.97230908848604,21.472392638036812,65.33591350805604,90.95176529090006,57.73480662983425,87.63358778625954,66.07908527870414,44.5986124876115,0.0,1.0,25.0,7203.959999999999,6504.5566174797805,1.0,0.0,1.6799999999999995,2.8390139133156778,1.32,1.4352700094407325,1.32,1.4352700094407325,0.24,0.8306623862918074,0.0,0.0,0.0,0.0,1.0,0.0
