Connected!
linha fdp!!!!
0.129565,0.008333,0.181818,0,0.223514,0.166081,0.799213,0.850394,0.590551,0.0757010.190095,0.294444,0.121212,0,0.223514,0.203035,0.925197,0.905512,0.5,0.05688,0,0,0,1,0,0,0,0,0,0,0,0,0,0,0,0,0,1,0,0,0,0,0,0,0,0,0,0,0,0,0,0,0,0,0,0,0,0,0,0,0,0,0,0,4
java.lang.NumberFormatException: multiple points
linha fdp!!!!
0.22061,0.938889,0.393939,0.030060.248624,0.138889,0.106061,0,0.223514,0.073767,0.88189,0.88189,0.531496,0.118361,0,0,0,1,0,1,0,0,0,0,0,0,0,0,0,0,0,0,0,0,0,0,0,0,0,0,0,0,0,0,0,0,0,0,0,0,0,0,0,0,0,0,0,0,40.310655,0.036111,0.136364,0.335719,0.329457,0.076015,0.834646,0.874016,0.582677,0.146801,0,0,0,1,0,0,0,0,0,1,0,0,0,0,0,0,0,0,0,0,0,0,0,0,0,0,0,0,0,0,0,0,0,0,0,0,0,0,0,0,0,0,0,0,6
java.lang.NumberFormatException: multiple points
linha fdp!!!!
0.737369,0.986111,0.121212,0.416607,0.351421,0.110299,0.814961,0.885827,0.610.633817,0.036111,0.181818,0.19184,0.242894,0.250386,0.818898,0.846457,0.559055,0.397463,0,0,1,0,0,0,0,0,0,0,0,0,0,0,0,0,0,0,0,0,0,0,0,0,0,0,0,0,0,0,0,0,0,0,1,0,0,0,0,0,0,0,0,0,10.75988,0.344444,0.166667,0.077309,0.218346,0.312913,0.940945,0.913386,0.484252,0.478043,1,0,0,0,0,0,0,0,0,0,0,0,0,0,0,0,0,0,0,0,0,0,0,0,0,0,0,0,0,0,0,0,0,0,0,0,0,0,0,0,0,1,0,0,7
java.lang.NumberFormatException: multiple points
linha fdp!!!!
0.762881,0.4,0.30303,0.085898,0.260982,0.397358,0.96063,0.91330.814407,0.277778,0.272727,0.068003,0.204134,0.250386,0.972441,0.838583,0.350394,0.24871,0,1,0,0,0,0,0,0,0,0,0,0,0,0,0,0,0,0,0,0,0,0,0,0,0,0,0,0,0,0,0,0,0,0,0,0,0,0,0,0,0,0,1,0,7
java.lang.NumberFormatException: multiple points
linha fdp!!!!
0.033017,0.977778,0.333333,0.150322,0.319121,0.025573,0.6929130.569285,0.833333,0.287879,0.344309,0.436693,0.068006,0.645669,0.901575,0.80315,0.162693,1,0,0,0,0,0,0,0,0,0,0,0,0,0,0,0,0,0,0,0,0,0,0,0,0,0,0,0,0,0,0,0,0,1,0,0,0,0,0,0,0,0,0,0,2
java.lang.NumberFormatException: multiple points
linha fdp!!!!
0.268634,0.238889,0.227270.254127,0.408333,0.242424,0.14388,0.326873,0.165379,0.944882,0.929134,0.472441,0.142758,0,0,0,1,0,0,1,0,0,0,0,0,0,0,0,0,0,0,0,0,0,0,0,0,0,0,0,0,0,0,0,0,0,0,0,0,0,0,0,0,0,0,0,0,3
java.lang.NumberFormatException: multiple points
linha fdp!!!!
0.343672,0.15,0.227273,0.269148,0.301034,0.0718,0.89370.77939,0.3,0.318182,0.258411,0.249354,0.305325,0.984252,0.830709,0.311024,0.48334,1,0,0,0,0,0,0,0,0,0,0,0,0,0,0,0,0,0,0,0,0,0,0,0,0,0,0,0,0,0,0,0,0,0,0,0,0,0,0,0,0,0,0,1,70.752876,0.238889,0.121212,0.194703,0.277778,0.285092,0.913386,0.893701,0.507874,0.47386,1,0,0,0,0,0,0,0,0,0,0,0,0,0,0,0,0,0,0,0,0,0,0,0,0,0,0,0,0,0,0,0,0,0,0,0,0,0,0,0,0,1,0,0,7
java.lang.NumberFormatException: multiple points
linha fdp!!!!
0.45973,0.536111,0.060606,0.021475,0.223514,0.54400.428714,0.986111,0.409091,0.04796,0.275194,0.373331,0.653543,0.712598,0.570866,0.9289,1,0,0,0,0,0,0,0,0,0,0,0,0,0,0,0,0,0,0,0,0,0,0,0,0,0,0,0,0,0,0,0,1,0,0,0,0,0,0,0,0,0,0,0,2
java.lang.NumberFormatException: multiple points
linha fdp!!!!
0.535268,0.038889,0.060606,0.130279,0.211886,0.80666,0.850394,0.909449,0.6020.3997,0.005556,0.121212,0.021475,0.232558,0.19601,0.822835,0.88189,0.606299,0.877597,1,0,0,0,0,0,0,0,0,0,0,0,0,0,0,0,0,0,0,0,0,0,0,0,0,0,0,0,0,0,0,0,1,0,0,0,0,0,0,0,0,0,0,0,2
java.lang.NumberFormatException: multiple points
linha fdp!!!!
0.49925,0.919444,0.166667,0.151754,0.282946,0.50.4002,0.330556,0.090909,0.064424,0.23385,0.190951,0.909449,0.925197,0.53937,0.865886,1,0,0,0,0,0,0,0,0,0,0,0,0,0,0,1,0,0,0,0,0,0,0,0,0,0,0,0,0,0,0,0,0,0,0,0,0,0,0,0,0,0,0,0,2
java.lang.NumberFormatException: multiple points
linha fdp!!!!
0.402701,0.108333,0.181818,0.0.471236,0.933333,0.393939,0.04796,0.273902,0.516229,0.598425,0.76378,0.688976,0.806218,1,0,0,0,0,0,0,0,0,0,0,0,0,0,0,0,0,0,0,0,0,0,0,0,0,0,0,0,0,0,0,0,1,0,0,0,0,0,0,0,0,0,0,0,1
java.lang.NumberFormatException: multiple points
linha fdp!!!!
0.422211,0.186111,0.121212,0.287759,0.250646,0.250246,0.897638,0.88189,0.50780.46073,0.036111,0.272727,0,0.223514,0.582689,0.787402,0.787402,0.523622,0.747386,1,0,0,0,0,0,0,0,0,0,0,0,0,0,0,0,0,0,0,0,0,0,0,0,0,0,0,0,0,0,0,0,0,1,0,0,0,0,0,0,0,0,0,0,2
java.lang.NumberFormatException: multiple points
linha fdp!!!!
0.577789,0.527778,0.181818,0.198282,0.277778,0.793452,0.866142,0.980315,0.633858,0.2896970.408204,0.072222,0.212121,0.130279,0.29199,0.261487,0.838583,0.822835,0.511811,0.619267,1,0,0,0,0,0,0,0,0,0,0,0,0,0,0,0,0,0,0,0,0,0,0,0,0,0,0,0,0,0,0,0,1,0,0,0,0,0,0,0,0,0,0,0,2
java.lang.NumberFormatException: multiple points
linha fdp!!!!
0.443722,0.913889,0.166667,0.04796,0.249354,0.375299,0.76378,0.893701,0.68110.6008,0.25,0.272727,0.077309,0.26615,0.705634,0.964567,0.818898,0.334646,0.263349,1,0,0,0,0,0,0,0,0,0,0,0,0,0,0,0,0,0,0,0,0,0,0,0,0,0,0,0,0,0,0,0,1,0,0,0,0,0,0,0,0,0,0,0,10.595798,0.211111,0.227273,0.060845,0.260982,0.708164,0.933071,0.830709,0.397638,0.265579,1,0,0,0,0,0,0,0,0,0,0,0,0,0,0,0,0,0,0,0,0,0,0,0,0,0,0,0,0,0,0,0,1,0,0,0,0,0,0,0,0,0,0,0,1
java.lang.NumberFormatException: multiple points
linha fdp!!!!
0.324662,0.313889,0.090909,0.24481,0.262274,0.092595,0.909449,0.92126,0.5350.527264,0.3,0.30303,0.077309,0.245478,0.636364,0.984252,0.834646,0.314961,0.806915,1,0,0,0,0,0,0,0,0,0,0,0,0,0,0,0,0,0,0,0,0,0,0,0,0,0,0,0,0,0,0,0,0,1,0,0,0,0,0,0,0,0,0,0,2
java.lang.NumberFormatException: multiple points
linha fdp!!!!
0.67630.658329,0.033333,0.227273,0.375805,0.426357,0.646621,0.80315,0.822835,0.551181,0.299875,1,0,0,0,0,0,0,0,0,0,0,0,0,0,0,0,0,0,0,0,0,0,0,0,0,0,0,0,0,0,0,0,1,0,0,0,0,0,0,0,0,0,0,0,1
java.lang.NumberFormatException: multiple points
linha fdp!!!!
0.323662,0.275,0.136364,0.100.57979,0.688889,0.121212,0.56335,0.359173,0.825769,0.795276,0.972441,0.716535,0.493936,1,0,0,0,0,0,0,0,0,0,0,0,0,0,0,0,0,0,0,0,0,0,0,0,0,0,0,0,0,0,0,0,1,0,0,0,0,0,0,0,0,0,0,0,2
java.lang.NumberFormatException: multiple points
linha fdp!!!!
0.684842,0.188889,0.242424,0.455261,0.301034,0.548686,0.925197,0.811024,0.3890.515758,0.886111,0.227273,0.09592,0.270026,0.557398,0.704724,0.885827,0.728346,0.825178,1,0,0,0,0,0,0,0,0,0,0,0,0,0,0,0,0,0,0,0,0,0,0,0,0,0,0,0,0,0,0,0,1,0,0,0,0,0,0,0,0,0,0,0,2
java.lang.NumberFormatException: multiple points
linha fdp!!!!
0.676338,0.138889,0.227273,0.395132,0.295866,0.638893,0.889764,0.814961,0.437008,0.0.527264,0.230556,0.19697,0.125268,0.262274,0.609948,0.937008,0.850394,0.417323,0.877318,1,0,0,0,0,0,0,0,0,0,0,0,0,0,0,1,0,0,0,0,0,0,0,0,0,0,0,0,0,0,0,0,0,0,0,0,0,0,0,0,0,0,0,0,2
java.lang.NumberFormatException: multiple points
linha fdp!!!!
0.577789,0.061111,0.075758,0.530422,0.346253,0.755515,0.854331,0.90.376188,0.430556,0.393939,0.060845,0.263566,0.140649,0.940945,0.913386,0.413386,0.465914,1,0,0,0,0,0,0,0,0,0,0,0,0,0,0,0,0,0,0,0,0,0,0,0,0,0,0,0,0,0,0,0,1,0,0,0,0,0,0,0,0,0,0,0,2
java.lang.NumberFormatException: multiple points
linha fdp!!!!
0.576288,0.416667,0.136364,0.416607,0.342377,0.710693,0.913386,0.944882,0.547244,0.838840.551776,0.208333,0.19697,0.224052,0.27907,0.664325,0.925197,0.850394,0.433071,0.890422,1,0,0,0,0,0,0,0,0,0,0,0,0,0,0,0,0,0,0,0,0,0,0,0,0,0,0,0,0,0,0,0,1,0,0,0,0,0,0,0,0,0,0,0,20.548274,0.169444,0.121212,0.204009,0.273902,0.661093,0.893701,0.877953,0.507874,0.894187,1,0,0,0,0,0,0,0,0,0,0,0,0,0,0,0,0,0,0,0,0,0,0,0,0,0,0,0,0,0,0,0,1,0,0,0,0,0,0,0,0,0,0,0,2
java.lang.NumberFormatException: multiple points
linha fdp!!!!
0.353177,0.05,0.257576,0.300644,0.260982,0.063229,0.807087,0.0.545273,0.636111,0.257576,0.107373,0.30491,0.85921,0.755906,0.996063,0.767717,0.683954,1,0,0,0,0,0,0,0,0,0,0,0,0,0,0,0,0,0,0,0,0,0,0,0,0,0,0,1,0,0,0,0,0,0,0,0,0,0,0,0,0,0,0,0,20.548274,0.627778,0.227273,0.128848,0.312661,0.86188,0.775591,0.996063,0.748031,0.68716,1,0,0,0,0,0,0,0,0,0,0,0,0,0,0,0,0,0,0,0,0,0,0,0,0,0,0,0,0,0,0,0,0,1,0,0,0,0,0,0,0,0,0,0,2
java.lang.NumberFormatException: multiple points
linha fdp!!!!
0.57979,0.038889,0.272727,0.324982,0.351421,0.657299,0.791339,0.7913390.54027,0.988889,0.19697,0.09592,0.245478,0.656316,0.779528,0.850394,0.610236,0.840513,1,0,0,0,0,0,0,0,0,0,0,0,0,0,0,1,0,0,0,0,0,0,0,0,0,0,0,0,0,0,0,0,0,0,0,0,0,0,0,0,0,0,0,0,20.54027,0.025,0.136364,0.115963,0.249354,0.652241,0.826772,0.874016,0.586614,0.83661,1,0,0,0,0,0,0,0,0,0,0,0,0,0,0,1,0,0,0,0,0,0,0,0,0,0,0,0,0,0,0,0,0,0,0,0,0,0,0,0,0,0,0,0,2
java.lang.NumberFormatException: multiple points
linha fdp!!!!
0.677839,0.283333,0.212121,0.198282,0.23120.532766,0.388889,0.106061,0.04796,0.231266,0.557257,0.909449,0.937008,0.551181,0.698313,1,0,0,0,0,0,0,0,0,0,0,0,0,0,0,0,0,0,0,0,0,0,0,0,0,0,0,0,0,0,0,0,0,1,0,0,0,0,0,0,0,0,0,0,1
java.lang.NumberFormatException: multiple points
linha fdp!!!!
0.486243,0.177778,0.136364,0.2398,0.241602,0.371364,0.901575,0.8700.581291,0.894444,0.121212,0.561918,0.286822,0.810735,0.787402,0.913386,0.677165,0.896138,1,0,0,0,0,0,0,0,0,0,0,0,0,0,0,1,0,0,0,0,0,0,0,0,0,0,0,0,0,0,0,0,0,0,0,0,0,0,0,0,0,0,0,0,20.581291,0.933333,0.090909,0.540444,0.286822,0.80666,0.814961,0.913386,0.645669,0.899484,1,0,0,0,0,0,0,0,0,0,0,0,0,0,0,1,0,0,0,0,0,0,0,0,0,0,0,0,0,0,0,0,0,0,0,0,0,0,0,0,0,0,0,0,2
java.lang.NumberFormatException: multiple points
linha fdp!!!!
0.586293,0.277778,0.106061,0.319256,0.380.487744,0.083333,0.19697,0.19184,0.26615,0.273992,0.850394,0.834646,0.511811,0.385334,1,0,0,0,0,0,0,0,0,0,0,0,0,0,0,1,0,0,0,0,0,0,0,0,0,0,0,0,0,0,0,0,0,0,0,0,0,0,0,0,0,0,0,0,1
java.lang.NumberFormatException: multiple points
linha fdp!!!!
0.514257,0.022222,0.136364,0.367215,0.341085,0.386539,0.826772,0.877953,0.590551,0.4670.564782,0.775,0.136364,0.490336,0.337209,0.83715,0.767717,0.952756,0.732283,0.864492,1,0,0,0,0,0,0,0,0,0,0,0,0,0,0,0,0,0,0,0,0,0,0,0,0,0,0,0,0,0,0,0,1,0,0,0,0,0,0,0,0,0,0,0,20.564782,0.75,0.090909,0.510379,0.337209,0.833076,0.80315,0.952756,0.69685,0.86254,1,0,0,0,0,0,0,0,0,0,0,0,0,0,0,0,0,0,0,0,0,0,0,0,0,0,0,0,0,0,0,0,1,0,0,0,0,0,0,0,0,0,0,0,2
java.lang.NumberFormatException: multiple points
linha fdp!!!!
0.470735,0.322222,0.136364,0.27917,0.280362,0.260.536768,0.461111,0.151515,0.322119,0.248062,0.51665,0.901575,0.96063,0.57874,0.579256,1,0,0,0,0,0,0,0,0,0,0,0,0,0,0,1,0,0,0,0,0,0,0,0,0,0,0,0,0,0,0,0,0,0,0,0,0,0,0,0,0,0,0,0,2
java.lang.NumberFormatException: multiple points
linha fdp!!!!
0.4750.54077,0.363889,0.166667,0.429492,0.218346,0.562035,0.937008,0.92126,0.496063,0.616897,1,0,0,0,0,0,0,0,0,0,0,0,0,0,0,0,0,0,0,0,0,0,0,0,0,0,1,0,0,0,0,0,0,0,0,0,0,0,0,0,0,0,0,0,2
java.lang.NumberFormatException: multiple points
linha fdp!!!!
0.6008,0.825,0.045455,0.56335,0.337209,0.810.577789,0.066667,0.136364,0.259127,0.273902,0.436841,0.846457,0.866142,0.555118,0.83173,1,0,0,0,0,0,0,0,0,0,0,0,0,0,0,0,0,0,0,0,0,0,0,0,0,0,0,0,0,0,0,0,1,0,0,0,0,0,0,0,0,0,0,0,10.576288,0.147222,0.151515,0.27917,0.270026,0.440635,0.889764,0.858268,0.496063,0.828245,1,0,0,0,0,0,0,0,0,0,0,0,0,0,0,0,0,0,0,0,0,0,0,0,0,0,0,0,0,0,0,0,1,0,0,0,0,0,0,0,0,0,0,0,1
java.lang.NumberFormatException: multiple points
linha fdp!!!!
0.411206,0.986111,0.121212,0.30350.366683,0.358333,0.181818,0.09592,0.241602,0.068147,0.944882,0.917323,0.476378,0.169525,1,0,0,0,0,0,0,0,0,0,0,0,0,0,0,1,0,0,0,0,0,0,0,0,0,0,0,0,0,0,0,0,0,0,0,0,0,0,0,0,0,0,0,0,2
java.lang.NumberFormatException: multiple points
linha fdp!!!!
0.496248,0.427778,0.136364,0.215462,0.20.548274,0.552778,0.181818,0.346457,0.286822,0.791907,0.846457,0.984252,0.661417,0.361355,1,0,0,0,0,0,0,0,0,0,0,0,0,0,0,0,0,0,0,0,0,0,0,0,0,0,0,0,0,0,0,0,0,1,0,0,0,0,0,0,0,0,0,0,20.550275,0.594444,0.151515,0.365068,0.29199,0.787691,0.830709,0.984252,0.685039,0.358846,1,0,0,0,0,0,0,0,0,0,0,0,0,0,0,0,0,0,0,0,0,0,0,0,0,0,0,0,0,0,0,0,0,1,0,0,0,0,0,0,0,0,0,0,2
java.lang.NumberFormatException: multiple points
linha fdp!!!!
0.558279,0.272222,0.242424,0.2398,0.302326,0.639174,0.964567,0.0.528764,0.125,0.045455,0.336435,0.232558,0.684558,0.866142,0.913386,0.586614,0.418932,1,0,0,0,0,0,0,0,0,0,0,1,0,0,0,0,0,0,0,0,0,0,0,0,0,0,0,0,0,0,0,0,0,0,0,0,0,0,0,0,0,0,0,0,1
java.lang.NumberFormatException: multiple points
linha fdp!!!!
0.50.523762,0.388889,0.166667,0.176807,0.226098,0.532106,0.929134,0.933071,0.511811,0.221246,1,0,0,0,0,0,0,0,0,0,0,0,0,0,0,1,0,0,0,0,0,0,0,0,0,0,0,0,0,0,0,0,0,0,0,0,0,0,0,0,0,0,0,0,2
java.lang.NumberFormatException: multiple points
linha fdp!!!!
0.44170.566283,0.213889,0.212121,0.365068,0.215762,0.607138,0.933071,0.84252,0.413386,0.468005,1,0,0,0,0,0,0,0,0,0,0,0,0,0,0,0,0,0,0,0,0,0,0,0,0,0,0,0,0,0,0,0,1,0,0,0,0,0,0,0,0,0,0,0,2
java.lang.NumberFormatException: multiple points
linha fdp!!!!
0.427714,0.141667,0.090909,0.231926,0.25969,0.167908,0.877953,0.893701,0.547244,0.290.523262,0.122222,0.333333,0.021475,0.213178,0.626669,0.862205,0.73622,0.362205,0.182211,1,0,0,0,0,0,0,0,0,0,0,0,0,0,0,0,0,0,0,0,0,0,0,0,0,0,0,0,0,0,0,0,1,0,0,0,0,0,0,0,0,0,0,0,20.51976,0.1,0.378788,0.021475,0.223514,0.622594,0.826772,0.700787,0.362205,0.181514,1,0,0,0,0,0,0,0,0,0,0,0,0,0,0,0,0,0,0,0,0,0,0,0,0,0,0,0,0,0,0,0,1,0,0,0,0,0,0,0,0,0,0,0,2
java.lang.NumberFormatException: multiple points
linha fdp!!!!
0.508754,0.158333,0.333333,0.068003,0.248062,0.60.427214,0.069444,0.378788,0.167502,0.258398,0.173809,0.783465,0.69685,0.409449,0.299317,1,0,0,0,0,0,0,0,0,0,0,0,0,0,0,0,0,0,0,0,0,0,0,0,0,0,0,0,0,0,0,0,1,0,0,0,0,0,0,0,0,0,0,0,20.424212,0.077778,0.348485,0.151754,0.250646,0.169875,0.799213,0.716535,0.413386,0.295832,1,0,0,0,0,0,0,0,0,0,0,0,0,0,0,0,0,0,0,0,0,0,0,1,0,0,0,0,0,0,0,0,0,0,0,0,0,0,0,0,0,0,0,0,2
java.lang.NumberFormatException: multiple points
linha fdp!!!!
0.3870.555778,0.575,0.212121,0.173228,0.217054,0.713362,0.822835,0.992126,0.688976,0.194898,1,0,0,0,0,0,0,0,0,0,0,0,0,0,0,0,0,0,0,0,0,0,0,0,0,0,0,0,0,0,0,0,1,0,0,0,0,0,0,0,0,0,0,0,2
java.lang.NumberFormatException: multiple points
linha fdp!!!!
0.511756,0.144444,0.348485,0.10952,0.29845,0.602923,0.885827,0.72040.45973,0.875,0.151515,0.198282,0.29845,0.198117,0.76378,0.913386,0.700787,0.323714,1,0,0,0,0,0,0,0,0,0,0,0,0,0,0,0,0,0,0,0,0,0,0,0,0,0,0,0,0,0,0,0,1,0,0,0,0,0,0,0,0,0,0,0,2
java.lang.NumberFormatException: multiple points
linha fdp!!!!
0.666333,0.15,0.181818,0.286328,0.286822,0.4070.45923,0.036111,0.121212,0,0.223514,0.269074,0.834646,0.877953,0.582677,0.38631,1,0,0,0,0,0,0,0,0,0,0,0,0,0,0,0,0,0,0,0,0,0,0,0,0,0,1,0,0,0,0,0,0,0,0,0,0,0,0,0,0,0,0,0,2
java.lang.NumberFormatException: multiple points
linha fdp!!!!
0.471236,0.263889,0.121212,0.274875,0.294574,0.238022,0.92126,0.897638,0.496063,0.362190.403702,0.977778,0.30303,0.04796,0.255814,0.125755,0.708661,0.791339,0.614173,0.257772,1,0,0,0,0,0,0,0,0,0,0,0,0,0,0,0,0,0,0,0,0,0,0,0,0,0,0,0,0,0,0,0,1,0,0,0,0,0,0,0,0,0,0,0,2
java.lang.NumberFormatException: multiple points
linha fdp!!!!
0.567784,0.030556,0.151515,0.471009,0.341085,0.474638,0.822835,0.860.49975,0.325,0.227273,0.04796,0.244186,0.35914,0.964567,0.885827,0.413386,0.303081,1,0,0,0,0,0,0,0,0,0,0,0,0,0,0,0,0,0,0,0,0,0,0,0,0,0,0,0,0,0,0,0,1,0,0,0,0,0,0,0,0,0,0,0,2
java.lang.NumberFormatException: multiple points
BYTES READ -1
learning evaluation instances,Wall Time (Actual Time),Avg Delay (ms),outRate (inst/s),classified instances,classifications correct (percent),Kappa Statistic (percent),Kappa Temporal Statistic (percent),Kappa M Statistic (percent),F1 Score (percent),F1 Score for class 0 (percent),F1 Score for class 1 (percent),F1 Score for class 2 (percent),F1 Score for class 3 (percent),F1 Score for class 4 (percent),F1 Score for class 5 (percent),F1 Score for class 6 (percent),Precision (percent),Precision for class 0 (percent),Precision for class 1 (percent),Precision for class 2 (percent),Precision for class 3 (percent),Precision for class 4 (percent),Precision for class 5 (percent),Precision for class 6 (percent),Recall (percent),Recall for class 0 (percent),Recall for class 1 (percent),Recall for class 2 (percent),Recall for class 3 (percent),Recall for class 4 (percent),Recall for class 5 (percent),Recall for class 6 (percent),model training instances,model serialized size (bytes),ensemble size,[avg] model training instances,[err] model training instances,[avg] model serialized size (bytes),[err] model serialized size (bytes),[avg] tree size (nodes),[err] tree size (nodes),[avg] tree size (leaves),[err] tree size (leaves),[avg] active learning leaves,[err] active learning leaves,[avg] tree depth,[err] tree depth,[avg] active leaf byte size estimate,[err] active leaf byte size estimate,[avg] inactive leaf byte size estimate,[err] inactive leaf byte size estimate,[avg] byte size estimate overhead,[err] byte size estimate overhead
68000.0,599.655029296875,10146.0,113.39852905273438,66000.0,85.10757575757576,65.51679121912369,-98.80663430420705,50.69723113964687,63.91841917347926,33.58778625954198,67.49622926093514,91.61685316565662,52.03327171903881,85.21567336187026,61.27265065318163,38.40399002493766,69.3912478186444,78.57142857142857,83.74051356689884,87.4735865078895,48.78682842287695,81.58890290037832,60.08264462809917,45.49483013293944,59.245756770766064,21.35922330097087,56.53028282686504,96.17213452895325,55.742574257425744,89.17987594762234,62.510748065348245,33.22545846817692,0.0,1.0,25.0,40345.31999999999,23152.930569944416,1.0,0.0,12.16,8.483709880313762,6.56,4.2727820757284904,6.56,4.2727820757284904,3.3600000000000008,2.0387904911164036,0.0,0.0,0.0,0.0,1.0,0.0
