Connected!
linha fdp!!!!
0.470235,0.075,0.166667,0.151754,0.418605,0.030.572286,0.941667,0.212121,0.163207,0.343669,0.264016,0.748031,0.862205,0.661417,0.375854,0,0,1,0,0,0,0,0,0,0,0,0,0,0,0,0,0,0,0,0,0,0,0,0,0,0,0,0,0,0,0,0,0,0,0,0,1,0,0,0,0,0,0,0,20.293647,0.063889,0.121212,0,0.223514,0.062245,0.850394,0.877953,0.566929,0.116688,0,0,1,0,0,0,0,0,0,0,0,0,0,0,0,0,0,0,0,0,0,0,0,1,0,0,0,0,0,0,0,0,0,0,0,0,0,0,0,0,0,0,0,0,6
java.lang.NumberFormatException: multiple points
linha fdp!!!!
0.163582,0.238889,0.106061,0,0.223514,0.140368,0.905512,0.901575,0.519685,0.0.224612,0.319444,0.439394,0.107373,0.310078,0.036251,1,0.775591,0.185039,0.244807,0,0,0,1,0,0,1,0,0,0,0,0,0,0,0,0,0,0,0,0,0,0,0,0,0,0,0,0,0,0,0,0,0,0,0,0,0,0,0,0,0,0,0,0,40.216608,0.311111,0.424242,0.085898,0.289406,0.039764,1,0.779528,0.200787,0.246062,0,0,0,1,0,0,1,0,0,0,0,0,0,0,0,0,0,0,0,0,0,0,0,0,0,0,0,0,0,0,0,0,0,0,0,0,0,0,0,0,0,0,0,0,4
java.lang.NumberFormatException: multiple points
linha fdp!!!!
0.586793,0.155556,0.106061,0.150322,0.2700.329665,0.391667,0.424242,0.2398,0.180879,0.052831,0.972441,0.866142,0.318898,0.162415,0,0,1,0,0,0,0,1,0,0,0,0,0,0,0,0,0,0,0,0,0,0,0,0,0,0,0,0,0,0,0,0,0,0,0,0,0,0,0,0,0,0,0,0,3
java.lang.NumberFormatException: multiple points
linha fdp!!!!
0.491746,0.063889,0.19697,0.300644,0.273902,0.337502,0.834646,0.838583,0.531496,0.0.4007,0.313889,0.469697,0.077309,0.273902,0.375158,1,0.755906,0.15748,0.924578,1,0,0,0,0,0,0,0,0,0,0,0,0,0,0,0,0,0,0,0,0,0,0,0,0,0,0,0,0,0,0,0,0,1,0,0,0,0,0,0,0,0,0,0,2
java.lang.NumberFormatException: multiple points
linha fdp!!!!
0.395698,0.016667,0.409091,0.064424,0.280362,0.295068,0.688976,0.688976,0.5,0.9900.47974,0.769444,0.090909,0.121689,0.27907,0.515105,0.80315,0.948819,0.692913,0.786421,1,0,0,0,0,0,0,0,0,0,0,0,0,0,0,0,0,0,0,0,0,0,0,0,0,0,0,0,0,0,0,0,1,0,0,0,0,0,0,0,0,0,0,0,2
java.lang.NumberFormatException: multiple points
linha fdp!!!!
0.523762,0.011111,0.19697,0.0.398199,0.425,0.227273,0.042949,0.24031,0.21259,0.933071,0.944882,0.511811,0.900042,1,0,0,0,0,0,0,0,0,0,0,0,0,0,0,0,0,0,0,0,0,0,0,0,0,0,0,0,0,0,0,0,1,0,0,0,0,0,0,0,0,0,0,0,2
java.lang.NumberFormatException: multiple points
linha fdp!!!!
0.509255,0.394444,0.121212,0.21110.564782,0,0.136364,0.107373,0.25323,0.820851,0.818898,0.88189,0.606299,0.498676,1,0,0,0,0,0,0,0,0,0,0,0,0,0,0,0,0,0,0,0,0,0,0,0,0,0,0,0,0,0,0,0,1,0,0,0,0,0,0,0,0,0,0,0,2
java.lang.NumberFormatException: multiple points
linha fdp!!!!
0.528760.451726,0.144444,0.121212,0.125268,0.248062,0.385275,0.885827,0.877953,0.519685,0.923602,1,0,0,0,0,0,0,0,0,0,0,0,0,0,0,1,0,0,0,0,0,0,0,0,0,0,0,0,0,0,0,0,0,0,0,0,0,0,0,0,0,0,0,0,2
java.lang.NumberFormatException: multiple points
linha fdp!!!!
0.36068,0.386111,0.287870.397199,0.425,0.060606,0.030064,0.231266,0.206969,0.885827,0.944882,0.590551,0.747804,1,0,0,0,0,0,0,0,0,0,0,0,0,0,0,0,0,0,0,0,0,0,0,0,0,0,0,0,0,0,0,0,1,0,0,0,0,0,0,0,0,0,0,0,2
java.lang.NumberFormatException: multiple points
linha fdp!!!!
0.627314,0.361111,0.166667,0.09592,0.223514,0.981172,0.9409450.635318,0.566667,0.136364,0.021475,0.223514,0.750316,0.846457,0.980315,0.661417,0.144152,1,0,0,0,0,0,0,0,0,0,0,0,0,0,0,0,0,0,0,0,0,0,0,0,0,0,0,0,0,0,0,0,1,0,0,0,0,0,0,0,0,0,0,0,1
java.lang.NumberFormatException: multiple points
linha fdp!!!!
0.645323,0.522222,0.075758,0.090909,0.245478,0.923282,0.866142,0.96063,0.625984,0.0.635318,0.25,0.060606,0.125268,0.244186,0.941267,0.889764,0.917323,0.555118,0.332079,1,0,0,0,0,0,0,0,0,0,0,0,0,0,0,0,0,0,0,0,0,0,0,0,0,0,0,0,0,0,0,0,1,0,0,0,0,0,0,0,0,0,0,0,20.635318,0.219444,0.060606,0.107373,0.244186,0.942532,0.88189,0.917323,0.566929,0.335425,1,0,0,0,0,0,0,0,0,0,0,0,0,0,0,0,0,0,0,0,0,0,0,0,0,0,0,0,0,0,0,0,1,0,0,0,0,0,0,0,0,0,0,0,2
java.lang.NumberFormatException: multiple points
linha fdp!!!!
0.548274,0.286111,0.242424,0.04796,0.231266,0.850639,0.964567,0.862205,0.380.471236,0.497222,0.257576,0.060845,0.24031,0.453281,0.885827,0.976378,0.590551,0.904224,1,0,0,0,0,0,0,0,0,0,0,0,0,0,0,0,0,0,0,0,0,0,0,0,0,0,0,0,0,0,0,0,0,1,0,0,0,0,0,0,0,0,0,0,20.469735,0.455556,0.272727,0.04796,0.236434,0.449628,0.92126,0.952756,0.519685,0.900878,1,0,0,0,0,0,0,0,0,0,0,0,0,0,0,0,0,0,0,0,0,0,0,0,0,0,0,0,0,0,0,0,0,1,0,0,0,0,0,0,0,0,0,0,2
java.lang.NumberFormatException: multiple points
linha fdp!!!!
0.435718,0.452778,0.090909,0.151754,0.277778,0.30.328164,0.119444,0.166667,0.151754,0.232558,0.166362,0.874016,0.850394,0.5,0.590408,1,0,0,0,0,0,0,0,0,0,0,0,0,0,0,0,0,0,0,0,0,1,0,0,0,0,0,0,0,0,0,0,0,0,0,0,0,0,0,0,0,0,0,0,2
java.lang.NumberFormatException: multiple points
linha fdp!!!!
0.522261,0.280556,0.424242,0.151754,0.321705,0.781228,0.996063,0.748030.54027,0.2,0.227273,0.464567,0.27907,0.660812,0.929134,0.826772,0.401575,0.736791,1,0,0,0,0,0,0,0,0,0,0,0,0,0,0,1,0,0,0,0,0,0,0,0,0,0,0,0,0,0,0,0,0,0,0,0,0,0,0,0,0,0,0,0,2
java.lang.NumberFormatException: multiple points
linha fdp!!!!
0.623812,0.211111,0.287879,0.090909,0.295866,0.700.546773,0.977778,0.075758,0.328561,0.385013,0.699874,0.830709,0.909449,0.622047,0.720061,1,0,0,0,0,0,0,0,0,0,0,0,0,0,0,0,0,0,0,0,0,0,0,1,0,0,0,0,0,0,0,0,0,0,0,0,0,0,0,0,0,0,0,0,10.546773,0.95,0.151515,0.370795,0.385013,0.692146,0.787402,0.889764,0.645669,0.727729,1,0,0,0,0,0,0,0,0,0,0,0,0,0,0,0,0,0,0,0,0,0,0,1,0,0,0,0,0,0,0,0,0,0,0,0,0,0,0,0,0,0,0,0,1
java.lang.NumberFormatException: multiple points
linha fdp!!!!
0.6008,0.413889,0.090909,0.49821,0.257106,0.87846,0.893701,0.944882,0.57480.481241,0.169444,0.181818,0.021475,0.232558,0.512857,0.905512,0.846457,0.456693,0.858776,1,0,0,0,0,0,0,0,0,0,0,0,0,0,0,0,0,0,0,0,0,0,0,0,0,0,0,0,0,0,0,0,1,0,0,0,0,0,0,0,0,0,0,0,2
java.lang.NumberFormatException: multiple points
linha fdp!!!!
0.490745,0.925,0.0.548274,0.908333,0.242424,0.184681,0.383721,0.771111,0.700787,0.866142,0.712598,0.684651,1,0,0,0,0,0,0,0,0,0,0,0,0,0,0,0,0,0,0,0,0,0,0,0,0,0,0,1,0,0,0,0,0,0,0,0,0,0,0,0,0,0,0,0,20.550275,0.875,0.19697,0.198282,0.381137,0.767318,0.728346,0.901575,0.724409,0.688415,1,0,0,0,0,0,0,0,0,0,0,0,0,0,0,0,0,0,0,0,0,0,0,0,0,0,0,1,0,0,0,0,0,0,0,0,0,0,0,0,0,0,0,0,2
java.lang.NumberFormatException: multiple points
linha fdp!!!!
0.556778,0.416667,0.136364,0.258411,0.29199,0.692708,0.917323,0.940.497749,0.269444,0.166667,0.021475,0.232558,0.856822,0.937008,0.88189,0.456693,0.614945,1,0,0,0,0,0,0,0,0,0,0,0,0,0,0,0,0,0,0,0,0,0,0,0,0,0,0,0,0,0,0,0,0,1,0,0,0,0,0,0,0,0,0,0,20.495748,0.947222,0.136364,0,0.223514,0.853028,0.795276,0.897638,0.645669,0.61843,1,0,0,0,0,0,0,0,0,0,0,0,0,0,0,0,0,0,0,0,0,0,0,0,0,0,0,0,0,0,0,0,0,1,0,0,0,0,0,0,0,0,0,0,2
java.lang.NumberFormatException: multiple points
linha fdp!!!!
0.577789,0.533333,0.257576,0.269148,0.19890.518759,0.95,0.272727,0.115963,0.282946,0.839118,0.704724,0.822835,0.65748,0.642827,1,0,0,0,0,0,0,0,0,0,0,0,0,0,0,0,0,0,0,0,0,0,0,0,0,0,0,1,0,0,0,0,0,0,0,0,0,0,0,0,0,0,0,0,2
java.lang.NumberFormatException: multiple points
linha fdp!!!!
0.463232,0.261111,0.090909,0.121689,0.250.572786,0.591667,0.166667,0.322119,0.324289,0.786848,0.826772,0.988189,0.688976,0.439983,1,0,0,0,0,0,0,0,0,0,0,0,0,0,0,0,0,0,0,0,0,0,0,0,0,0,0,0,0,0,0,0,1,0,0,0,0,0,0,0,0,0,0,0,20.574787,0.583333,0.181818,0.335719,0.334625,0.788394,0.830709,0.988189,0.685039,0.442493,1,0,0,0,0,0,0,0,0,0,0,0,0,0,0,0,0,0,0,0,0,0,0,0,0,0,0,0,0,0,0,0,1,0,0,0,0,0,0,0,0,0,0,0,2
java.lang.NumberFormatException: multiple points
linha fdp!!!!
0.576288,0.611111,0.121212,0.541875,0.346253,0.814529,0.830709,0.9760.584292,0.305556,0.378788,0.27917,0.430233,0.84811,0.996063,0.80315,0.248031,0.569357,1,0,0,0,0,0,0,0,0,0,0,0,0,0,0,0,0,0,0,0,0,0,0,0,0,0,0,0,0,0,0,0,1,0,0,0,0,0,0,0,0,0,0,0,2
java.lang.NumberFormatException: multiple points
linha fdp!!!!
0.561781,0.50.676338,0.811111,0.136364,0.674302,0.472868,0.587607,0.76378,0.937008,0.728346,0.326642,1,0,0,0,0,0,0,0,0,0,0,0,0,0,0,0,0,0,0,0,0,0,0,0,0,0,1,0,0,0,0,0,0,0,0,0,0,0,0,0,0,0,0,0,1
java.lang.NumberFormatException: multiple points
linha fdp!!!!
0.694347,0.125,0.060606,0.508948,0.0.551776,0.45,0.075758,0.273443,0.286822,0.769285,0.88189,0.948819,0.594488,0.506204,1,0,0,0,0,0,0,0,0,0,0,0,0,0,0,0,0,0,0,0,0,0,0,0,0,0,0,0,0,0,0,0,1,0,0,0,0,0,0,0,0,0,0,0,2
java.lang.NumberFormatException: multiple points
linha fdp!!!!
0.431216,0.216667,0.121212,0,0.223514,0.30.543272,0.05,0.242424,0.182534,0.299742,0.827174,0.811024,0.807087,0.523622,0.630698,1,0,0,0,0,0,0,0,0,0,0,0,0,0,0,0,0,0,0,0,0,0,0,0,0,0,0,0,0,0,0,0,1,0,0,0,0,0,0,0,0,0,0,0,20.543272,0.044444,0.242424,0.167502,0.299742,0.829704,0.807087,0.811024,0.527559,0.633905,1,0,0,0,0,0,0,0,0,0,0,0,0,0,0,0,0,0,0,0,0,0,0,0,0,0,0,0,0,0,0,0,1,0,0,0,0,0,0,0,0,0,0,0,2
java.lang.NumberFormatException: multiple points
linha fdp!!!!
0.528764,0.683333,0.136364,0.077309,0.249354,0.800197,0.791339,0.972441,0.724409,0.71280.574787,0.586111,0.121212,0.604868,0.270026,0.795138,0.838583,0.976378,0.669291,0.860031,1,0,0,0,0,0,0,0,0,0,0,0,0,0,0,0,0,0,0,0,0,0,0,0,0,0,0,0,0,0,0,0,1,0,0,0,0,0,0,0,0,0,0,0,20.574787,0.447222,0.151515,0.584109,0.270026,0.791907,0.905512,0.956693,0.562992,0.863516,1,0,0,0,0,0,0,0,0,0,0,0,0,0,0,0,0,0,0,0,0,0,0,0,0,0,0,0,0,0,0,0,1,0,0,0,0,0,0,0,0,0,0,0,2
java.lang.NumberFormatException: multiple points
linha fdp!!!!
0.558279,0.05,0.1818180.530265,0.525,0.181818,0.042949,0.22739,0.692146,0.866142,0.980315,0.629921,0.624286,1,0,0,0,0,0,0,0,0,0,0,0,0,0,0,0,0,0,0,0,0,0,0,0,0,0,0,0,0,0,0,0,1,0,0,0,0,0,0,0,0,0,0,0,2
java.lang.NumberFormatException: multiple points
linha fdp!!!!
0.478739,0.616667,0.19697,0.060845,0.236430.691346,0.233333,0.136364,0.282749,0.270026,0.47239,0.917323,0.885827,0.492126,0.626656,1,0,0,0,0,0,0,0,0,0,0,0,0,0,0,0,0,0,0,0,0,0,0,0,0,0,0,0,0,0,0,0,0,0,0,0,0,0,0,0,0,0,1,0,10.689345,0.130556,0.166667,0.261274,0.303618,0.473374,0.88189,0.846457,0.488189,0.628468,1,0,0,0,0,0,0,0,0,0,0,0,0,0,0,0,0,0,0,0,0,0,0,0,0,0,0,0,0,0,0,0,0,0,0,0,0,0,0,0,0,0,1,0,1
java.lang.NumberFormatException: multiple points
linha fdp!!!!
0.553277,0.125,0.090900.551776,0.433333,0.090909,0.14388,0.245478,0.596178,0.893701,0.948819,0.582677,0.788234,1,0,0,0,0,0,0,0,0,0,0,0,0,0,0,0,0,0,0,0,0,0,0,0,0,0,0,0,0,0,0,0,1,0,0,0,0,0,0,0,0,0,0,0,2
java.lang.NumberFormatException: multiple points
linha fdp!!!!
0.473737,0.4,0.090909,0.242663,0.241600.473237,0.175,0.030303,0.137437,0.241602,0.32879,0.870079,0.92126,0.590551,0.304475,1,0,0,0,0,0,0,0,0,0,0,0,0,0,0,1,0,0,0,0,0,0,0,0,0,0,0,0,0,0,0,0,0,0,0,0,0,0,0,0,0,0,0,0,2
java.lang.NumberFormatException: multiple points
linha fdp!!!!
0.550775,0.302778,0.166667,0.107373,0.248062,0.675706,0.940945,0.897638,0.4680.514757,0.3,0.121212,0.261274,0.316537,0.498525,0.925197,0.909449,0.503937,0.43134,1,0,0,0,0,0,0,0,0,0,0,0,0,0,0,1,0,0,0,0,0,0,0,0,0,0,0,0,0,0,0,0,0,0,0,0,0,0,0,0,0,0,0,0,2
java.lang.NumberFormatException: multiple points
linha fdp!!!!
0.421211,0.361111,0.121212,0.130279,0.196382,0.2487,0.9170.534267,0.147222,0.030303,0.030064,0.22739,0.639033,0.870079,0.92126,0.590551,0.581765,1,0,0,0,0,0,0,0,0,0,0,0,0,0,0,0,0,0,0,0,0,0,0,0,0,0,0,0,0,0,0,0,1,0,0,0,0,0,0,0,0,0,0,0,10.534767,0.402778,0.060606,0.04796,0.231266,0.635661,0.885827,0.940945,0.586614,0.581068,1,0,0,0,0,0,0,0,0,0,0,0,0,0,0,0,0,0,0,0,0,0,0,0,0,0,0,0,0,0,0,0,1,0,0,0,0,0,0,0,0,0,0,0,1
java.lang.NumberFormatException: multiple points
linha fdp!!!!
0.556778,0.675,0.272727,0.387258,0.316537,0.791907,0.716535,0.992126,0.807087,0.60.522261,0.05,0.030303,0.064424,0.22739,0.730504,0.854331,0.92126,0.606299,0.666945,1,0,0,0,0,0,0,0,0,0,0,0,0,0,0,0,0,0,0,1,0,0,0,0,0,0,0,0,0,0,0,0,0,0,0,0,0,0,0,0,0,0,0,0,2
java.lang.NumberFormatException: multiple points
linha fdp!!!!
0.50.521261,0.65,0.181818,0.107373,0.27261,0.581987,0.783465,0.988189,0.740157,0.508853,1,0,0,0,0,0,0,0,0,0,0,0,0,0,0,0,0,0,0,0,0,0,0,0,0,0,0,0,0,0,0,0,0,1,0,0,0,0,0,0,0,0,0,0,2
java.lang.NumberFormatException: multiple points
linha fdp!!!!
0.48074,0.3,0.212121,0.258411,0.339793,0.440073,0.96063,0.874016,0.4094490.395698,0.452778,0.287879,0.042949,0.248062,0.253056,0.92126,0.948819,0.507874,0.198383,1,0,0,0,0,0,0,0,0,0,0,0,0,0,0,0,0,0,0,0,0,0,0,0,0,0,0,0,0,0,0,0,0,1,0,0,0,0,0,0,0,0,0,0,2
java.lang.NumberFormatException: multiple points
linha fdp!!!!
0.436710.495748,0.483333,0.287879,0.090909,0.251938,0.535759,0.897638,0.968504,0.559055,0.46201,1,0,0,0,0,0,0,0,0,0,0,0,0,0,0,0,0,0,0,0,0,0,0,0,0,0,0,0,0,0,0,0,0,1,0,0,0,0,0,0,0,0,0,0,1
java.lang.NumberFormatException: multiple points
linha fdp!!!!
0.330165,0.177778,0.212121,0.121689,0.24031,0.029788,0.913386,0.830709,0.425197,0.1790.55978,0.147222,0.136364,0.292054,0.248062,0.502599,0.889764,0.870079,0.507874,0.770668,1,0,0,0,0,0,0,0,0,0,0,0,0,0,0,0,0,0,0,0,0,0,0,0,0,0,0,0,0,0,0,0,1,0,0,0,0,0,0,0,0,0,0,0,20.558279,0.102778,0.106061,0.279885,0.249354,0.506534,0.866142,0.88189,0.547244,0.767182,1,0,0,0,0,0,0,0,0,0,0,0,0,0,0,0,0,0,0,0,0,0,0,0,0,0,0,0,0,0,0,0,1,0,0,0,0,0,0,0,0,0,0,0,2
java.lang.NumberFormatException: multiple points
linha fdp!!!!
0.474237,0.433333,0.181818,0.125268,0.0.354177,0.191667,0.106061,0.14388,0.24031,0.059014,0.893701,0.893701,0.527559,0.183466,1,0,0,0,0,0,0,0,0,0,0,0,0,0,0,1,0,0,0,0,0,0,0,0,0,0,0,0,0,0,0,0,0,0,0,0,0,0,0,0,0,0,0,0,2
java.lang.NumberFormatException: multiple points
linha fdp!!!!
0.464732,0.944444,0.166667,0.125268,0.248062,0.4438670.613807,0.094444,0.212121,0.269148,0.286822,0.405929,0.854331,0.814961,0.480315,0.812491,1,0,0,0,0,0,0,0,0,0,0,0,0,0,0,0,0,0,0,0,0,0,0,0,0,0,0,0,0,0,0,0,1,0,0,0,0,0,0,0,0,0,0,0,20.611306,0.125,0.242424,0.26199,0.276486,0.410004,0.877953,0.80315,0.437008,0.808727,1,0,0,0,0,0,0,0,0,0,0,0,0,0,0,0,0,0,0,0,0,0,0,0,0,0,0,0,0,0,0,0,1,0,0,0,0,0,0,0,0,0,0,0,2
java.lang.NumberFormatException: multiple points
linha fdp!!!!
0.5957980.438719,0.086111,0.090909,0.2398,0.249354,0.203457,0.862205,0.897638,0.570866,0.262094,1,0,0,0,0,0,0,0,0,0,0,0,0,0,0,1,0,0,0,0,0,0,0,0,0,0,0,0,0,0,0,0,0,0,0,0,0,0,0,0,0,0,0,0,2
java.lang.NumberFormatException: multiple points
linha fdp!!!!
0.521261,0.011111,0.287879,0.077309,0.251938,0.564985,0.7519690.554777,0.394444,0.212121,0.395132,0.289406,0.733455,0.944882,0.929134,0.480315,0.402621,1,0,0,0,0,0,0,0,0,0,0,0,0,0,0,0,0,0,0,0,0,0,0,0,0,0,0,0,0,0,0,0,0,1,0,0,0,0,0,0,0,0,0,0,20.555778,0.502778,0.166667,0.387258,0.29199,0.72924,0.88189,0.972441,0.610236,0.400948,1,0,0,0,0,0,0,0,0,0,0,0,0,0,0,0,0,0,0,0,0,0,0,0,0,0,0,0,0,0,0,0,0,1,0,0,0,0,0,0,0,0,0,0,2
java.lang.NumberFormatException: multiple points
linha fdp!!!!
0.0.550275,0.225,0.212121,0.202577,0.277778,0.725868,0.937008,0.84252,0.409449,0.36484,1,0,0,0,0,0,0,0,0,0,0,0,0,0,0,0,0,0,0,0,0,0,0,0,0,1,0,0,0,0,0,0,0,0,0,0,0,0,0,0,0,0,0,0,2
java.lang.NumberFormatException: multiple points
linha fdp!!!!
0.604302,0.15,0.227273,0.365068,0.222222,0.514262,0.897638,0.814961,0.42910.561781,0.05,0.151515,0.154617,0.236434,0.61051,0.838583,0.866142,0.562992,0.555137,1,0,0,0,0,0,0,0,0,0,0,0,0,0,0,0,0,0,0,0,0,0,0,0,0,0,0,0,0,0,0,0,1,0,0,0,0,0,0,0,0,0,0,0,10.561781,0.072222,0.19697,0.14388,0.25323,0.614023,0.838583,0.830709,0.519685,0.551513,1,0,0,0,0,0,0,0,0,0,0,0,0,0,0,0,0,0,0,0,0,0,0,0,0,0,0,0,0,0,0,0,1,0,0,0,0,0,0,0,0,0,0,0,1
java.lang.NumberFormatException: multiple points
linha fdp!!!!
0.456228,0.477778,0.348485,0.0.511756,0.480556,0.151515,0.077309,0.245478,0.459042,0.889764,0.964567,0.594488,0.286212,1,0,0,0,0,0,0,0,0,0,0,0,0,0,0,1,0,0,0,0,0,0,0,0,0,0,0,0,0,0,0,0,0,0,0,0,0,0,0,0,0,0,0,0,20.510755,0.411111,0.166667,0.090909,0.24677,0.454967,0.92126,0.940945,0.531496,0.288025,1,0,0,0,0,0,0,0,0,0,0,0,0,0,0,1,0,0,0,0,0,0,0,0,0,0,0,0,0,0,0,0,0,0,0,0,0,0,0,0,0,0,0,0,2
java.lang.NumberFormatException: multiple points
linha fdp!!!!
0.3992,0.777778,0.00.612306,0.216667,0.272727,0.151754,0.26615,0.540115,0.944882,0.80315,0.346457,0.576746,1,0,0,0,0,0,0,0,0,0,0,0,0,0,0,0,0,0,0,0,0,0,0,0,0,0,0,0,0,0,0,0,1,0,0,0,0,0,0,0,0,0,0,0,1
java.lang.NumberFormatException: multiple points
linha fdp!!!!
0.435218,0.330556,0.3939390.444222,0.163889,0.181818,0.077309,0.231266,0.204019,0.901575,0.84252,0.456693,0.373066,1,0,0,0,0,0,0,0,0,0,0,0,0,0,0,0,0,0,0,0,0,0,0,0,0,0,0,0,0,0,0,0,1,0,0,0,0,0,0,0,0,0,0,0,2
java.lang.NumberFormatException: multiple points
linha fdp!!!!
0.64032,0.994444,0.090909,0.090909,0.249354,0.40.482741,0.011111,0.257576,0.125268,0.271318,0.295068,0.771654,0.811024,0.570866,0.35076,1,0,0,0,0,0,0,0,0,0,0,0,0,0,0,0,0,0,0,0,0,0,0,0,0,0,0,0,0,0,0,0,1,0,0,0,0,0,0,0,0,0,0,0,2
java.lang.NumberFormatException: multiple points
linha fdp!!!!
0.64380.398699,0.844444,0.19697,0.125268,0.262274,0.097372,0.728346,0.917323,0.740157,0.188763,1,0,0,0,0,0,0,0,0,0,0,0,0,0,0,0,0,0,0,0,0,0,0,0,0,0,0,0,0,0,0,0,1,0,0,0,0,0,0,0,0,0,0,0,2
java.lang.NumberFormatException: multiple points
linha fdp!!!!
0.54027,0.194444,0.227273,0.04796,0.245478,0.67402,0.925197,0.820.577289,0.05,0.090909,0.221188,0.271318,0.73472,0.850394,0.893701,0.586614,0.168549,1,0,0,0,0,0,0,0,0,0,0,0,0,0,0,0,0,0,0,0,0,0,0,0,0,0,0,0,0,0,0,0,1,0,0,0,0,0,0,0,0,0,0,0,2
java.lang.NumberFormatException: multiple points
linha fdp!!!!
0.568284,0.922222,0.227273,0.303508,0.325581,0.761135,0.724409,0.866142,0.688976,0.1940.422711,0.794444,0.151515,0.128848,0.271318,0.16285,0.751969,0.944882,0.740157,0.247038,1,0,0,0,0,0,0,0,0,0,0,0,0,0,0,0,0,0,0,0,0,0,0,0,0,0,0,0,0,0,0,0,0,1,0,0,0,0,0,0,0,0,0,0,20.426213,0.847222,0.136364,0.150322,0.280362,0.158775,0.767717,0.925197,0.712598,0.246898,1,0,0,0,0,0,0,0,0,0,0,0,0,0,0,1,0,0,0,0,0,0,0,0,0,0,0,0,0,0,0,0,0,0,0,0,0,0,0,0,0,0,0,0,2
java.lang.NumberFormatException: multiple points
linha fdp!!!!
0.363682,0.308333,0.121212,0.2398,0.2764860.550275,0.161111,0.287879,0.021475,0.232558,0.597162,0.905512,0.775591,0.366142,0.298341,1,0,0,0,0,0,0,0,0,0,0,0,0,0,0,0,0,0,0,0,0,0,0,1,0,0,0,0,0,0,0,0,0,0,0,0,0,0,0,0,0,0,0,0,2
java.lang.NumberFormatException: multiple points
linha fdp!!!!
0.538769,0.238889,0.060606,0.265569,0.289400.356678,0.258333,0.19697,0.163207,0.263566,0.117184,0.948819,0.862205,0.417323,0.117385,1,0,0,0,0,0,0,0,0,0,0,0,1,0,0,0,0,0,0,0,0,0,0,0,0,0,0,0,0,0,0,0,0,0,0,0,0,0,0,0,0,0,0,0,2
java.lang.NumberFormatException: multiple points
linha fdp!!!!
0.556278,0.363889,0.227273,0.215462,0.3682170.529765,0.041667,0.181818,0.289191,0.290698,0.423634,0.822835,0.846457,0.559055,0.301129,1,0,0,0,0,0,0,0,0,0,0,0,0,0,0,0,0,0,0,0,0,0,0,0,0,0,0,0,0,0,0,0,1,0,0,0,0,0,0,0,0,0,0,0,2
java.lang.NumberFormatException: multiple points
linha fdp!!!!
0.54077,0.352778,0.106061,0.2398,0.284238,0.4710.545773,0.283333,0.287879,0.060845,0.248062,0.53028,0.976378,0.834646,0.338583,0.16339,1,0,0,0,0,0,0,0,0,0,0,0,0,0,0,0,0,0,0,0,0,0,0,0,0,0,0,0,0,0,0,0,1,0,0,0,0,0,0,0,0,0,0,0,2
java.lang.NumberFormatException: multiple points
linha fdp!!!!
0.465233,0.983333,0.272727,0.04796,0.232558,0.334973,0.73622,0.807087,0.6062990.625313,0.986111,0.19697,0.115963,0.248062,0.487987,0.779528,0.854331,0.614173,0.401087,1,0,0,0,0,0,0,0,0,0,0,0,0,0,0,0,0,0,0,0,0,0,0,0,0,0,0,1,0,0,0,0,0,0,0,0,0,0,0,0,0,0,0,0,10.627314,0.986111,0.19697,0.125268,0.25323,0.49164,0.779528,0.854331,0.614173,0.397044,1,0,0,0,0,0,0,0,0,0,0,0,0,0,0,0,0,0,0,0,0,0,0,0,0,0,0,1,0,0,0,0,0,0,0,0,0,0,0,0,0,0,0,0,1
java.lang.NumberFormatException: multiple points
linha fdp!!!!
0.542771,0.427778,0.151515,0.173228,0.27907,0.479837,0.913386,0.948819,0.547244,0.20.650325,0.952778,0.136364,0.151754,0.270026,0.418716,0.795276,0.889764,0.641732,0.468702,1,0,0,0,0,0,0,0,0,0,0,0,0,0,0,0,0,0,0,0,0,0,0,0,0,0,0,0,0,0,0,0,1,0,0,0,0,0,0,0,0,0,0,0,1
java.lang.NumberFormatException: multiple points
linha fdp!!!!
0.545273,0.35,0.1810.563782,0.161111,0.181818,0.088762,0.262274,0.608683,0.897638,0.84252,0.46063,0.129095,1,0,0,0,0,0,0,0,0,0,0,0,0,0,0,0,0,0,0,0,0,0,0,0,0,0,0,0,0,0,0,0,1,0,0,0,0,0,0,0,0,0,0,0,2
java.lang.NumberFormatException: multiple points
linha fdp!!!!
0.545273,0.022222,0.242424,0.07730.50025,0.069444,0.151515,0.27917,0.302326,0.291134,0.846457,0.862205,0.547244,0.231842,1,0,0,0,0,0,0,0,0,0,0,0,0,0,0,1,0,0,0,0,0,0,0,0,0,0,0,0,0,0,0,0,0,0,0,0,0,0,0,0,0,0,0,0,2
java.lang.NumberFormatException: multiple points
linha fdp!!!!
0.54077,0.8,0.151515,0.085898,0.255810.591296,0,0.136364,0.355762,0.249354,0.530842,0.811024,0.874016,0.606299,0.364701,1,0,0,0,0,0,0,0,0,0,0,0,0,0,0,0,0,0,0,0,0,0,0,0,0,0,0,0,0,0,0,0,1,0,0,0,0,0,0,0,0,0,0,0,20.591296,0.936111,0.181818,0.365068,0.245478,0.534916,0.767717,0.88189,0.661417,0.361355,1,0,0,0,0,0,0,0,0,0,0,0,0,0,0,0,0,0,0,0,0,0,0,0,0,0,0,0,0,0,0,0,1,0,0,0,0,0,0,0,0,0,0,0,2
java.lang.NumberFormatException: multiple points
linha fdp!!!!
0.571286,0.20.561281,0.286111,0.121212,0.269148,0.264858,0.520163,0.917323,0.905512,0.511811,0.27492,1,0,0,0,0,0,0,0,0,0,0,0,0,0,0,0,0,0,0,0,0,0,0,0,0,0,0,0,0,0,0,0,1,0,0,0,0,0,0,0,0,0,0,0,20.55978,0.327778,0.121212,0.274875,0.306202,0.516791,0.92126,0.917323,0.511811,0.278963,1,0,0,0,0,0,0,0,0,0,0,0,0,0,0,0,0,0,0,0,0,0,0,0,0,0,0,0,0,0,0,0,1,0,0,0,0,0,0,0,0,0,0,0,2
java.lang.NumberFormatException: multiple points
linha fdp!!!!
0.677839,0.9472220.582791,0.658333,0.121212,0.2398,0.342377,0.826331,0.811024,0.972441,0.704724,0.246759,1,0,0,0,0,0,0,0,0,0,0,0,0,0,0,0,0,0,0,0,0,0,0,0,0,0,0,0,0,0,0,0,1,0,0,0,0,0,0,0,0,0,0,0,1
java.lang.NumberFormatException: multiple points
linha fdp!!!!
0.596798,0.061111,0.121212,0.125268,0.245478,0.667557,0.846457,0.88189,0.57080.549275,0.041667,0.075758,0.085898,0.242894,0.73767,0.846457,0.901575,0.590551,0.306287,1,0,0,0,0,0,0,0,0,0,0,0,0,0,0,0,0,0,0,0,0,0,0,0,0,0,1,0,0,0,0,0,0,0,0,0,0,0,0,0,0,0,0,0,10.547774,0.094444,0.136364,0.064424,0.23385,0.741886,0.862205,0.870079,0.543307,0.304196,1,0,0,0,0,0,0,0,0,0,0,0,0,0,0,0,0,0,0,0,0,0,0,0,0,0,1,0,0,0,0,0,0,0,0,0,0,0,0,0,0,0,0,0,1
java.lang.NumberFormatException: multiple points
linha fdp!!!!
0.5537770.645823,0.197222,0.151515,0.130279,0.288114,0.759028,0.909449,0.870079,0.476378,0.044472,1,0,0,0,0,0,0,0,0,0,0,0,0,0,0,0,0,0,0,0,0,0,0,0,0,0,0,0,0,0,0,0,1,0,0,0,0,0,0,0,0,0,0,0,1
java.lang.NumberFormatException: multiple points
linha fdp!!!!
0.48024,0.966667,0.151515,0.115963,0.255814,0.293944,0.791339,0.88189,0.6338580.473737,0.141667,0.181818,0.269148,0.257106,0.257974,0.889764,0.84252,0.472441,0.234351,1,0,0,0,0,0,0,0,0,0,0,0,0,0,0,0,0,0,0,0,0,0,0,0,0,0,0,0,0,0,0,0,1,0,0,0,0,0,0,0,0,0,0,0,20.471236,0.161111,0.181818,0.279885,0.25323,0.253759,0.897638,0.84252,0.46063,0.233375,1,0,0,0,0,0,0,0,0,0,0,0,0,0,0,0,0,0,0,0,0,0,0,0,0,0,0,0,0,0,0,0,1,0,0,0,0,0,0,0,0,0,0,0,2
java.lang.NumberFormatException: multiple points
linha fdp!!!!
0.533267,0.947222,0.0.546773,0.4,0.151515,0,0.223514,0.589153,0.925197,0.937008,0.527559,0.314792,1,0,0,0,0,0,0,0,0,0,0,0,0,0,0,0,0,0,0,0,0,0,0,0,0,0,0,0,0,0,0,0,0,1,0,0,0,0,0,0,0,0,0,0,20.545273,0.458333,0.121212,0,0.223514,0.585218,0.897638,0.956693,0.582677,0.318835,1,0,0,0,0,0,0,0,0,0,0,0,0,0,0,0,0,0,0,0,0,0,0,0,0,0,0,0,0,0,0,0,0,1,0,0,0,0,0,0,0,0,0,0,2
java.lang.NumberFormatException: multiple points
learning evaluation instances,Wall Time (Actual Time),Avg Delay (ms),outRate (inst/s),classified instances,classifications correct (percent),Kappa Statistic (percent),Kappa Temporal Statistic (percent),Kappa M Statistic (percent),F1 Score (percent),F1 Score for class 0 (percent),F1 Score for class 1 (percent),F1 Score for class 2 (percent),F1 Score for class 3 (percent),F1 Score for class 4 (percent),F1 Score for class 5 (percent),F1 Score for class 6 (percent),Precision (percent),Precision for class 0 (percent),Precision for class 1 (percent),Precision for class 2 (percent),Precision for class 3 (percent),Precision for class 4 (percent),Precision for class 5 (percent),Precision for class 6 (percent),Recall (percent),Recall for class 0 (percent),Recall for class 1 (percent),Recall for class 2 (percent),Recall for class 3 (percent),Recall for class 4 (percent),Recall for class 5 (percent),Recall for class 6 (percent),model training instances,model serialized size (bytes)
79000.0,600.0089721679688,2339.0,131.66470336914062,78500.0,89.13375796178345,72.47578654015598,-72.32323232323229,61.135410971386925,65.46948484265312,1.1049723756906076,76.80615742836815,93.47923444167475,68.18950930626058,84.05172413793103,60.65659197498697,67.9324894514768,69.0186989288702,2.857142857142857,91.29699392634734,89.51209644793268,68.30508474576271,77.17678100263852,76.57894736842105,77.40384615384616,62.26744680453825,0.684931506849315,66.28523583589171,97.81432360742706,68.07432432432432,92.27129337539432,50.21570319240725,60.526315789473685,0.0,1.0
