Connected!
linha fdp!!!!
0.286643,0.969444,0.318182,0.384395,0.536176,0.10.225113,0.308333,0.484848,0.18325,0.337209,0.083603,1,0.732283,0.125984,0.23686,0,0,0,1,0,0,1,0,0,0,0,0,0,0,0,0,0,0,0,0,0,0,0,0,0,0,0,0,0,0,0,0,0,0,0,0,0,0,0,0,0,0,0,0,4
java.lang.NumberFormatException: multiple points
linha fdp!!!!
0.507754,0.322222,0.272727,0.10952,0.245478,0.33427,0.976378,0.866142,0.370079,0.0.546773,0.447222,0.212121,0.343593,0.370801,0.101869,0.917323,0.956693,0.53937,0.302105,0,0,1,0,0,0,0,0,0,0,0,0,0,0,0,0,0,0,0,0,0,0,0,0,0,0,0,0,0,0,0,0,0,0,0,0,1,0,0,0,0,0,0,0,50.251626,0.225,0.318182,0.068003,0.276486,0.062667,0.956693,0.775591,0.287402,0.067475,0,0,0,1,0,0,0,0,0,0,0,0,0,1,0,0,0,0,0,0,0,0,0,0,0,0,0,0,0,0,0,0,0,0,0,0,0,0,0,0,0,0,0,0,6
java.lang.NumberFormatException: multiple points
linha fdp!!!!
0.805403,0.130556,0.19697,0.453114,0.268734,0.0.407204,0.461111,0.393939,0.14388,0.338501,0.262611,0.909449,0.937008,0.476378,0.195595,0,0,1,0,0,0,0,1,0,0,0,0,0,0,0,0,0,0,0,0,0,0,0,0,0,0,0,0,0,0,0,0,0,0,0,0,0,0,0,0,0,0,0,0,3
java.lang.NumberFormatException: multiple points
linha fdp!!!!
0.569285,0.261111,0.318182,0.322119,0.0.653827,0.136111,0.348485,0.107373,0.281654,0.378811,0.877953,0.724409,0.334646,0.201868,0,0,1,0,0,0,0,0,0,0,0,0,0,0,0,0,0,0,0,0,0,0,0,0,0,0,0,1,0,0,0,0,0,0,0,0,0,0,0,0,0,0,0,0,10.642821,0.225,0.106061,0.236936,0.312661,0.171983,0.905512,0.893701,0.507874,0.402063,0,0,1,0,0,0,0,0,0,0,0,0,0,0,0,0,0,0,0,0,0,0,0,0,0,0,0,0,0,0,0,0,0,0,0,0,1,0,0,0,0,0,0,0,2
java.lang.NumberFormatException: multiple points
linha fdp!!!!
0.75988,0.341667,0.19697,0.107373,0.218346,0.30700.69935,0.930556,0.242424,0.136006,0.263566,0.25685,0.716535,0.854331,0.681102,0.058135,0,0,1,0,0,0,0,0,0,0,0,0,0,0,0,0,0,0,0,0,0,0,0,0,0,0,0,0,0,0,0,0,0,0,0,0,0,0,0,0,0,0,1,0,7
java.lang.NumberFormatException: multiple points
linha fdp!!!!
0.232616,0.366667,0.212121,0.060845,0.245478,0.151749,0.952756,0.913386,0.46063,0.017280.492246,0.563889,0.409091,0.077309,0.267442,0.188563,0.767717,0.992126,0.69685,0.373066,0,0,1,0,0,0,0,1,0,0,0,0,0,0,0,0,0,0,0,0,0,0,0,0,0,0,0,0,0,0,0,0,0,0,0,0,0,0,0,0,0,0,0,0,5
java.lang.NumberFormatException: multiple points
linha fdp!!!!
0.472736,0.919444,0.030303,0,0.223514,0.587186,0.83850.402201,0.425,0.242424,0.060845,0.255814,0.198398,0.937008,0.940945,0.492126,0.899484,1,0,0,0,0,0,0,0,0,0,0,0,0,0,0,0,0,0,0,0,0,0,0,0,0,0,0,0,0,0,0,0,1,0,0,0,0,0,0,0,0,0,0,0,2
java.lang.NumberFormatException: multiple points
linha fdp!!!!
0.489245,0.416667,0.136364,0.021475,0.223514,0.663763,0.913380.391196,0,0.045455,0.030064,0.22093,0.158915,0.846457,0.917323,0.614173,0.859473,1,0,0,0,0,0,0,0,0,0,0,0,0,0,0,1,0,0,0,0,0,0,0,0,0,0,0,0,0,0,0,0,0,0,0,0,0,0,0,0,0,0,0,0,20.392696,0.113889,0.060606,0.021475,0.224806,0.154981,0.866142,0.905512,0.574803,0.857242,1,0,0,0,0,0,0,0,0,0,0,0,0,0,0,1,0,0,0,0,0,0,0,0,0,0,0,0,0,0,0,0,0,0,0,0,0,0,0,0,0,0,0,0,2
java.lang.NumberFormatException: multiple points
linha fdp!!!!
0.591296,0.327778,0.15150.469735,0.275,0.151515,0.289191,0.346253,0.422228,0.929134,0.893701,0.476378,0.895581,1,0,0,0,0,0,0,0,0,0,0,0,0,0,0,1,0,0,0,0,0,0,0,0,0,0,0,0,0,0,0,0,0,0,0,0,0,0,0,0,0,0,0,0,1
java.lang.NumberFormatException: multiple points
linha fdp!!!!
0.658329,0.219444,0.090.474737,0.986111,0.181818,0.030064,0.228682,0.479415,0.791339,0.862205,0.614173,0.896975,1,0,0,0,0,0,0,0,0,0,0,0,0,0,0,0,0,0,0,0,0,0,0,0,0,0,0,0,0,0,0,0,1,0,0,0,0,0,0,0,0,0,0,0,2
java.lang.NumberFormatException: multiple points
linha fdp!!!!
0.356678,0.175,0.060606,0.236936,0.257106,0.172966,0.88189,0.909449,0.560.654827,0.294444,0.106061,0.228346,0.231266,0.68498,0.913386,0.913386,0.519685,0.201032,1,0,0,0,0,0,0,0,0,0,0,0,0,0,0,0,0,0,0,0,0,0,0,0,0,0,0,0,0,0,0,0,1,0,0,0,0,0,0,0,0,0,0,0,1
java.lang.NumberFormatException: multiple points
linha fdp!!!!
0.365683,0.105556,0.151515,0.27917,0.250646,0.19067,0.0.587794,0.277778,0.075758,0.300644,0.223514,0.925671,0.901575,0.917323,0.543307,0.482504,1,0,0,0,0,0,0,0,0,0,0,0,0,0,0,0,0,0,0,0,0,0,0,1,0,0,0,0,0,0,0,0,0,0,0,0,0,0,0,0,0,0,0,0,2
java.lang.NumberFormatException: multiple points
linha fdp!!!!
0.56470.669835,0.869444,0.136364,0.214746,0.257106,0.637207,0.775591,0.92126,0.69685,0.222083,1,0,0,0,0,0,0,0,0,0,0,0,0,0,0,0,0,0,0,0,0,0,0,0,0,0,0,0,0,0,0,0,1,0,0,0,0,0,0,0,0,0,0,0,1
java.lang.NumberFormatException: multiple points
linha fdp!!!!
0.434717,0.125,0.075758,0.125268,0.257106,0.37020.618809,0.95,0.181818,0.173228,0.324289,0.686244,0.771654,0.874016,0.649606,0.279102,1,0,0,0,0,0,0,0,0,0,0,0,0,0,0,0,0,0,0,0,0,0,0,0,0,0,0,0,0,0,0,0,1,0,0,0,0,0,0,0,0,0,0,0,10.62081,0.991667,0.151515,0.163207,0.329457,0.688773,0.807087,0.874016,0.610236,0.281193,1,0,0,0,0,0,0,0,0,0,0,0,0,0,0,0,0,0,0,0,0,0,0,0,0,0,0,0,0,0,0,0,1,0,0,0,0,0,0,0,0,0,0,0,1
java.lang.NumberFormatException: multiple points
linha fdp!!!!
0.505753,0.897222,0.242424,0.068003,0.257106,0.824364,0.704724,0.874016,0.716535,0.641290.57979,0.258333,0.439394,0.26199,0.418605,0.890684,0.984252,0.720472,0.15748,0.552907,1,0,0,0,0,0,0,0,0,0,0,0,0,0,0,0,0,0,0,0,0,0,0,0,0,0,0,0,0,0,0,0,1,0,0,0,0,0,0,0,0,0,0,0,20.571286,0.263889,0.348485,0.24481,0.396641,0.892792,0.980315,0.779528,0.255906,0.556253,1,0,0,0,0,0,0,0,0,0,0,0,0,0,0,0,0,0,0,0,0,0,0,0,0,0,0,0,0,0,0,0,1,0,0,0,0,0,0,0,0,0,0,0,2
java.lang.NumberFormatException: multiple points
linha fdp!!!!
0.510755,0.191667,0.212121,0.107373,0.245478,0.571589,0.9210.574787,0.563889,0.060606,0.423049,0.338501,0.802023,0.858268,0.956693,0.633858,0.474557,1,0,0,0,0,0,0,0,0,0,0,0,0,0,0,0,0,0,0,0,0,0,0,0,0,0,0,0,0,0,0,0,1,0,0,0,0,0,0,0,0,0,0,0,20.572786,0.394444,0.090909,0.432355,0.333333,0.803709,0.901575,0.940945,0.562992,0.477206,1,0,0,0,0,0,0,0,0,0,0,0,0,0,0,0,0,0,0,0,0,0,0,0,0,0,0,0,0,0,0,0,1,0,0,0,0,0,0,0,0,0,0,0,2
java.lang.NumberFormatException: multiple points
linha fdp!!!!
0.455728,0.244444,0.19697,0.077309,0.24677,0.392580.558279,0.147222,0.212121,0.298497,0.299742,0.66025,0.893701,0.818898,0.437008,0.875366,1,0,0,0,0,0,0,0,0,0,0,0,0,0,0,1,0,0,0,0,0,0,0,0,0,0,0,0,0,0,0,0,0,0,0,0,0,0,0,0,0,0,0,0,20.556778,0.138889,0.212121,0.27917,0.295866,0.657018,0.889764,0.818898,0.444882,0.87913,1,0,0,0,0,0,0,0,0,0,0,0,0,0,0,1,0,0,0,0,0,0,0,0,0,0,0,0,0,0,0,0,0,0,0,0,0,0,0,0,0,0,0,0,2
java.lang.NumberFormatException: multiple points
linha fdp!!!!
0.591296,0.972222,0.136364,0.476736,0.423773,0.812561,0.799213,0.88189,0.6299210.531766,0.597222,0.121212,0.04796,0.219638,0.730645,0.838583,0.976378,0.673228,0.468423,1,0,0,0,0,0,0,0,0,0,0,0,0,0,0,0,0,0,0,0,0,0,0,0,0,0,1,0,0,0,0,0,0,0,0,0,0,0,0,0,0,0,0,0,2
java.lang.NumberFormatException: multiple points
linha fdp!!!!
0.571286,0.277778,0.136364,0.115963,0.260982,0.723901,0.929130.497749,0.3,0.045455,0.021475,0.219638,0.432345,0.885827,0.929134,0.574803,0.570891,1,0,0,0,0,0,0,0,0,0,0,0,0,0,0,0,0,0,0,0,0,0,0,0,0,0,1,0,0,0,0,0,0,0,0,0,0,0,0,0,0,0,0,0,20.496748,0.972222,0.060606,0.030064,0.218346,0.428411,0.834646,0.917323,0.622047,0.566987,1,0,0,0,0,0,0,0,0,0,0,0,0,0,0,0,0,0,0,0,0,0,0,0,0,0,1,0,0,0,0,0,0,0,0,0,0,0,0,0,0,0,0,0,2
java.lang.NumberFormatException: multiple points
linha fdp!!!!
0.554777,0.0.46023,0.152778,0.257576,0.364352,0.179587,0.238584,0.897638,0.795276,0.397638,0.348669,1,0,0,0,0,0,0,0,0,0,0,0,0,0,0,1,0,0,0,0,0,0,0,0,0,0,0,0,0,0,0,0,0,0,0,0,0,0,0,0,0,0,0,0,20.456228,0.144444,0.257576,0.3801,0.169251,0.235211,0.889764,0.795276,0.405512,0.345044,1,0,0,0,0,0,0,0,0,0,0,0,0,0,0,1,0,0,0,0,0,0,0,0,0,0,0,0,0,0,0,0,0,0,0,0,0,0,0,0,0,0,0,0,2
java.lang.NumberFormatException: multiple points
linha fdp!!!!
0.534767,0.972222,0.181818,0.4250.645323,0.436111,0.181818,0.064424,0.22093,0.482647,0.917323,0.948819,0.53937,0.685487,1,0,0,0,0,0,0,0,0,0,0,0,0,0,0,0,0,0,0,0,0,0,0,0,0,0,0,0,0,0,0,0,0,1,0,0,0,0,0,0,0,0,0,0,1
java.lang.NumberFormatException: multiple points
linha fdp!!!!
0.62081,0.4,0.0.577789,0.797222,0.136364,0.590551,0.373385,0.817479,0.767717,0.944882,0.728346,0.828663,1,0,0,0,0,0,0,0,0,0,0,0,0,0,0,0,0,0,0,0,0,0,0,0,0,0,0,0,0,0,0,0,1,0,0,0,0,0,0,0,0,0,0,0,2
java.lang.NumberFormatException: multiple points
linha fdp!!!!
0.572786,0.105556,0.287879,0.211167,0.198966,0.506674,0.8503940.587794,0.655556,0.075758,0.547602,0.27907,0.816496,0.830709,0.964567,0.677165,0.755751,1,0,0,0,0,0,0,0,0,0,0,0,0,0,0,0,0,0,0,0,0,0,0,0,0,0,0,0,0,0,0,0,1,0,0,0,0,0,0,0,0,0,0,0,10.589295,0.708333,0.106061,0.528275,0.282946,0.812561,0.807087,0.96063,0.700787,0.753799,1,0,0,0,0,0,0,0,0,0,0,0,0,0,0,1,0,0,0,0,0,0,0,0,0,0,0,0,0,0,0,0,0,0,0,0,0,0,0,0,0,0,0,0,1
java.lang.NumberFormatException: multiple points
linha fdp!!!!
0.458229,0.186111,0.060606,0.221188,0.0.456728,0.425,0.151515,0.250537,0.236434,0.303499,0.913386,0.948819,0.551181,0.199916,1,0,0,0,0,0,0,0,0,0,0,0,0,0,0,0,0,0,0,0,0,0,0,0,0,0,0,0,0,0,0,0,1,0,0,0,0,0,0,0,0,0,0,0,2
java.lang.NumberFormatException: multiple points
linha fdp!!!!
0.604302,0.291667,0.045455,0.322119,0.321705,0.803709,0.88189,0.929134,0.5780.566283,0.363889,0.060606,0.107373,0.231266,0.720107,0.893701,0.933071,0.570866,0.662903,1,0,0,0,0,0,0,0,0,0,0,0,0,0,0,0,0,0,0,0,0,0,0,0,0,0,0,0,0,0,0,0,1,0,0,0,0,0,0,0,0,0,0,0,2
java.lang.NumberFormatException: multiple points
linha fdp!!!!
0.507250.630315,0.294444,0.090909,0.115963,0.24031,0.39511,0.909449,0.913386,0.531496,0.821692,1,0,0,0,0,0,0,0,0,0,0,0,0,0,0,0,0,0,0,0,0,0,0,0,0,0,0,0,0,0,0,0,1,0,0,0,0,0,0,0,0,0,0,0,1
java.lang.NumberFormatException: multiple points
linha fdp!!!!
0.536768,0.405556,0.151515,0,0.223514,0.5086410.571286,0.175,0.212121,0.214746,0.273902,0.437825,0.913386,0.830709,0.429134,0.905618,1,0,0,0,0,0,0,0,0,0,0,0,0,0,0,0,0,0,0,0,0,0,0,0,0,0,0,0,0,0,0,0,1,0,0,0,0,0,0,0,0,0,0,0,10.568284,0.172222,0.227273,0.198282,0.26615,0.441057,0.909449,0.822835,0.417323,0.907291,1,0,0,0,0,0,0,0,0,0,0,0,0,0,0,0,0,0,0,0,0,0,0,0,0,0,0,0,0,0,0,0,1,0,0,0,0,0,0,0,0,0,0,0,1
java.lang.NumberFormatException: multiple points
linha fdp!!!!
0.6093050.543272,0.069444,0.181818,0.137437,0.244186,0.509765,0.838583,0.838583,0.527559,0.85306,1,0,0,0,0,0,0,0,0,0,0,0,0,0,0,0,0,0,0,0,0,0,0,0,0,0,0,0,0,0,0,0,1,0,0,0,0,0,0,0,0,0,0,0,2
java.lang.NumberFormatException: multiple points
linha fdp!!!!
0.584292,0.202778,0.136364,0.23121,0.25323,0.771673,0.0.513257,0.616667,0.227273,0.077309,0.244186,0.595195,0.787402,0.996063,0.73622,0.520563,1,0,0,0,0,0,0,0,0,0,0,0,0,0,0,0,0,0,0,0,0,0,0,0,0,0,0,0,0,0,0,0,0,1,0,0,0,0,0,0,0,0,0,0,1
java.lang.NumberFormatException: multiple points
linha fdp!!!!
0.408704,0.402778,0.30303,0.121689,0.24031,0.255445,0.956693,0.917320.551776,0.275,0.151515,0.286328,0.236434,0.484474,0.929134,0.893701,0.476378,0.83647,1,0,0,0,0,0,0,0,0,0,0,0,0,0,0,0,0,0,0,0,0,0,0,0,0,0,0,0,0,0,0,0,1,0,0,0,0,0,0,0,0,0,0,0,2
java.lang.NumberFormatException: multiple points
linha fdp!!!!
0.531766,0.669444,0.181818,0.198282,0.251938,0.751019,0.770.523762,0.227778,0.287879,0.107373,0.270026,0.6077,0.956693,0.799213,0.322835,0.490032,1,0,0,0,0,0,0,0,0,0,0,0,0,0,0,0,0,0,0,0,0,0,0,0,0,0,0,0,0,0,0,0,1,0,0,0,0,0,0,0,0,0,0,0,20.516258,0.222222,0.333333,0.088762,0.25969,0.603485,0.956693,0.771654,0.287402,0.489753,1,0,0,0,0,0,0,0,0,0,0,0,0,0,0,0,0,0,0,0,0,0,0,0,0,0,0,0,0,0,0,0,1,0,0,0,0,0,0,0,0,0,0,0,2
java.lang.NumberFormatException: multiple points
linha fdp!!!!
0.464732,0.4580.385193,0.105556,0.075758,0.198282,0.245478,0.123929,0.866142,0.897638,0.566929,0.125471,1,0,0,0,0,0,0,0,0,0,0,0,0,0,0,1,0,0,0,0,0,0,0,0,0,0,0,0,0,0,0,0,0,0,0,0,0,0,0,0,0,0,0,0,2
java.lang.NumberFormatException: multiple points
linha fdp!!!!
0.561781,0.236111,0.130.393197,0.338889,0.227273,0.156049,0.26615,0.11325,0.96063,0.893701,0.425197,0.156141,1,0,0,0,0,0,0,0,0,0,0,0,0,0,0,1,0,0,0,0,0,0,0,0,0,0,0,0,0,0,0,0,0,0,0,0,0,0,0,0,0,0,0,0,2
java.lang.NumberFormatException: multiple points
linha fdp!!!!
0.40.554777,0.027778,0.151515,0.021475,0.223514,0.529999,0.822835,0.866142,0.582677,0.707654,1,0,0,0,0,0,0,0,0,0,0,0,0,0,0,0,0,0,0,0,0,0,0,0,0,0,0,0,0,0,0,0,1,0,0,0,0,0,0,0,0,0,0,0,2
java.lang.NumberFormatException: multiple points
linha fdp!!!!
0.356178,0.388889,0.363636,0.042949,0.228682,0.069830.496248,0.141667,0.136364,0.077309,0.226098,0.444569,0.885827,0.870079,0.507874,0.345602,1,0,0,0,0,0,0,0,0,0,0,0,0,0,0,0,0,0,0,0,0,0,0,0,0,0,1,0,0,0,0,0,0,0,0,0,0,0,0,0,0,0,0,0,2
java.lang.NumberFormatException: multiple points
learning evaluation instances,Wall Time (Actual Time),Avg Delay (ms),outRate (inst/s),classified instances,classifications correct (percent),Kappa Statistic (percent),Kappa Temporal Statistic (percent),Kappa M Statistic (percent),F1 Score (percent),F1 Score for class 0 (percent),F1 Score for class 1 (percent),F1 Score for class 2 (percent),F1 Score for class 3 (percent),F1 Score for class 4 (percent),F1 Score for class 5 (percent),F1 Score for class 6 (percent),Precision (percent),Precision for class 0 (percent),Precision for class 1 (percent),Precision for class 2 (percent),Precision for class 3 (percent),Precision for class 4 (percent),Precision for class 5 (percent),Precision for class 6 (percent),Recall (percent),Recall for class 0 (percent),Recall for class 1 (percent),Recall for class 2 (percent),Recall for class 3 (percent),Recall for class 4 (percent),Recall for class 5 (percent),Recall for class 6 (percent),model training instances,model serialized size (bytes),ensemble size,change detections,[avg] model training instances,[err] model training instances,[avg] model serialized size (bytes),[err] model serialized size (bytes),[avg] tree size (nodes),[err] tree size (nodes),[avg] tree size (leaves),[err] tree size (leaves),[avg] active learning leaves,[err] active learning leaves,[avg] tree depth,[err] tree depth,[avg] active leaf byte size estimate,[err] active leaf byte size estimate,[avg] inactive leaf byte size estimate,[err] inactive leaf byte size estimate,[avg] byte size estimate overhead,[err] byte size estimate overhead
61000.0,600.093994140625,2980.0,101.65074157714844,60500.0,90.37520661157025,80.32830821029418,-11.232091690544415,70.66055323222653,68.1174886946166,2.1739130434782608,85.16515638702134,94.40936129670573,68.9499435453519,85.6353591160221,76.40579710144928,59.62521294718909,68.86371889657383,5.555555555555555,86.69195864018448,93.76000776359842,64.41631504922644,83.33333333333334,73.18156579677957,75.10729613733905,67.38725791577413,1.3513513513513513,83.69120287253142,95.06777201052866,74.17004048582996,88.06818181818183,79.92722862340813,49.43502824858757,0.0,1.0,25.0,121.0,71986.52,73261.9988682855,1.0,0.0,37.440000000000005,38.57252908482927,19.2,19.30673457630782,19.2,19.30673457630782,5.84,3.613400983376556,0.0,0.0,0.0,0.0,1.0,0.0
