Connected!
linha fdp!!!!
0.127564,0.208333,0.106061,0,0.223514,0.1020090.212606,0.311111,0.439394,0.107373,0.299742,0.071519,1,0.771654,0.185039,0.248432,0,0,0,1,0,0,1,0,0,0,0,0,0,0,0,0,0,0,0,0,0,0,0,0,0,0,0,0,0,0,0,0,0,0,0,0,0,0,0,0,0,0,0,0,40.205103,0.325,0.363636,0.09592,0.280362,0.07461,0.996063,0.826772,0.279528,0.245504,0,0,0,1,0,0,1,0,0,0,0,0,0,0,0,0,0,0,0,0,0,0,0,0,0,0,0,0,0,0,0,0,0,0,0,0,0,0,0,0,0,0,0,0,4
java.lang.NumberFormatException: multiple points
linha fdp!!!!
0.542771,0.097222,0.0.650325,0.477778,0.287879,0.365068,0.334625,0.371224,0.901575,0.964567,0.551181,0.439147,0,0,1,0,0,0,0,0,0,0,0,0,0,0,0,0,0,0,0,0,0,0,0,0,0,0,0,0,0,0,0,0,0,0,0,0,1,0,0,0,0,0,0,0,2
java.lang.NumberFormatException: multiple points
linha fdp!!!!
0.74087,0,0,0.45884,0.280.567284,0.386111,0.151515,0.077309,0.242894,0.054798,0.925197,0.933071,0.519685,0.130908,1,0,0,0,0,0,0,0,0,0,0,0,0,0,0,0,0,0,0,0,0,0,0,0,0,1,0,0,0,0,0,0,0,0,0,0,0,0,0,0,0,0,0,0,1
java.lang.NumberFormatException: multiple points
linha fdp!!!!
0.764882,0.333333,0.19697,0.231926,0.20.047524,0.130556,0.484848,0.156049,0.351421,0.029507,0.838583,0.610236,0.216535,0.129235,0,0,0,1,1,0,0,0,0,0,0,0,0,0,0,0,0,0,0,0,0,0,0,0,0,0,0,0,0,0,0,0,0,0,0,0,0,0,0,0,0,0,0,0,6
java.lang.NumberFormatException: multiple points
linha fdp!!!!
0.6813410.453227,0.994444,0.30303,0.068003,0.260982,0.459604,0.724409,0.779528,0.582677,0.84135,1,0,0,0,0,0,0,0,0,0,0,0,0,0,0,0,0,0,0,0,0,0,0,0,0,0,0,0,0,0,0,0,1,0,0,0,0,0,0,0,0,0,0,0,2
java.lang.NumberFormatException: multiple points
linha fdp!!!!
0.613807,0.588889,0.212121,0.303508,0.281654,0.840.525263,0,0.181818,0.090909,0.257106,0.602361,0.795276,0.854331,0.598425,0.847344,1,0,0,0,0,0,0,0,0,0,0,0,0,0,0,0,0,0,0,0,0,0,0,0,0,0,0,0,0,0,0,0,1,0,0,0,0,0,0,0,0,0,0,0,2
java.lang.NumberFormatException: multiple points
linha fdp!!!!
0.507254,0.0.332666,0.141667,0.212121,0.128848,0.236434,0.048054,0.889764,0.826772,0.452756,0.411543,1,0,0,0,0,0,0,0,0,0,0,0,0,0,0,0,0,0,0,0,0,0,0,0,0,0,0,0,0,0,0,0,1,0,0,0,0,0,0,0,0,0,0,0,20.329665,0.088889,0.181818,0.130279,0.229974,0.043979,0.854331,0.838583,0.507874,0.409592,1,0,0,0,0,0,0,0,0,0,0,0,0,0,0,0,0,0,0,0,0,0,0,0,0,0,0,0,0,0,0,0,1,0,0,0,0,0,0,0,0,0,0,0,2
java.lang.NumberFormatException: multiple points
linha fdp!!!!
0.417209,0.094444,0.136364,0.00.511256,0.230556,0.393939,0.077309,0.260982,0.479978,0.964567,0.724409,0.200787,0.699986,1,0,0,0,0,0,0,0,0,0,0,0,0,0,0,0,0,0,0,0,0,0,0,0,0,0,0,0,0,0,0,0,1,0,0,0,0,0,0,0,0,0,0,0,2
java.lang.NumberFormatException: multiple points
linha fdp!!!!
0.538769,0.016667,0.106061,0.279880.669835,0.155556,0.151515,0.303508,0.25323,0.56639,0.893701,0.858268,0.488189,0.419211,1,0,0,0,0,0,0,0,0,0,0,0,0,0,0,0,0,0,0,0,0,0,1,0,0,0,0,0,0,0,0,0,0,0,0,0,0,0,0,0,0,0,0,0,1
java.lang.NumberFormatException: multiple points
linha fdp!!!!
0.669835,0.050.408704,0.258333,0.075758,0.352183,0.321705,0.149361,0.897638,0.913386,0.543307,0.369999,1,0,0,0,0,0,0,0,0,0,0,0,0,0,0,1,0,0,0,0,0,0,0,0,0,0,0,0,0,0,0,0,0,0,0,0,0,0,0,0,0,0,0,0,20.408204,0.1,0.090909,0.339298,0.320413,0.145286,0.866142,0.889764,0.559055,0.36721,1,0,0,0,0,0,0,0,0,0,0,0,0,0,0,1,0,0,0,0,0,0,0,0,0,0,0,0,0,0,0,0,0,0,0,0,0,0,0,0,0,0,0,0,2
java.lang.NumberFormatException: multiple points
linha fdp!!!!
0.54027,0.244444,0.121212,0.088762,0.25969,0.554728,0.917323,0.893701,0.496063,0.7090480.551776,0.880556,0.181818,0.042949,0.232558,0.643951,0.740157,0.905512,0.712598,0.758957,1,0,0,0,0,0,0,0,0,0,0,0,0,0,0,0,0,0,0,0,0,0,0,1,0,0,0,0,0,0,0,0,0,0,0,0,0,0,0,0,0,0,0,0,2
java.lang.NumberFormatException: multiple points
linha fdp!!!!
0.511256,0.163889,0.060606,0.173228,0.254522,0.42827,0.877950.595798,0.391667,0.30303,0.09592,0.277778,0.542082,0.964567,0.905512,0.409449,0.725917,1,0,0,0,0,0,0,0,0,0,0,0,0,0,0,0,0,0,0,0,0,0,0,0,0,0,0,0,0,0,0,0,0,1,0,0,0,0,0,0,0,0,0,0,2
java.lang.NumberFormatException: multiple points
linha fdp!!!!
0.551776,0.05,0.151515,0.060845,0.24031,0.590417,0.838583,0.866142,0.562992,0.76670.478739,0.7,0.075758,0.107373,0.231266,0.310243,0.826772,0.956693,0.673228,0.329709,1,0,0,0,0,0,0,0,0,0,0,0,0,0,0,1,0,0,0,0,0,0,0,0,0,0,0,0,0,0,0,0,0,0,0,0,0,0,0,0,0,0,0,0,20.48074,0.219444,0.015152,0.128848,0.236434,0.307433,0.866142,0.929134,0.598425,0.325805,1,0,0,0,0,0,0,0,0,0,0,0,0,0,0,1,0,0,0,0,0,0,0,0,0,0,0,0,0,0,0,0,0,0,0,0,0,0,0,0,0,0,0,0,2
java.lang.NumberFormatException: multiple points
linha fdp!!!!
0.550275,0.2,0.151515,0.269148,0.22093,0.561613,0.909449,0.870.490745,0.077778,0.257576,0.042949,0.244186,0.472531,0.830709,0.791339,0.476378,0.356197,1,0,0,0,0,0,0,0,0,0,0,0,0,0,0,0,0,0,0,0,0,0,0,0,0,0,1,0,0,0,0,0,0,0,0,0,0,0,0,0,0,0,0,0,1
java.lang.NumberFormatException: multiple points
linha fdp!!!!
0.545773,0.163889,0.24240.358679,0.902778,0.30303,0,0.223514,0.085289,0.649606,0.838583,0.732283,0.284957,1,0,0,0,0,0,0,0,0,0,0,0,0,0,0,0,0,0,0,1,0,0,0,0,0,0,0,0,0,0,0,0,0,0,0,0,0,0,0,0,0,0,0,0,20.362181,0.908333,0.333333,0.021475,0.242894,0.081776,0.629921,0.822835,0.732283,0.284679,1,0,0,0,0,0,0,0,0,0,0,0,0,0,0,0,0,0,0,0,0,0,0,0,0,0,0,0,0,0,0,0,1,0,0,0,0,0,0,0,0,0,0,0,2
java.lang.NumberFormatException: multiple points
linha fdp!!!!
0.556778,0.080556,0.090909,0.242663,0.302326,0.58845,0.80.384192,0.933333,0.166667,0.198282,0.198966,0.063791,0.76378,0.885827,0.665354,0.236024,1,0,0,0,0,0,0,0,0,0,0,0,0,0,0,1,0,0,0,0,0,0,0,0,0,0,0,0,0,0,0,0,0,0,0,0,0,0,0,0,0,0,0,0,2
java.lang.NumberFormatException: multiple points
linha fdp!!!!
0.552276,0.861111,0.060606,0.299213,0.27907,0.729942,0.82280.54027,0.891667,0.181818,0.434503,0.26615,0.786989,0.744094,0.897638,0.704724,0.289837,1,0,0,0,0,0,0,0,0,0,0,0,0,0,0,0,0,0,0,0,0,0,0,0,0,0,0,0,0,0,0,0,1,0,0,0,0,0,0,0,0,0,0,0,2
java.lang.NumberFormatException: multiple points
linha fdp!!!!
0.645323,0.988889,0.106061,0.211167,0.232558,0.475481,0.822835,0.897638,0.61811,0.55380.55978,0.683333,0.272727,0.198282,0.303618,0.746241,0.704724,0.988189,0.814961,0.228217,1,0,0,0,0,0,0,0,0,0,0,0,0,0,0,0,0,0,0,0,0,0,0,0,0,0,0,0,0,0,0,0,1,0,0,0,0,0,0,0,0,0,0,0,2
java.lang.NumberFormatException: multiple points
linha fdp!!!!
0.431716,0.05,0.227273,0.042949,0.228682,0.20.481741,0.016667,0.257576,0.088762,0.254522,0.306309,0.775591,0.811024,0.562992,0.405967,1,0,0,0,0,0,0,0,0,0,0,0,0,0,0,0,0,0,0,0,0,0,0,0,0,0,0,0,0,0,0,0,1,0,0,0,0,0,0,0,0,0,0,0,20.481241,0.988889,0.242424,0.09592,0.255814,0.30392,0.759843,0.830709,0.606299,0.408755,1,0,0,0,0,0,0,0,0,0,0,0,0,0,0,0,0,0,0,0,0,0,0,0,0,0,0,0,0,0,0,0,1,0,0,0,0,0,0,0,0,0,0,0,2
java.lang.NumberFormatException: multiple points
linha fdp!!!!
0.570285,0.044444,0.181810.369185,0.197222,0.242424,0.085898,0.223514,0.132359,0.929134,0.818898,0.389764,0.096333,1,0,0,0,0,0,0,0,0,0,0,0,0,0,0,0,0,0,0,0,0,0,0,0,0,1,0,0,0,0,0,0,0,0,0,0,0,0,0,0,0,0,0,0,20.365183,0.188889,0.242424,0.085898,0.21447,0.134467,0.925197,0.811024,0.389764,0.096612,1,0,0,0,0,0,0,0,0,0,0,0,1,0,0,0,0,0,0,0,0,0,0,0,0,0,0,0,0,0,0,0,0,0,0,0,0,0,0,0,0,0,0,0,2
java.lang.NumberFormatException: multiple points
linha fdp!!!!
0.415708,0.227778,0.181818,0.299213,0.317829,0.118168,0.933071,0.862205,0.4370080.562781,0.486111,0.181818,0.077309,0.26615,0.568217,0.889764,0.968504,0.594488,0.134811,1,0,0,0,0,0,0,0,0,0,0,0,0,0,0,0,0,0,0,0,0,0,0,0,0,0,0,0,0,0,0,0,1,0,0,0,0,0,0,0,0,0,0,0,1
java.lang.NumberFormatException: multiple points
linha fdp!!!!
0.562281,0.130556,0.121212,0.2426630.471236,0.919444,0.090909,0.077309,0.244186,0.292258,0.807087,0.913386,0.653543,0.313537,1,0,0,0,0,0,0,0,0,0,0,0,0,0,0,1,0,0,0,0,0,0,0,0,0,0,0,0,0,0,0,0,0,0,0,0,0,0,0,0,0,0,0,0,1
java.lang.NumberFormatException: multiple points
linha fdp!!!!
0.477739,0.127778,0.0.476238,0.811111,0.075758,0.14388,0.235142,0.32036,0.807087,0.940945,0.677165,0.336679,1,0,0,0,0,0,0,0,0,0,0,0,0,0,0,1,0,0,0,0,0,0,0,0,0,0,0,0,0,0,0,0,0,0,0,0,0,0,0,0,0,0,0,0,20.478739,0.797222,0.121212,0.125268,0.241602,0.316847,0.779528,0.944882,0.712598,0.332497,1,0,0,0,0,0,0,0,0,0,0,0,0,0,0,1,0,0,0,0,0,0,0,0,0,0,0,0,0,0,0,0,0,0,0,0,0,0,0,0,0,0,0,0,2
java.lang.NumberFormatException: multiple points
linha fdp!!!!
0.482241,0.897222,0.181818,0.115963,0.277778,0.272025,0.744094,0.893701,0.700787,0.20.513757,0.811111,0.060606,0,0.223514,0.7017,0.814961,0.940945,0.669291,0.195176,1,0,0,0,0,0,0,0,0,0,0,0,0,0,0,0,0,0,0,0,0,0,0,0,0,0,1,0,0,0,0,0,0,0,0,0,0,0,0,0,0,0,0,0,2
java.lang.NumberFormatException: multiple points
linha fdp!!!!
0.574787,0.919444,0.181818,0.030064,0.223514,0.513278,0.748031,0.88189,0.60.622811,0.861111,0.257576,0.425913,0.306202,0.736968,0.673228,0.889764,0.76378,0.109996,1,0,0,0,0,0,0,0,0,0,0,0,0,0,0,0,0,0,0,0,0,0,0,0,0,0,0,0,0,0,0,0,1,0,0,0,0,0,0,0,0,0,0,0,2
java.lang.NumberFormatException: multiple points
linha fdp!!!!
0.625313,0.844444,0.227273,0.440945,0.312661,0.70.546273,0.2,0.181818,0.021475,0.218346,0.519741,0.92126,0.850394,0.440945,0.208839,1,0,0,0,0,0,0,0,0,0,0,0,0,0,0,0,0,0,0,0,0,0,0,0,0,0,1,0,0,0,0,0,0,0,0,0,0,0,0,0,0,0,0,0,2
java.lang.NumberFormatException: multiple points
linha fdp!!!!
0.451720.475238,0.041667,0.075758,0.242663,0.262274,0.324856,0.846457,0.901575,0.590551,0.198383,1,0,0,0,0,0,0,0,0,0,0,0,0,0,0,1,0,0,0,0,0,0,0,0,0,0,0,0,0,0,0,0,0,0,0,0,0,0,0,0,0,0,0,0,2
java.lang.NumberFormatException: multiple points
linha fdp!!!!
0.511256,0.327778,0.166667,0.125268,0.263566,0.405789,0.944882,0.9050.554277,0.280556,0.257576,0.19184,0.329457,0.505269,0.968504,0.84252,0.354331,0.39816,1,0,0,0,0,0,0,0,0,0,0,0,0,0,0,0,0,0,0,0,0,0,0,0,0,0,0,0,0,0,0,0,1,0,0,0,0,0,0,0,0,0,0,0,20.548274,0.255556,0.287879,0.18325,0.313953,0.501335,0.968504,0.814961,0.322835,0.402203,1,0,0,0,0,0,0,0,0,0,0,0,0,0,0,0,0,0,0,0,0,0,0,0,0,0,0,0,0,0,0,0,1,0,0,0,0,0,0,0,0,0,0,0,2
java.lang.NumberFormatException: multiple points
linha fdp!!!!
0.402701,0.313889,0.212121,0.068003,0.204134,0.173809,0.956693,0.885827,0.42510.47924,0.102778,0.136364,0.04796,0.22739,0.185893,0.866142,0.862205,0.527559,0.354384,1,0,0,0,0,0,0,0,0,0,0,0,0,0,0,0,0,0,0,0,0,0,0,0,0,0,0,0,0,0,0,0,1,0,0,0,0,0,0,0,0,0,0,0,1
java.lang.NumberFormatException: multiple points
linha fdp!!!!
0.598299,0.305556,0.106061,0.156049,0.25450.633317,0.322222,0.212121,0.202577,0.293282,0.727835,0.96063,0.889764,0.42126,0.258887,1,0,0,0,0,0,0,0,0,0,0,0,0,0,0,0,0,0,0,0,0,0,0,0,0,0,0,0,0,0,0,0,1,0,0,0,0,0,0,0,0,0,0,0,1
java.lang.NumberFormatException: multiple points
linha fdp!!!!
0.568784,0.188889,0.060606,0.115963,0.2286820.616308,0.7,0.181818,0.064424,0.242894,0.773079,0.759843,0.976378,0.759843,0.377387,1,0,0,0,0,0,0,0,0,0,0,0,0,0,0,0,0,0,0,0,0,0,0,0,0,1,0,0,0,0,0,0,0,0,0,0,0,0,0,0,0,0,0,0,20.61931,0.694444,0.181818,0.085898,0.250646,0.776872,0.76378,0.976378,0.755906,0.376412,1,0,0,0,0,0,0,0,0,0,0,0,0,0,0,0,0,0,0,0,0,0,0,0,0,1,0,0,0,0,0,0,0,0,0,0,0,0,0,0,0,0,0,0,2
java.lang.NumberFormatException: multiple points
linha fdp!!!!
0.601801,0.208333,0.106061,0.060845,0.224806,0.450611,0.897630.638819,0.702778,0.212121,0.154617,0.25969,0.792188,0.740157,0.976378,0.779528,0.429527,1,0,0,0,0,0,0,0,0,0,0,0,0,0,0,0,0,0,0,0,0,0,0,0,0,1,0,0,0,0,0,0,0,0,0,0,0,0,0,0,0,0,0,0,2
java.lang.NumberFormatException: multiple points
linha fdp!!!!
0.636318,0.236111,0.045450.591796,0.983333,0.030303,0.156049,0.249354,0.299986,0.846457,0.925197,0.61811,0.173289,1,0,0,0,0,0,0,0,0,0,0,0,0,0,0,0,0,0,0,0,0,0,0,0,0,0,0,0,0,0,0,0,1,0,0,0,0,0,0,0,0,0,0,0,2
java.lang.NumberFormatException: multiple points
linha fdp!!!!
0.565283,0.233333,0.136364,0.137437,0.25323,0.208655,0.917323,0.880.667834,0.755556,0.075758,0.115963,0.25323,0.820008,0.807087,0.952756,0.688976,0.25359,1,0,0,0,0,0,0,0,0,0,0,0,0,0,0,0,0,0,0,0,0,0,0,0,0,1,0,0,0,0,0,0,0,0,0,0,0,0,0,0,0,0,0,0,2
java.lang.NumberFormatException: multiple points
linha fdp!!!!
0.706353,0.722222,0.1360.56028,0,0.106061,0.042949,0.226098,0.135731,0.826772,0.897638,0.610236,0.310888,1,0,0,0,0,0,0,0,0,0,0,0,0,0,0,0,0,0,0,0,0,0,0,0,0,0,0,0,0,0,0,0,1,0,0,0,0,0,0,0,0,0,0,0,2
java.lang.NumberFormatException: multiple points
linha fdp!!!!
0.60.550775,0.080556,0.121212,0.125268,0.262274,0.096108,0.854331,0.874016,0.551181,0.316186,1,0,0,0,0,0,0,0,0,0,0,0,0,0,0,0,0,0,0,0,0,0,0,0,0,0,0,0,0,0,0,0,1,0,0,0,0,0,0,0,0,0,0,0,2
java.lang.NumberFormatException: multiple points
linha fdp!!!!
0.637319,0.086111,0.227273,0,0.223514,0.704089,0.0.592296,0.155556,0.106061,0.167502,0.275194,0.161023,0.885827,0.889764,0.531496,0.392165,1,0,0,0,0,0,0,0,0,0,0,0,0,0,0,0,0,0,0,0,0,0,0,0,0,0,0,0,0,0,0,0,1,0,0,0,0,0,0,0,0,0,0,0,2
java.lang.NumberFormatException: multiple points
linha fdp!!!!
0.402701,0.0361110.672336,0.125,0.166667,0,0.223514,0.685682,0.877953,0.846457,0.492126,0.02133,1,0,0,0,0,0,0,0,0,0,0,0,0,0,0,0,0,0,0,0,0,0,0,0,0,0,0,0,0,0,0,0,0,0,0,0,0,0,0,0,0,1,0,0,1
java.lang.NumberFormatException: multiple points
linha fdp!!!!
0.569785,0.233333,0.348485,0.151754,0.200258,0.100183,0.9645670.505753,0.088889,0.227273,0.344309,0.377261,0.152311,0.850394,0.811024,0.484252,0.371393,0,0,1,0,0,0,0,0,0,0,0,0,0,0,0,0,0,0,0,0,0,0,0,0,0,0,0,0,0,0,0,0,0,0,0,0,1,0,0,0,0,0,0,0,2
java.lang.NumberFormatException: multiple points
linha fdp!!!!
0.743372,0.625,0.015152,0,0.223510.145573,0.825,0.30303,0.307802,0.414729,0.074751,0.625984,0.901575,0.818898,0.03555,0,0,0,1,0,0,0,0,1,0,0,0,0,0,0,0,0,0,0,0,0,0,0,0,0,0,0,0,0,0,0,0,0,0,0,0,0,0,0,0,0,0,0,0,3
java.lang.NumberFormatException: multiple points
linha fdp!!!!
0.356678,0.866667,0.409091,0.107373,0.313953,0.120.518259,0.497222,0.348485,0.088762,0.28553,0.224814,0.874016,0.972441,0.570866,0.339886,0,0,1,0,0,0,0,0,0,0,0,0,0,0,0,0,1,0,0,0,0,0,0,0,0,0,0,0,0,0,0,0,0,0,0,0,0,0,0,0,0,0,0,0,20.517759,0.483333,0.378788,0.085898,0.284238,0.224392,0.885827,0.956693,0.531496,0.335703,0,0,1,0,0,0,0,0,0,0,0,0,0,0,0,0,1,0,0,0,0,0,0,0,0,0,0,0,0,0,0,0,0,0,0,0,0,0,0,0,0,0,0,0,2
java.lang.NumberFormatException: multiple points
linha fdp!!!!
0.702351,0.072222,0.151515,0,0.223510.463232,0.166667,0.272727,0.04796,0.244186,0.162147,0.909449,0.783465,0.370079,0.303081,0,0,1,0,0,0,0,0,0,0,0,0,0,0,0,0,0,0,0,0,0,0,0,0,0,0,0,0,0,0,0,0,0,0,0,0,1,0,0,0,0,0,0,0,20.45923,0.158333,0.257576,0.030064,0.239018,0.16285,0.905512,0.795276,0.389764,0.299456,0,0,1,0,0,0,0,0,0,0,0,0,0,0,0,0,0,0,0,0,0,0,0,1,0,0,0,0,0,0,0,0,0,0,0,0,0,0,0,0,0,0,0,0,2
java.lang.NumberFormatException: multiple points
linha fdp!!!!
0.325163,0.722222,0.409091,0.030064,0.244186,0.131235,0.574803,0.956690.675838,0.969444,0.227273,0.064424,0.255814,0.241253,0.751969,0.838583,0.629921,0.270877,1,0,0,0,0,0,0,0,0,0,0,0,0,0,0,0,0,0,0,0,0,0,0,0,0,0,0,0,0,0,0,0,1,0,0,0,0,0,0,0,0,0,0,0,10.676338,0.972222,0.227273,0.064424,0.257106,0.239427,0.755906,0.84252,0.625984,0.266834,1,0,0,0,0,0,0,0,0,0,0,0,0,0,0,0,0,0,0,0,0,0,0,0,0,0,0,0,0,0,0,0,1,0,0,0,0,0,0,0,0,0,0,0,1
java.lang.NumberFormatException: multiple points
linha fdp!!!!
0.549275,0.911111,0.272727,0.04796,0.24540.457729,0.908333,0.424242,0.182534,0.255814,0.248841,0.559055,0.771654,0.740157,0.206887,0,0,1,0,0,0,0,0,0,0,0,0,0,0,0,0,1,0,0,0,0,0,0,0,0,0,0,0,0,0,0,0,0,0,0,0,0,0,0,0,0,0,0,0,6
java.lang.NumberFormatException: multiple points
linha fdp!!!!
0.10055,0.919444,0.530303,0.0887620.190095,0.002778,0.30303,0.23121,0.357881,0.16861,0.73622,0.783465,0.570866,0.089502,0,0,0,1,0,0,0,0,0,1,0,0,0,0,0,0,0,0,0,0,0,0,0,0,0,0,0,0,0,0,0,0,0,0,0,0,0,0,0,0,0,0,0,0,30.192596,0.847222,0.257576,0.19184,0.341085,0.162006,0.673228,0.901575,0.775591,0.096333,0,0,0,1,0,0,0,0,0,1,0,0,0,0,0,0,0,0,0,0,0,0,0,0,0,0,0,0,0,0,0,0,0,0,0,0,0,0,0,0,0,0,0,0,3
java.lang.NumberFormatException: multiple points
linha fdp!!!!
0.583792,0.011111,0.272727,0.107373,0.268734,0.016861,0.76378,0.7952760.23962,0.002778,0.318182,0.176807,0.406977,0.113109,0.732283,0.775591,0.566929,0.08295,0,0,0,1,0,0,0,0,0,1,0,0,0,0,0,0,0,0,0,0,0,0,0,0,0,0,0,0,0,0,0,0,0,0,0,0,0,0,0,0,0,0,0,0,60.23912,0.033333,0.348485,0.173228,0.405685,0.115077,0.748031,0.73622,0.5,0.085878,0,0,0,1,0,0,0,0,0,1,0,0,0,0,0,0,0,0,0,0,0,0,0,0,0,0,0,0,0,0,0,0,0,0,0,0,0,0,0,0,0,0,0,0,6
java.lang.NumberFormatException: multiple points
linha fdp!!!!
0.671336,0.341660.509755,0.269444,0.257576,0.304939,0.377261,0.241534,0.964567,0.838583,0.358268,0.138575,0,0,1,0,0,0,0,0,0,0,0,0,0,0,0,0,0,0,0,0,0,0,0,0,0,0,0,0,0,0,0,0,0,0,0,1,0,0,0,0,0,0,0,0,2
java.lang.NumberFormatException: multiple points
linha fdp!!!!
0.163082,0.655556,0.30.587294,0.841667,0.378788,0.375089,0.483204,0.074751,0.555118,0.858268,0.838583,0.153492,1,0,0,0,0,0,0,0,0,0,0,0,0,0,0,0,0,0,0,0,0,0,0,0,0,0,0,0,0,0,0,0,0,1,0,0,0,0,0,0,0,0,0,0,2
java.lang.NumberFormatException: multiple points
linha fdp!!!!
0.498749,0.880556,0.25750.175588,0.263889,0.363636,0.021475,0.236434,0.198539,0.984252,0.779528,0.251969,0.103862,0,0,0,1,0,0,0,1,0,0,0,0,0,0,0,0,0,0,0,0,0,0,0,0,0,0,0,0,0,0,0,0,0,0,0,0,0,0,0,0,0,0,0,0,3
java.lang.NumberFormatException: multiple points
linha fdp!!!!
0.175588,0.958333,0.348485,0.150322,0.317829,0.14922,0.661417,0.775591,0.6417320.591796,0.033333,0.469697,0.150322,0.295866,0.302656,0.681102,0.633858,0.433071,0.568103,1,0,0,0,0,0,0,0,0,0,0,0,0,0,0,0,0,0,0,0,0,0,0,0,0,0,0,0,0,0,0,0,1,0,0,0,0,0,0,0,0,0,0,0,1
java.lang.NumberFormatException: multiple points
linha fdp!!!!
0.301151,0.994444,0.212121,0.339298,0.521964,0.140368,0.0.203102,0.647222,0.242424,0.04796,0.255814,0.233244,0.759843,0.992126,0.767717,0.134114,0,0,0,1,0,1,0,0,0,0,0,0,0,0,0,0,0,0,0,0,0,0,0,0,0,0,0,0,0,0,0,0,0,0,0,0,0,0,0,0,0,0,0,0,6
java.lang.NumberFormatException: multiple points
linha fdp!!!!
0.577780.285143,0.036111,0.166667,0.231926,0.379845,0.052831,0.826772,0.858268,0.570866,0.047679,0,0,0,1,0,0,0,0,0,0,0,0,0,1,0,0,0,0,0,0,0,0,0,0,0,0,0,0,0,0,0,0,0,0,0,0,0,0,0,0,0,0,0,0,3
java.lang.NumberFormatException: multiple points
linha fdp!!!!
0.55978,0.933333,0.166667,0.212598,0.297158,0.178868,0.76378,0.885827,0.0.315658,0.497222,0.287879,0.380816,0.529716,0.131938,0.88189,0.976378,0.57874,0.094382,0,0,0,1,0,1,0,0,0,0,0,0,0,0,0,0,0,0,0,0,0,0,0,0,0,0,0,0,0,0,0,0,0,0,0,0,0,0,0,0,0,0,0,0,60.313657,0.422222,0.363636,0.360057,0.524548,0.128144,0.948819,0.917323,0.42126,0.095358,0,0,0,1,0,1,0,0,0,0,0,0,0,0,0,0,0,0,0,0,0,0,0,0,0,0,0,0,0,0,0,0,0,0,0,0,0,0,0,0,0,0,0,0,3
java.lang.NumberFormatException: multiple points
linha fdp!!!!
0.537269,0.416667,0.136364,0.021475,0.220.255628,0.044444,0.287879,0.10952,0.342377,0.17409,0.787402,0.771654,0.503937,0.155305,0,0,0,1,0,0,0,0,0,0,0,0,0,0,1,0,0,0,0,0,0,0,0,0,0,0,0,0,0,0,0,0,0,0,0,0,0,0,0,0,0,0,0,0,60.252126,0.113889,0.378788,0.088762,0.326873,0.174652,0.84252,0.692913,0.330709,0.158929,0,0,0,1,0,0,0,0,0,0,0,0,0,0,1,0,0,0,0,0,0,0,0,0,0,0,0,0,0,0,0,0,0,0,0,0,0,0,0,0,0,0,0,0,6
java.lang.NumberFormatException: multiple points
linha fdp!!!!
0.670335,0.20.54077,0.808333,0.106061,0.215462,0.22739,0.222987,0.783465,0.940945,0.704724,0.026767,0,0,1,0,0,0,0,0,0,0,0,0,0,0,0,0,0,0,0,0,0,0,0,0,0,0,1,0,0,0,0,0,0,0,0,0,0,0,0,0,0,0,0,0,2
java.lang.NumberFormatException: multiple points
linha fdp!!!!
0.5998,0.888889,0.409091,0.107373,0.26610.727864,0.3,0.439394,0.219041,0.373385,0.246733,1,0.759843,0.177165,0.411404,1,0,0,0,0,0,0,0,0,0,0,0,0,0,0,0,0,0,0,0,0,0,0,0,0,0,0,0,0,0,0,0,0,0,0,0,0,0,0,0,0,0,1,0,10.72086,0.308333,0.393939,0.211167,0.355297,0.242658,1,0.791339,0.224409,0.407361,1,0,0,0,0,0,0,0,0,0,0,0,0,0,0,0,0,0,0,0,0,0,0,0,0,0,0,0,0,0,0,0,0,0,0,0,0,0,0,0,0,0,1,0,1
java.lang.NumberFormatException: multiple points
linha fdp!!!!
0.434217,0.094444,0.136364,0.258411,0.270026,0.034003,0.862205,0.870070.46073,0.522222,0.19697,0.212598,0.28553,0.012646,0.870079,0.980315,0.625984,0.2844,0,0,1,0,0,0,0,0,0,0,0,0,0,1,0,0,0,0,0,0,0,0,0,0,0,0,0,0,0,0,0,0,0,0,0,0,0,0,0,0,0,0,0,0,2
java.lang.NumberFormatException: multiple points
linha fdp!!!!
0.647320.765883,0.827778,0.424242,0.030064,0.242894,0.47506,0.515748,0.858268,0.870079,0.210093,1,0,0,0,0,0,0,0,0,0,0,0,0,0,0,0,0,0,0,0,0,0,0,0,0,0,0,0,0,0,0,0,0,0,0,0,0,0,0,0,0,0,1,0,1
java.lang.NumberFormatException: multiple points
linha fdp!!!!
0.761881,0.847222,0.5,0.085898,0.263566,0.492202,0.437008,0.791339,0.866140.690845,0.072222,0.363636,0.125268,0.307494,0.596178,0.795276,0.712598,0.417323,0.194898,1,0,0,0,0,0,0,0,0,0,0,0,0,0,0,0,0,0,0,0,0,0,0,0,0,0,0,0,0,0,0,0,0,0,0,0,0,0,0,0,0,1,0,0,70.687844,0.066667,0.348485,0.107373,0.295866,0.592384,0.795276,0.728346,0.440945,0.193364,1,0,0,0,0,0,0,0,0,0,0,0,0,0,0,0,0,0,0,0,0,0,0,0,0,0,0,0,0,0,0,0,0,0,0,0,0,0,0,0,0,1,0,0,7
java.lang.NumberFormatException: multiple points
linha fdp!!!!
0.55978,0.155556,0.19697,0.347173,0.273902,0.325418,0.897630.584292,0.094444,0.151515,0,0.223514,0.375299,0.862205,0.858268,0.527559,0.297923,0,0,1,0,0,0,0,0,0,0,0,0,0,0,0,0,0,0,0,0,0,0,0,0,0,0,1,0,0,0,0,0,0,0,0,0,0,0,0,0,0,0,0,0,1
java.lang.NumberFormatException: multiple points
linha fdp!!!!
0.726363,0.2,0.242424,0.04796,0.257100.553277,0.022222,0.212121,0.042949,0.22739,0.308697,0.799213,0.834646,0.570866,0.376412,0,0,1,0,0,0,0,0,0,0,0,0,0,0,0,0,0,0,0,0,0,0,0,0,0,0,0,0,0,0,0,0,0,0,0,1,0,0,0,0,0,0,0,0,2
java.lang.NumberFormatException: multiple points
linha fdp!!!!
0.436218,0.216667,0.439394,0.171797,0.346250.68034,0.016667,0.075758,0.658554,0.268734,0.183645,0.84252,0.905512,0.606299,0.326223,0,0,1,0,0,0,0,0,0,0,0,0,0,0,0,0,0,0,0,0,0,0,0,0,0,0,0,0,0,0,0,0,0,0,0,1,0,0,0,0,0,0,0,0,1
java.lang.NumberFormatException: multiple points
linha fdp!!!!
0.3992,0.516667,0.257576,0.060845,0.271318,0.277364,0.866142,0.984252,0.0.793397,0.608333,0.151515,0.622763,0.290698,0.484614,0.822835,0.984252,0.69685,0.050467,0,0,1,0,0,0,0,0,0,0,0,0,0,0,0,0,0,0,0,0,0,0,0,0,0,0,0,0,0,0,0,0,0,0,0,0,0,0,0,0,0,1,0,0,1
java.lang.NumberFormatException: multiple points
linha fdp!!!!
0.666833,0.255556,0.287879,0.085898,0.240.711356,0.247222,0.30303,0.151754,0.28553,0.286497,0.968504,0.799213,0.30315,0.189321,1,0,0,0,0,0,0,0,0,0,0,0,0,0,0,0,0,0,0,0,0,0,0,0,0,0,0,0,0,0,0,0,0,0,0,0,0,0,0,0,0,0,1,0,70.70085,0.252778,0.242424,0.10952,0.258398,0.27905,0.956693,0.84252,0.38189,0.195176,1,0,0,0,0,0,0,0,0,0,0,0,0,0,0,0,0,0,0,0,0,0,0,0,0,0,1,0,0,0,0,0,0,0,0,0,0,0,0,0,0,0,0,0,7
java.lang.NumberFormatException: multiple points
linha fdp!!!!
0.567284,0.447222,0.227273,0.468862,0.282946,0.407335,0.92120.569285,0.572222,0.212121,0.618468,0.478036,0.387944,0.826772,0.992126,0.685039,0.202983,0,0,1,0,0,0,0,0,0,0,0,0,0,0,0,0,0,0,0,0,0,0,0,0,0,0,0,0,0,0,0,0,0,0,0,0,1,0,0,0,0,0,0,0,20.570785,0.547222,0.242424,0.626342,0.481912,0.387804,0.84252,0.992126,0.661417,0.200892,0,0,1,0,0,0,0,0,0,0,0,0,0,0,0,0,0,0,0,0,0,0,0,0,0,0,0,0,0,0,0,0,0,0,0,0,1,0,0,0,0,0,0,0,2
java.lang.NumberFormatException: multiple points
linha fdp!!!!
0.561281,0.588889,0.212121,0.626342,0.457364,0.373612,0.814961,0.996063,0.700787,0.200470.678339,0.669444,0.075758,0.292054,0.29199,0.109456,0.830709,0.96063,0.673228,0.041824,0,0,1,0,0,0,0,0,0,0,0,0,0,0,0,0,0,0,0,0,0,0,0,0,0,0,1,0,0,0,0,0,0,0,0,0,0,0,0,0,0,0,0,0,10.67934,0.486111,0.045455,0.299213,0.286822,0.108332,0.870079,0.944882,0.614173,0.041963,0,0,1,0,0,0,0,0,0,0,0,0,0,0,0,0,0,0,0,0,0,0,0,0,0,0,1,0,0,0,0,0,0,0,0,0,0,0,0,0,0,0,0,0,1
java.lang.NumberFormatException: multiple points
linha fdp!!!!
0.688844,0.116667,0.257576,0.556908,0.452196,0.0.706353,0.5,0.454545,0.292054,0.427649,0.408599,0.850394,0.952756,0.543307,0.11139,0,0,1,0,0,0,0,0,0,0,0,0,0,0,0,0,0,0,0,0,0,0,0,0,0,0,0,0,0,0,0,0,0,0,0,0,1,0,0,0,0,0,0,0,1
java.lang.NumberFormatException: multiple points
linha fdp!!!!
0.42071,0.005556,0.242424,0.23121,0.343669,0.213292,0.767717,0.814961,0.57874,0.0.6003,0.75,0.121212,0.451682,0.357881,0.396375,0.787402,0.956693,0.716535,0.159766,0,0,1,0,0,0,0,0,0,0,0,0,0,0,0,0,0,0,0,0,0,0,0,0,0,0,0,0,0,0,0,0,0,0,0,1,0,0,0,0,0,0,0,0,1
java.lang.NumberFormatException: multiple points
linha fdp!!!!
0.6008,0.461111,0.166667,0.215462,0.173127,0.094281,0.901570.594797,0.166667,0.287879,0.395848,0.301034,0.130673,0.909449,0.771654,0.350394,0.146661,0,0,1,0,0,0,0,0,0,0,0,0,0,0,0,0,0,0,0,0,0,0,0,0,0,0,0,0,0,0,0,0,0,0,0,0,1,0,0,0,0,0,0,0,20.591296,0.166667,0.30303,0.394417,0.521964,0.130673,0.913386,0.771654,0.350394,0.142479,0,0,1,0,0,0,0,0,0,0,0,0,0,0,0,0,0,0,0,0,0,0,0,0,0,0,0,0,0,0,0,0,0,0,0,0,1,0,0,0,0,0,0,0,2
java.lang.NumberFormatException: multiple points
linha fdp!!!!
0.62081,0.169444,0.227273,0.310.576788,0.958333,0.075758,0.088762,0.215762,0.105381,0.830709,0.913386,0.629921,0.215252,0,1,0,0,0,0,0,0,0,0,0,0,0,0,0,0,0,0,0,0,0,0,0,0,0,0,1,0,0,0,0,0,0,0,0,0,0,0,0,0,0,0,0,0,1
java.lang.NumberFormatException: multiple points
linha fdp!!!!
0.531766,0.575,0.19697,0.085898,0.28553,0.187158,0.830709,0.992126,0.68500.564282,0.191667,0.242424,0.289191,0.297158,0.038921,0.925197,0.814961,0.389764,0.0948,0,0,1,0,0,0,0,0,0,0,0,0,0,0,0,0,0,0,0,0,0,0,0,0,0,1,0,0,0,0,0,0,0,0,0,0,0,0,0,0,0,0,0,0,1
java.lang.NumberFormatException: multiple points
linha fdp!!!!
0.5917960.666333,0.077778,0.242424,0.064424,0.249354,0.128425,0.834646,0.80315,0.488189,0.33891,1,0,0,0,0,0,0,0,0,0,0,0,0,0,0,0,0,0,0,0,0,0,0,0,0,0,1,0,0,0,0,0,0,0,0,0,0,0,0,0,0,0,0,0,1
java.lang.NumberFormatException: multiple points
linha fdp!!!!
0.536768,0.169444,0.151515,0.482462,0.3165370.682841,0.986111,0.181818,0.194703,0.275194,0.021076,0.791339,0.862205,0.614173,0.247177,0,1,0,0,0,0,0,0,0,0,0,0,0,0,0,0,0,0,0,0,0,0,0,0,0,0,1,0,0,0,0,0,0,0,0,0,0,0,0,0,0,0,0,0,1
java.lang.NumberFormatException: multiple points
linha fdp!!!!
0.669835,0.175,0.227273,0.042949,0.218346,0.244766,0.913386,0.8220.571786,0.125,0.181818,0.508948,0.361757,0.173809,0.877953,0.84252,0.484252,0.261955,0,0,1,0,0,0,0,0,0,0,0,0,0,0,0,0,0,0,0,0,0,0,0,0,0,0,0,0,0,0,0,0,0,0,0,0,1,0,0,0,0,0,0,0,1
java.lang.NumberFormatException: multiple points
linha fdp!!!!
0.68034,0.197222,0.212121,0.107373,0.267442,0.19334,0.925197,0.83850.564782,0.797222,0.287879,0.04796,0.242894,0.393284,0.641732,0.925197,0.830709,0.255681,0,0,1,0,0,0,0,0,0,0,0,0,0,0,0,0,0,0,0,0,0,0,0,0,0,1,0,0,0,0,0,0,0,0,0,0,0,0,0,0,0,0,0,0,1
java.lang.NumberFormatException: multiple points
linha fdp!!!!
0.690345,0.983333,0.227273,0.042949,0.236434,0.171983,0.0.664832,0.658333,0.272727,0.471009,0.334625,0.48054,0.732283,0.996063,0.791339,0.164366,0,0,1,0,0,0,0,0,0,0,0,0,0,0,0,0,1,0,0,0,0,0,0,0,0,0,0,0,0,0,0,0,0,0,0,0,0,0,0,0,0,0,0,0,1
java.lang.NumberFormatException: multiple points
linha fdp!!!!
0.662331,0.302770.746873,0.244444,0.242424,0.202577,0.280362,0.237319,0.952756,0.830709,0.366142,0.444723,0,1,0,0,0,0,0,0,0,0,0,0,0,0,0,0,0,0,0,0,0,0,0,0,0,0,0,0,0,0,0,0,0,0,0,0,0,0,0,0,0,1,0,0,1
java.lang.NumberFormatException: multiple points
linha fdp!!!!
0.75938,0.516667,0.272727,0.156049,0.264858,0.330898,0.860.690345,0.383333,0.393939,0.14388,0.111111,0.073767,0.980315,0.866142,0.318898,0.515963,0,1,0,0,0,0,0,0,0,0,0,0,0,0,0,0,0,0,0,0,0,0,0,0,0,0,0,0,1,0,0,0,0,0,0,0,0,0,0,0,0,0,0,0,20.684842,0.366667,0.424242,0.163207,0.091731,0.071519,0.988189,0.834646,0.267717,0.512059,0,1,0,0,0,0,0,0,0,0,0,0,0,0,0,0,0,0,0,0,0,0,0,0,0,0,0,0,1,0,0,0,0,0,0,0,0,0,0,0,0,0,0,0,2
java.lang.NumberFormatException: multiple points
linha fdp!!!!
0.365183,0.625,0.515152,0.182534,0.337209,0.184769,0.602362,0.90.410705,0.041667,0.318182,0.269148,0.232558,0.269777,0.775591,0.755906,0.496063,0.306706,0,0,1,0,0,0,0,0,0,0,0,0,0,0,0,0,0,0,0,0,0,0,0,0,0,0,0,1,0,0,0,0,0,0,0,0,0,0,0,0,0,0,0,0,20.409705,0.094444,0.363636,0.258411,0.251938,0.265561,0.822835,0.708661,0.377953,0.306287,0,0,1,0,0,0,0,0,0,0,0,0,0,0,0,0,0,0,0,0,0,0,0,0,0,0,0,1,0,0,0,0,0,0,0,0,0,0,0,0,0,0,0,0,2
java.lang.NumberFormatException: multiple points
linha fdp!!!!
0.443722,0.563889,0.439394,0.121689,0.313953,0.360826,0.755906,0.988189,0.69685,0.0.321661,0.305556,0.075758,0,0.223514,0.233385,0.897638,0.92126,0.551181,0.073052,0,0,1,0,0,0,0,0,0,0,0,0,0,1,0,0,0,0,0,0,0,0,0,0,0,0,0,0,0,0,0,0,0,0,0,0,0,0,0,0,0,0,0,0,60.32016,0.452778,0.19697,0,0.223514,0.22931,0.913386,0.956693,0.551181,0.071518,0,0,1,0,0,0,0,1,0,0,0,0,0,0,0,0,0,0,0,0,0,0,0,0,0,0,0,0,0,0,0,0,0,0,0,0,0,0,0,0,0,0,0,0,3
java.lang.NumberFormatException: multiple points
BYTES READ -1
learning evaluation instances,Wall Time (Actual Time),Avg Delay (ms),outRate (inst/s),classified instances,classifications correct (percent),Kappa Statistic (percent),Kappa Temporal Statistic (percent),Kappa M Statistic (percent),F1 Score (percent),F1 Score for class 0 (percent),F1 Score for class 1 (percent),F1 Score for class 2 (percent),F1 Score for class 3 (percent),F1 Score for class 4 (percent),F1 Score for class 5 (percent),F1 Score for class 6 (percent),Precision (percent),Precision for class 0 (percent),Precision for class 1 (percent),Precision for class 2 (percent),Precision for class 3 (percent),Precision for class 4 (percent),Precision for class 5 (percent),Precision for class 6 (percent),Recall (percent),Recall for class 0 (percent),Recall for class 1 (percent),Recall for class 2 (percent),Recall for class 3 (percent),Recall for class 4 (percent),Recall for class 5 (percent),Recall for class 6 (percent),model training instances,model serialized size (bytes),ensemble size,[avg] model training instances,[err] model training instances,[avg] model serialized size (bytes),[err] model serialized size (bytes),[avg] tree size (nodes),[err] tree size (nodes),[avg] tree size (leaves),[err] tree size (leaves),[avg] active learning leaves,[err] active learning leaves,[avg] tree depth,[err] tree depth,[avg] active leaf byte size estimate,[err] active leaf byte size estimate,[avg] inactive leaf byte size estimate,[err] inactive leaf byte size estimate,[avg] byte size estimate overhead,[err] byte size estimate overhead
80000.0,482.45599365234375,6568.0,165.8182373046875,78000.0,71.03076923076924,50.905889606403896,-562.4450307827615,42.30415687876622,41.65603591399241,2.4096385542168672,68.47261170312208,77.86996638294829,69.5733011062564,15.50387596899225,4.587155963302752,14.988131570023738,50.3948071693639,1.694915254237288,71.08531946277463,72.49622658261565,65.9615723603032,45.45454545454545,46.2962962962963,49.77477477477478,35.50009915259307,4.166666666666666,66.04515291402193,84.10413555132101,73.60346184107003,9.345794392523365,2.413127413127413,8.822355289421157,0.0,1.0,25.0,107431.44,60038.876539899815,1.0,0.0,18.32,12.970222305984839,8.680000000000001,7.087077441842065,8.680000000000001,7.087077441842065,4.239999999999999,3.0859898466024367,0.0,0.0,0.0,0.0,1.0,0.0
