Connected!
linha fdp!!!!
0.494247,0.163889,0.19697,0.322119,0.333333,0.486581,0.905512,0.830709,0.440.388194,0.352778,0.181818,0.030064,0.232558,0.192497,0.944882,0.913386,0.472441,0.739021,1,0,0,0,0,0,0,0,0,0,0,0,0,0,0,0,0,0,0,0,0,0,0,0,0,0,0,0,0,0,0,0,1,0,0,0,0,0,0,0,0,0,0,0,2
java.lang.NumberFormatException: multiple points
linha fdp!!!!
0.49925,0.783333,0.272727,0.307802,0.307494,0.584094,0.661417,0.937008,0.8220.618809,0.3,0.030303,0.042949,0.236434,0.965154,0.877953,0.929134,0.586614,0.391607,1,0,0,0,0,0,0,0,0,0,0,0,0,0,0,0,0,0,0,0,0,0,0,0,0,0,0,0,0,0,0,0,1,0,0,0,0,0,0,0,0,0,0,0,20.615808,0.405556,0.106061,0.04796,0.232558,0.966699,0.905512,0.940945,0.559055,0.395232,1,0,0,0,0,0,0,0,0,0,0,0,0,0,0,0,0,0,0,0,0,0,0,0,0,0,0,0,0,0,0,0,1,0,0,0,0,0,0,0,0,0,0,0,2
java.lang.NumberFormatException: multiple points
linha fdp!!!!
0.38069,0.30.32016,0.225,0.106061,0.221188,0.231266,0.142195,0.905512,0.893701,0.507874,0.577164,1,0,0,0,0,0,0,0,0,0,0,0,0,0,0,0,0,0,0,0,0,1,0,0,0,0,0,0,0,0,0,0,0,0,0,0,0,0,0,0,0,0,0,0,2
java.lang.NumberFormatException: multiple points
linha fdp!!!!
0.591296,0.580556,0.181818,0.298497,0.295866,0.809751,0.80.628814,0.466667,0.272727,0.107373,0.26615,0.872137,0.909449,0.96063,0.53937,0.31284,1,0,0,0,0,0,0,0,0,0,0,0,0,0,0,0,0,0,0,0,0,0,0,0,0,0,0,0,0,0,0,0,1,0,0,0,0,0,0,0,0,0,0,0,1
java.lang.NumberFormatException: multiple points
linha fdp!!!!
0.523762,0.908333,0.30303,0.060845,0.270026,0.869186,0.653543,0.834646,0.7240.563282,0.472222,0.136364,0.258411,0.299742,0.768723,0.893701,0.96063,0.586614,0.459501,1,0,0,0,0,0,0,0,0,0,0,0,0,0,0,0,0,0,0,0,0,0,0,0,0,0,0,0,0,0,0,0,1,0,0,0,0,0,0,0,0,0,0,0,2
java.lang.NumberFormatException: multiple points
linha fdp!!!!
0.452226,0.047222,0.075758,0,0.223514,0.430097,0.850394,0.901575,0.594488,0.684370.556778,0.463889,0.181818,0.292054,0.299742,0.775186,0.905512,0.96063,0.570866,0.497003,1,0,0,0,0,0,0,0,0,0,0,0,0,0,0,0,0,0,0,0,0,0,0,0,0,0,0,0,0,0,0,0,1,0,0,0,0,0,0,0,0,0,0,0,2
java.lang.NumberFormatException: multiple points
linha fdp!!!!
0.533767,0.860.543272,0.486111,0.136364,0.151754,0.257106,0.744836,0.885827,0.964567,0.602362,0.515405,1,0,0,0,0,0,0,0,0,0,0,0,0,0,0,0,0,0,0,0,0,0,0,0,0,0,0,0,0,0,0,0,1,0,0,0,0,0,0,0,0,0,0,0,2
java.lang.NumberFormatException: multiple points
linha fdp!!!!
0.382691,0.1190.548274,0.372222,0.212121,0.125268,0.270026,0.668681,0.952756,0.913386,0.46063,0.887634,1,0,0,0,0,0,0,0,0,0,0,0,0,0,0,0,0,0,0,0,0,0,0,0,0,0,0,0,0,0,0,0,1,0,0,0,0,0,0,0,0,0,0,0,20.546773,0.336111,0.272727,0.107373,0.26615,0.665449,0.972441,0.877953,0.385827,0.88387,1,0,0,0,0,0,0,0,0,0,0,0,0,0,0,0,0,0,0,0,0,0,0,0,0,0,0,0,0,0,0,0,1,0,0,0,0,0,0,0,0,0,0,0,2
java.lang.NumberFormatException: multiple points
linha fdp!!!!
0.444222,0.2,0.272727,0.064424,0.250.545273,0.361111,0.166667,0.10952,0.30491,0.804552,0.937008,0.92126,0.492126,0.665551,1,0,0,0,0,0,0,0,0,0,0,0,0,0,0,0,0,0,0,0,0,0,0,0,0,0,0,0,0,0,0,0,0,1,0,0,0,0,0,0,0,0,0,0,20.54027,0.213889,0.30303,0.088762,0.286822,0.807082,0.948819,0.779528,0.311024,0.668618,1,0,0,0,0,0,0,0,0,0,0,0,0,0,0,0,0,0,0,0,0,0,0,0,0,0,0,0,0,0,0,0,0,1,0,0,0,0,0,0,0,0,0,0,2
java.lang.NumberFormatException: multiple points
linha fdp!!!!
0.527264,0.361111,0.181818,0.10.625313,0.091667,0.242424,0.541875,0.472868,0.60784,0.846457,0.807087,0.476378,0.543566,1,0,0,0,0,0,0,0,0,0,0,0,0,0,0,0,0,0,0,0,0,0,0,0,0,0,0,0,0,0,0,0,1,0,0,0,0,0,0,0,0,0,0,0,1
java.lang.NumberFormatException: multiple points
linha fdp!!!!
0.543272,0.352778,0.136364,0.064424,0.22739,0.595897,0.929134,0.92126,0.507870.587794,0.05,0.030303,0.395132,0.303618,0.778277,0.854331,0.92126,0.606299,0.902412,1,0,0,0,0,0,0,0,0,0,0,0,0,0,0,1,0,0,0,0,0,0,0,0,0,0,0,0,0,0,0,0,0,0,0,0,0,0,0,0,0,0,0,0,20.587794,0.172222,0.121212,0.375089,0.303618,0.774203,0.893701,0.877953,0.511811,0.900739,1,0,0,0,0,0,0,0,0,0,0,0,0,0,0,1,0,0,0,0,0,0,0,0,0,0,0,0,0,0,0,0,0,0,0,0,0,0,0,0,0,0,0,0,2
java.lang.NumberFormatException: multiple points
linha fdp!!!!
0.566283,0.275,0.242424,0.228346,0.337209,0.618510.646823,0.836111,0.060606,0.27917,0.198966,0.55262,0.818898,0.937008,0.661417,0.628468,1,0,0,0,0,0,0,0,0,0,0,0,0,0,0,0,0,0,0,0,0,0,0,0,0,0,1,0,0,0,0,0,0,0,0,0,0,0,0,0,0,0,0,0,1
java.lang.NumberFormatException: multiple points
linha fdp!!!!
0.535268,0.688889,0.242424,0.287759,0.2700.350675,0.122222,0.272727,0.064424,0.23385,0.106084,0.870079,0.775591,0.409449,0.104559,1,0,0,0,0,0,0,0,0,0,0,0,0,0,0,0,0,0,0,0,0,0,0,0,0,0,1,0,0,0,0,0,0,0,0,0,0,0,0,0,0,0,0,0,2
java.lang.NumberFormatException: multiple points
linha fdp!!!!
0.568284,0.052778,0.136364,0.250537,0.236434,0.723338,0.84250.476238,0.508333,0.075758,0.115963,0.249354,0.344387,0.870079,0.956693,0.61811,0.328733,1,0,0,0,0,0,0,0,0,0,0,0,0,0,0,1,0,0,0,0,0,0,0,0,0,0,0,0,0,0,0,0,0,0,0,0,0,0,0,0,0,0,0,0,20.475238,0.458333,0.075758,0.10952,0.24677,0.341717,0.88189,0.948819,0.598425,0.32469,1,0,0,0,0,0,0,0,0,0,0,0,0,0,0,1,0,0,0,0,0,0,0,0,0,0,0,0,0,0,0,0,0,0,0,0,0,0,0,0,0,0,0,0,2
java.lang.NumberFormatException: multiple points
linha fdp!!!!
0.44620.586293,0.344444,0.106061,0.347173,0.258398,0.77631,0.913386,0.925197,0.535433,0.561829,1,0,0,0,0,0,0,0,0,0,0,0,0,0,0,0,0,0,0,0,0,0,0,0,0,0,0,0,0,0,0,0,1,0,0,0,0,0,0,0,0,0,0,0,1
java.lang.NumberFormatException: multiple points
linha fdp!!!!
0.390195,0.966667,0.151515,0.137437,0.3087860.371686,0.219444,0.121212,0,0.223514,0.227905,0.909449,0.889764,0.503937,0.175101,1,0,0,0,0,0,0,0,0,0,0,0,0,0,0,0,0,0,0,1,0,0,0,0,0,0,0,0,0,0,0,0,0,0,0,0,0,0,0,0,0,0,0,0,2
java.lang.NumberFormatException: multiple points
linha fdp!!!!
0.452726,0.952778,0.1360.457729,0.086111,0.227273,0.19184,0.290698,0.345792,0.846457,0.814961,0.492126,0.33877,1,0,0,0,0,0,0,0,0,0,0,0,0,0,0,0,0,0,0,0,0,0,0,0,0,0,0,0,0,0,0,0,1,0,0,0,0,0,0,0,0,0,0,0,2
java.lang.NumberFormatException: multiple points
linha fdp!!!!
0.561281,0.45,0.075758,0.27917,0.20155,0.691584,0.88189,0.90.405203,0.286111,0.227273,0.193271,0.219638,0.105381,0.96063,0.866142,0.397638,0.243552,1,0,0,0,0,0,0,0,0,0,0,0,0,0,0,0,0,0,0,0,0,0,0,0,0,0,0,0,0,0,0,0,0,1,0,0,0,0,0,0,0,0,0,0,2
java.lang.NumberFormatException: multiple points
linha fdp!!!!
0.563782,0.941667,0.242424,0.163207,0.316537,0.641,0.7244090.537769,0.861111,0.166667,0.068003,0.237726,0.679219,0.744094,0.913386,0.720472,0.302942,1,0,0,0,0,0,0,0,0,0,0,0,0,0,0,0,0,0,0,0,0,0,0,0,0,0,0,0,0,0,0,0,1,0,0,0,0,0,0,0,0,0,0,0,2
java.lang.NumberFormatException: multiple points
linha fdp!!!!
0.463232,0.383333,0.1818180.388194,0.108333,0.378788,0,0.223514,0.193059,0.834646,0.692913,0.34252,0.355779,1,0,0,0,0,0,0,0,0,0,0,0,0,0,0,0,0,0,0,0,0,0,0,0,0,0,0,0,0,0,0,0,1,0,0,0,0,0,0,0,0,0,0,0,20.383692,0.038889,0.348485,0.021475,0.223514,0.189406,0.755906,0.73622,0.488189,0.354524,1,0,0,0,0,0,0,0,0,0,0,0,0,0,0,0,0,0,0,0,0,0,0,0,0,0,0,0,0,0,0,0,1,0,0,0,0,0,0,0,0,0,0,0,2
java.lang.NumberFormatException: multiple points
linha fdp!!!!
0.444222,0.238889,0.318182,0.090.441721,0.5,0.212121,0.021475,0.22739,0.509063,0.885827,0.976378,0.602362,0.18235,1,0,0,0,0,0,0,0,0,0,0,0,0,0,0,0,0,0,0,0,0,0,0,0,0,0,1,0,0,0,0,0,0,0,0,0,0,0,0,0,0,0,0,0,1
java.lang.NumberFormatException: multiple points
linha fdp!!!!
0.374187,0.125,0.075758,0.042949,0.218346,0.105381,0.874010.648324,0.025,0.075758,0.299213,0.24031,0.472812,0.846457,0.905512,0.602362,0.546215,1,0,0,0,0,0,0,0,0,0,0,0,0,0,0,0,0,0,0,0,0,0,0,0,0,0,0,0,0,0,0,0,1,0,0,0,0,0,0,0,0,0,0,0,1
java.lang.NumberFormatException: multiple points
linha fdp!!!!
0.571286,0.472222,0.166667,0.279885,0.333333,0.76254,0.897638,0.964567,0.58260.415708,0.227778,0.333333,0.107373,0.288114,0.162287,0.96063,0.767717,0.275591,0.289976,1,0,0,0,0,0,0,0,0,0,0,0,0,0,0,0,0,0,0,0,0,0,0,0,0,0,0,0,0,0,0,0,1,0,0,0,0,0,0,0,0,0,0,0,2
java.lang.NumberFormatException: multiple points
linha fdp!!!!
0.427214,0.0940.646823,0.472222,0.212121,0.064424,0.249354,0.438527,0.905512,0.964567,0.562992,0.468423,1,0,0,0,0,0,0,0,0,0,0,0,0,0,0,0,0,0,0,0,0,0,0,0,0,0,0,0,0,0,0,0,0,0,0,0,0,0,0,0,0,0,1,0,1
java.lang.NumberFormatException: multiple points
linha fdp!!!!
0.52076,0.444444,0.121212,0.021475,0.22093,0.655192,0.897638,0.9520.510255,0.977778,0.106061,0.021475,0.222222,0.750457,0.818898,0.901575,0.622047,0.138993,1,0,0,0,0,0,0,0,0,0,0,0,0,0,0,0,0,0,0,0,0,0,0,1,0,0,0,0,0,0,0,0,0,0,0,0,0,0,0,0,0,0,0,0,2
java.lang.NumberFormatException: multiple points
linha fdp!!!!
0.44120.502251,0.111111,0.181818,0.214746,0.344961,0.376001,0.870079,0.84252,0.496063,0.383103,1,0,0,0,0,0,0,0,0,0,0,0,0,0,0,1,0,0,0,0,0,0,0,0,0,0,0,0,0,0,0,0,0,0,0,0,0,0,0,0,0,0,0,0,2
java.lang.NumberFormatException: multiple points
linha fdp!!!!
0.50.574787,0.958333,0.075758,0,0.223514,0.554166,0.830709,0.913386,0.629921,0.16827,1,0,0,0,0,0,0,0,0,0,0,0,0,0,0,0,0,0,0,0,0,0,0,0,0,0,0,0,0,0,0,0,0,1,0,0,0,0,0,0,0,0,0,0,2
java.lang.NumberFormatException: multiple points
linha fdp!!!!
0.5317660.487244,0.35,0.257576,0.214746,0.277778,0.366728,0.968504,0.889764,0.405512,0.242576,1,0,0,0,0,0,0,0,0,0,0,0,0,0,0,0,0,0,0,0,0,0,0,0,0,0,0,0,0,0,0,0,1,0,0,0,0,0,0,0,0,0,0,0,2
java.lang.NumberFormatException: multiple points
linha fdp!!!!
0.591296,0.158333,0.075758,0.45884,0.3470.582291,0.233333,0.181818,0.298497,0.324289,0.599269,0.933071,0.862205,0.437008,0.248989,1,0,0,0,0,0,0,0,0,0,0,0,0,0,0,0,0,0,0,0,0,0,0,0,0,0,0,0,0,0,0,0,1,0,0,0,0,0,0,0,0,0,0,0,2
java.lang.NumberFormatException: multiple points
linha fdp!!!!
0.607304,0,0.00.510255,0.769444,0.151515,0.090909,0.250646,0.488549,0.755906,0.952756,0.744094,0.387564,1,0,0,0,0,0,0,0,0,0,0,0,0,0,0,0,0,0,0,0,0,0,0,0,0,0,1,0,0,0,0,0,0,0,0,0,0,0,0,0,0,0,0,0,10.511756,0.752778,0.181818,0.107373,0.248062,0.484755,0.744094,0.96063,0.759843,0.384079,1,0,0,0,0,0,0,0,0,0,0,0,0,0,0,1,0,0,0,0,0,0,0,0,0,0,0,0,0,0,0,0,0,0,0,0,0,0,0,0,0,0,0,0,1
java.lang.NumberFormatException: multiple points
linha fdp!!!!
0.563782,0.247222,0.212121,0.107373,0.248062,0.557398,0.944882,0.854331,0.409449,0.360.585293,0.922222,0.136364,0.130279,0.241602,0.688492,0.783465,0.901575,0.665354,0.380733,1,0,0,0,0,0,0,0,0,0,0,0,0,0,0,0,0,0,0,0,0,0,0,0,0,0,1,0,0,0,0,0,0,0,0,0,0,0,0,0,0,0,0,0,1
java.lang.NumberFormatException: multiple points
linha fdp!!!!
0.510755,0.205556,0.1212120.456228,0.436111,0.181818,0.14388,0.270026,0.092876,0.917323,0.952756,0.53937,0.325387,1,0,0,0,0,0,0,0,0,0,0,0,0,0,0,0,0,0,0,0,0,0,0,0,0,0,0,0,0,0,0,0,1,0,0,0,0,0,0,0,0,0,0,0,2
java.lang.NumberFormatException: multiple points
linha fdp!!!!
0.675338,0.680556,0.227273,0.391553,0.408269,0.841506,0.73622,0.988189,0.78740.63982,0.752778,0.242424,0.2398,0.316537,0.814107,0.688976,0.956693,0.814961,0.310888,1,0,0,0,0,0,0,0,0,0,0,0,0,0,0,0,0,0,0,0,0,0,0,0,0,0,0,0,0,0,0,0,0,1,0,0,0,0,0,0,0,0,0,0,2
java.lang.NumberFormatException: multiple points
linha fdp!!!!
0.611806,0.875,0.075758,0.088760.588294,0.075,0.121212,0.085898,0.223514,0.415063,0.854331,0.877953,0.559055,0.170222,1,0,0,0,0,0,0,0,0,0,0,0,0,0,0,0,0,0,0,0,0,0,0,0,0,0,1,0,0,0,0,0,0,0,0,0,0,0,0,0,0,0,0,0,2
java.lang.NumberFormatException: multiple points
linha fdp!!!!
0.517759,0.288889,0.30303,0.047960.615808,0.05,0.136364,0.077309,0.23385,0.512576,0.838583,0.870079,0.566929,0.207584,1,0,0,0,0,0,0,0,0,0,0,0,0,0,0,0,0,0,0,0,0,0,0,0,0,0,0,0,0,0,0,0,1,0,0,0,0,0,0,0,0,0,0,0,1
java.lang.NumberFormatException: multiple points
linha fdp!!!!
0.631816,0.169444,0.121212,0.14388,0.28553,0.727694,0.893701,0.80.504252,0.177778,0.287879,0.453114,0.45478,0.090488,0.92126,0.779528,0.350394,0.340862,1,0,0,0,0,0,0,0,0,0,0,0,0,0,0,0,0,0,0,0,0,0,0,0,0,0,0,1,0,0,0,0,0,0,0,0,0,0,0,0,0,0,0,0,2
java.lang.NumberFormatException: multiple points
linha fdp!!!!
0.676338,0.375,0.015152,0.265569,0.249354,0.824364,0.870079,0.937008,0.6023620.646823,0.155556,0.151515,0.088762,0.239018,0.59955,0.893701,0.858268,0.488189,0.496445,1,0,0,0,0,0,0,0,0,0,0,0,0,0,0,0,0,0,0,0,0,0,0,0,0,1,0,0,0,0,0,0,0,0,0,0,0,0,0,0,0,0,0,0,10.645323,0.158333,0.121212,0.068003,0.23385,0.603344,0.889764,0.877953,0.519685,0.494354,1,0,0,0,0,0,0,0,0,0,0,0,0,0,0,0,0,0,0,0,0,0,0,0,0,1,0,0,0,0,0,0,0,0,0,0,0,0,0,0,0,0,0,0,1
java.lang.NumberFormatException: multiple points
linha fdp!!!!
0.63932,0.161111,0.257576,0.107373,0.249354,0.741183,0.905512,0.795276,0.380.548274,0.961111,0.19697,0.077309,0.237726,0.262189,0.767717,0.862205,0.637795,0.159487,1,0,0,0,0,0,0,0,0,0,0,0,0,0,0,0,0,0,0,0,0,0,0,0,0,0,0,0,0,0,0,0,1,0,0,0,0,0,0,0,0,0,0,0,1
java.lang.NumberFormatException: multiple points
linha fdp!!!!
0.696848,0.140.642321,0.355556,0.045455,0.04796,0.226098,0.66306,0.88189,0.933071,0.586614,0.288861,1,0,0,0,0,0,0,0,0,0,0,0,0,0,0,0,0,0,0,0,0,0,1,0,0,0,0,0,0,0,0,0,0,0,0,0,0,0,0,0,0,0,0,0,1
java.lang.NumberFormatException: multiple points
linha fdp!!!!
0.610305,0.008333,0.075758,0.26199,0.268734,0.479415,0.84252,0.909449,0.610236,0.0861560.576288,0.244444,0.121212,0.176807,0.28553,0.223268,0.913386,0.893701,0.503937,0.258051,1,0,0,0,0,0,0,0,0,0,0,0,0,0,0,0,0,0,0,0,0,0,0,0,0,1,0,0,0,0,0,0,0,0,0,0,0,0,0,0,0,0,0,0,2
java.lang.NumberFormatException: multiple points
linha fdp!!!!
0.669835,0.191667,0.121212,0.154617,0.244186,0.70.448724,0.144444,0.424242,0.064424,0.198966,0.023886,0.874016,0.665354,0.248031,0.186393,1,0,0,0,0,0,0,0,0,0,0,0,0,0,0,0,0,0,0,0,0,0,0,0,0,0,0,0,0,0,0,0,1,0,0,0,0,0,0,0,0,0,0,0,5
java.lang.NumberFormatException: multiple points
linha fdp!!!!
0.668834,0.225,0.090909,0.077309,0.232558,0.709147,0.897638,0.905512,0.535433,0.2790.597299,0.891667,0.090909,0.258411,0.320413,0.338204,0.80315,0.92126,0.665354,0.152238,1,0,0,0,0,0,0,0,0,0,0,0,0,0,0,0,0,0,0,0,0,0,0,0,0,0,0,0,0,0,0,0,1,0,0,0,0,0,0,0,0,0,0,0,1
java.lang.NumberFormatException: multiple points
linha fdp!!!!
0.493747,0.1,0.363636,0.214746,0.46124,0.043417,0.826772,0.704724,0.36610.687344,0.191667,0.19697,0.068003,0.241602,0.647183,0.917323,0.84252,0.433071,0.189321,1,0,0,0,0,0,0,0,0,0,0,0,0,0,0,0,0,0,0,0,0,0,0,0,0,0,1,0,0,0,0,0,0,0,0,0,0,0,0,0,0,0,0,0,10.683842,0.202778,0.19697,0.04796,0.232558,0.651258,0.925197,0.846457,0.433071,0.18723,1,0,0,0,0,0,0,0,0,0,0,0,0,0,0,0,0,0,0,0,0,0,0,0,0,0,1,0,0,0,0,0,0,0,0,0,0,0,0,0,0,0,0,0,1
java.lang.NumberFormatException: multiple points
linha fdp!!!!
0.53977,0.15,0.19697,0.150322,0.215760.711356,0.177778,0.242424,0.128848,0.294574,0.624982,0.917323,0.811024,0.393701,0.178308,1,0,0,0,0,0,0,0,0,0,0,0,0,0,0,0,0,0,0,0,0,0,0,0,0,0,0,0,0,0,0,0,1,0,0,0,0,0,0,0,0,0,0,0,1
java.lang.NumberFormatException: multiple points
linha fdp!!!!
0.623312,0,0.075758,0.021475,0.226098,0.315863,0.830.562281,0.302778,0.19697,0.030064,0.231266,0.139666,0.952756,0.885827,0.433071,0.31047,1,0,0,0,0,0,0,0,0,0,0,0,0,0,0,0,0,0,0,0,0,0,0,0,0,0,0,0,0,0,0,0,1,0,0,0,0,0,0,0,0,0,0,0,20.55928,0.3,0.136364,0.021475,0.223514,0.135872,0.929134,0.905512,0.492126,0.307542,1,0,0,0,0,0,0,0,0,0,0,0,0,0,0,0,0,0,0,0,0,0,0,0,0,0,0,0,0,0,0,0,1,0,0,0,0,0,0,0,0,0,0,0,2
java.lang.NumberFormatException: multiple points
linha fdp!!!!
0.558779,0.05,0.090909,0.02140.622311,0.738889,0.106061,0.030064,0.226098,0.522271,0.799213,0.956693,0.704724,0.134393,1,0,0,0,0,0,0,0,0,0,0,0,0,0,0,0,0,0,0,0,0,0,0,0,0,0,1,0,0,0,0,0,0,0,0,0,0,0,0,0,0,0,0,0,1
java.lang.NumberFormatException: multiple points
linha fdp!!!!
0.64082,0.0.587794,0.191667,0.045455,0.021475,0.222222,0.203597,0.877953,0.917323,0.570866,0.391468,1,0,0,0,0,0,0,0,0,0,0,0,0,0,0,0,0,0,0,0,0,0,0,0,0,0,1,0,0,0,0,0,0,0,0,0,0,0,0,0,0,0,0,0,1
java.lang.NumberFormatException: multiple points
linha fdp!!!!
0.409205,0.325,0.0909090.704352,0.891667,0.090909,0.04796,0.236434,0.871716,0.80315,0.92126,0.665354,0.034435,1,0,0,0,0,0,0,0,0,0,0,0,0,0,0,0,0,0,0,0,0,0,0,0,0,0,0,0,0,0,0,0,0,0,0,0,0,0,0,0,0,1,0,0,1
java.lang.NumberFormatException: multiple points
linha fdp!!!!
0.707854,0.883333,0.106061,0.085898,0.242894,0.863004,0.795276,0.92126,0.677165,0.0.674337,0.088889,0.136364,0.030064,0.217054,0.333427,0.858268,0.866142,0.53937,0.402621,1,0,0,0,0,0,0,0,0,0,0,0,0,0,0,0,0,0,0,0,0,0,0,0,0,1,0,0,0,0,0,0,0,0,0,0,0,0,0,0,0,0,0,0,1
java.lang.NumberFormatException: multiple points
linha fdp!!!!
0.462231,0.161111,0.227273,0.193271,0.385013,0.196431,0.905512,0.814961,0.4210.721861,0.913889,0.015152,0.107373,0.264858,0.865112,0.846457,0.933071,0.625984,0.075701,1,0,0,0,0,0,0,0,0,0,0,0,0,0,0,0,0,0,0,0,0,0,0,0,0,0,0,0,0,0,0,0,0,0,0,0,0,0,0,0,0,1,0,0,1
java.lang.NumberFormatException: multiple points
linha fdp!!!!
0.478239,0.186111,0.257576,0.193271,0.29845,0.18130.441221,0.075,0.212121,0.125268,0.257106,0.148518,0.838583,0.822835,0.507874,0.297365,0,0,1,0,0,0,0,0,0,0,0,0,0,0,0,0,0,0,0,0,0,0,0,0,0,0,0,0,0,0,0,0,0,0,1,0,0,0,0,0,0,0,0,0,2
java.lang.NumberFormatException: multiple points
linha fdp!!!!
0.382691,0.072222,0.439394,0.173228,0.348837,0.10.515258,0.947222,0.151515,0.236936,0.361757,0.229029,0.783465,0.885827,0.649606,0.255263,0,0,1,0,0,0,0,0,0,0,0,0,0,0,0,0,0,0,0,0,0,0,0,0,0,0,0,1,0,0,0,0,0,0,0,0,0,0,0,0,0,0,0,0,20.515758,0.969444,0.227273,0.2398,0.363049,0.230013,0.751969,0.838583,0.629921,0.25122,0,0,1,0,0,0,0,0,0,0,0,0,0,0,0,0,0,0,0,0,0,0,0,0,0,0,0,1,0,0,0,0,0,0,0,0,0,0,0,0,0,0,0,0,2
java.lang.NumberFormatException: multiple points
linha fdp!!!!
0.538269,0.252778,0.287879,0.365068,0.403101,0.148237,0.964567,0.8149610.681841,0.977778,0.19697,0.085898,0.241602,0.32036,0.771654,0.854331,0.622047,0.351039,1,0,0,0,0,0,0,0,0,0,0,0,0,0,0,0,0,0,0,0,0,0,0,0,0,0,0,0,0,0,0,0,1,0,0,0,0,0,0,0,0,0,0,0,10.682341,0.002778,0.212121,0.085898,0.245478,0.318112,0.783465,0.838583,0.590551,0.346996,1,0,0,0,0,0,0,0,0,0,0,0,0,0,0,0,0,0,0,0,0,0,0,0,0,0,0,0,0,0,0,0,1,0,0,0,0,0,0,0,0,0,0,0,1
java.lang.NumberFormatException: multiple points
linha fdp!!!!
0.451726,0.088889,0.409091,0.1073730.435718,0.847222,0.439394,0.04796,0.286822,0.178868,0.507874,0.826772,0.846457,0.080441,0,0,1,0,0,0,0,0,0,0,0,0,0,0,0,0,0,0,0,0,0,0,0,0,0,0,0,0,0,0,0,0,0,0,0,0,1,0,0,0,0,0,0,0,20.442221,0.844444,0.409091,0.068003,0.312661,0.17943,0.527559,0.84252,0.846457,0.081138,0,0,1,0,0,0,0,0,0,0,0,0,0,0,0,0,0,0,0,0,0,0,0,0,0,0,0,0,0,0,0,0,0,0,0,0,1,0,0,0,0,0,0,0,2
java.lang.NumberFormatException: multiple points
linha fdp!!!!
0.523762,0.066667,0.272727,0.21110.452226,0.108333,0.348485,0.077309,0.275194,0.173809,0.846457,0.724409,0.374016,0.223616,0,0,1,0,0,0,0,0,0,0,0,0,0,0,0,0,0,0,0,0,0,0,0,0,0,0,0,1,0,0,0,0,0,0,0,0,0,0,0,0,0,0,0,0,2
java.lang.NumberFormatException: multiple points
linha fdp!!!!
0.547274,0.108333,0.106061,0.151754,0.254522,0.069833,0.870.178089,0.861111,0.227273,0.167502,0.316537,0.064493,0.704724,0.901575,0.748031,0.04503,0,0,0,1,0,0,0,0,0,0,0,0,0,1,0,0,0,0,0,0,0,0,0,0,0,0,0,0,0,0,0,0,0,0,0,0,0,0,0,0,0,0,0,0,20.181091,0.855556,0.19697,0.171797,0.322997,0.068568,0.720472,0.909449,0.740157,0.041126,0,0,0,1,0,0,0,0,0,0,0,0,0,1,0,0,0,0,0,0,0,0,0,0,0,0,0,0,0,0,0,0,0,0,0,0,0,0,0,0,0,0,0,0,2
java.lang.NumberFormatException: multiple points
linha fdp!!!!
0.437719,0.869444,0.227273,0.09592,0.23120.527764,0.038889,0.166667,0.09592,0.25323,0.075032,0.826772,0.854331,0.566929,0.220828,0,0,1,0,0,0,0,0,0,0,0,0,0,0,0,0,0,0,0,0,0,0,0,0,0,0,0,1,0,0,0,0,0,0,0,0,0,0,0,0,0,0,0,0,2
java.lang.NumberFormatException: multiple points
linha fdp!!!!
0.493747,0.036111,0.257576,0.258411,0.416021,0.139666,0.0.458729,0.019444,0.181818,0.09592,0.250646,0.154981,0.807087,0.846457,0.57874,0.131326,0,0,1,0,0,0,0,0,0,0,0,0,0,0,0,0,0,0,0,0,0,0,0,0,0,0,0,0,0,0,0,0,0,0,1,0,0,0,0,0,0,0,0,0,1
java.lang.NumberFormatException: multiple points
linha fdp!!!!
0.631316,0.519444,0.227273,0.300644,0.280362,0.133905,0.866142,0.984252,0.620.133067,0.088889,0.560606,0.221188,0.319121,0.056765,0.728346,0.531496,0.23622,0.05688,0,0,0,1,0,0,0,0,0,0,0,0,0,1,0,0,0,0,0,0,0,0,0,0,0,0,0,0,0,0,0,0,0,0,0,0,0,0,0,0,0,0,0,0,3
java.lang.NumberFormatException: multiple points
linha fdp!!!!
0.170585,0.811111,0.439394,0.303508,0.599483,0.0620.548774,0.861111,0.409091,0.125268,0.344961,0.097091,0.543307,0.830709,0.818898,0.217203,0,0,1,0,0,0,0,0,0,0,0,0,0,0,0,0,0,0,0,0,0,0,0,0,0,0,0,1,0,0,0,0,0,0,0,0,0,0,0,0,0,0,0,0,2
java.lang.NumberFormatException: multiple points
linha fdp!!!!
0.10.525263,0.538889,0.181818,0.298497,0.281654,0.318674,0.858268,0.984252,0.645669,0.083786,0,0,1,0,0,0,0,0,0,0,0,0,0,0,0,0,0,0,0,0,0,0,0,0,0,0,0,0,0,0,0,0,0,0,0,0,1,0,0,0,0,0,0,0,1
java.lang.NumberFormatException: multiple points
linha fdp!!!!
0.55978,0.111111,0.106061,0.307802,0.346253,0.218772,0.870079,0.88189,0.54720.705353,0.475,0.181818,0.300644,0.343669,0.467472,0.897638,0.964567,0.57874,0.408755,1,0,0,0,0,0,0,0,0,0,0,0,0,0,0,0,0,0,0,0,0,0,0,0,0,0,1,0,0,0,0,0,0,0,0,0,0,0,0,0,0,0,0,0,1
java.lang.NumberFormatException: multiple points
linha fdp!!!!
0.1800.183592,0.341667,0.606061,0.137437,0.372093,0.130954,0.984252,0.700787,0.055118,0.046703,0,0,0,1,0,0,1,0,0,0,0,0,0,0,0,0,0,0,0,0,0,0,0,0,0,0,0,0,0,0,0,0,0,0,0,0,0,0,0,0,0,0,0,0,4
java.lang.NumberFormatException: multiple points
linha fdp!!!!
0.523762,0.666667,0.106061,0.154617,0.363049,0.259941,0.81880.505753,0.786111,0.257576,0.214746,0.206718,0.194183,0.673228,0.940945,0.814961,0.21553,0,0,1,0,0,0,0,0,0,0,0,0,0,0,0,0,0,0,0,0,0,0,0,0,0,0,0,0,0,0,0,0,0,0,0,1,0,0,0,0,0,0,0,0,20.510255,0.766667,0.242424,0.214746,0.218346,0.19615,0.688976,0.952756,0.811024,0.211627,0,0,1,0,0,0,0,0,0,0,0,0,0,0,0,0,0,0,0,0,0,0,0,0,0,0,0,0,0,0,0,0,0,0,0,1,0,0,0,0,0,0,0,0,2
java.lang.NumberFormatException: multiple points
linha fdp!!!!
0.52026,0.319444,0.075758,0.042949,0.229974,0.119994,0.901575,0.9250.1991,0.963889,0.409091,0.150322,0.310078,0.155403,0.622047,0.728346,0.622047,0.03555,0,0,0,1,0,0,0,0,0,0,0,0,0,1,0,0,0,0,0,0,0,0,0,0,0,0,0,0,0,0,0,0,0,0,0,0,0,0,0,0,0,0,0,0,3
java.lang.NumberFormatException: multiple points
linha fdp!!!!
0.241621,0.191667,0.409091,0.242663,0.422481,0.20444,0.920.157079,0.15,0.560606,0.042949,0.294574,0.090066,0.838583,0.531496,0.098425,0.127143,0,0,0,1,0,0,0,0,0,0,0,0,0,1,0,0,0,0,0,0,0,0,0,0,0,0,0,0,0,0,0,0,0,0,0,0,0,0,0,0,0,0,0,0,6
java.lang.NumberFormatException: multiple points
linha fdp!!!!
0.14007,0.022222,0.393939,0.090909,0.258398,0.03890.576288,0.091667,0.19697,0.09592,0.249354,0.317971,0.854331,0.826772,0.496063,0.584832,1,0,0,0,0,0,0,0,0,0,0,0,0,0,0,0,0,0,0,0,0,0,0,0,0,0,0,0,0,0,0,0,1,0,0,0,0,0,0,0,0,0,0,0,1
java.lang.NumberFormatException: multiple points
linha fdp!!!!
0.610805,0.302778,0.242424,0.586250.616308,0.811111,0.19697,0.09592,0.20801,0.135872,0.720472,0.933071,0.76378,0.368604,1,0,0,0,0,0,0,0,0,0,0,0,0,0,0,0,0,0,0,0,0,0,0,0,0,0,0,0,0,0,0,0,0,1,0,0,0,0,0,0,0,0,0,0,1
java.lang.NumberFormatException: multiple points
linha fdp!!!!
0.170085,0.947222,0.272727,0,0.2235140.265633,0.905556,0.242424,0.259127,0.378553,0.125193,0.708661,0.870079,0.708661,0.146382,0,0,0,1,0,0,0,0,0,1,0,0,0,0,0,0,0,0,0,0,0,0,0,0,0,0,0,0,0,0,0,0,0,0,0,0,0,0,0,0,0,0,0,0,6
java.lang.NumberFormatException: multiple points
linha fdp!!!!
0.521761,0.847222,0.12120.512756,0.355556,0.212121,0.137437,0.276486,0.311086,0.952756,0.909449,0.448819,0.105953,0,0,1,0,0,0,0,0,0,0,0,0,0,0,0,0,1,0,0,0,0,0,0,0,0,0,0,0,0,0,0,0,0,0,0,0,0,0,0,0,0,0,0,0,2
java.lang.NumberFormatException: multiple points
linha fdp!!!!
0.52076,0.375,0.181818,0.19184,0.284238,0.3094,0.937008,0.92510.530265,0.861111,0.212121,0.04796,0.228682,0.401293,0.708661,0.905512,0.744094,0.185836,0,0,1,0,0,0,0,0,0,0,0,0,0,0,0,0,0,0,0,0,0,0,0,0,0,0,0,0,0,0,0,0,0,0,0,0,1,0,0,0,0,0,0,0,2
java.lang.NumberFormatException: multiple points
linha fdp!!!!
0.227614,0.0.297149,0.955556,0.090909,0.299213,0.459948,0.119292,0.818898,0.905512,0.633858,0.125749,0,0,0,1,0,0,0,0,0,1,0,0,0,0,0,0,0,0,0,0,0,0,0,0,0,0,0,0,0,0,0,0,0,0,0,0,0,0,0,0,0,0,0,0,6
java.lang.NumberFormatException: multiple points
linha fdp!!!!
0.696848,0.044444,0.151515,0.107373,0.319121,0.19334,0.830709,0.862205,0.5629920.707854,0.291667,0.166667,0.322835,0.288114,0.177041,0.944882,0.889764,0.452756,0.316465,1,0,0,0,0,0,0,0,0,0,0,0,0,0,0,0,0,0,0,0,0,0,0,0,0,0,0,0,0,0,0,0,1,0,0,0,0,0,0,0,0,0,0,0,10.704852,0.288889,0.166667,0.344309,0.280362,0.172826,0.940945,0.889764,0.46063,0.313537,1,0,0,0,0,0,0,0,0,0,0,0,0,0,0,0,0,0,0,0,0,0,0,0,0,0,0,0,0,0,0,0,1,0,0,0,0,0,0,0,0,0,0,0,2
java.lang.NumberFormatException: multiple points
linha fdp!!!!
0.5762880.695848,0.188889,0.257576,0.077309,0.271318,0.202613,0.925197,0.799213,0.366142,0.384079,1,0,0,0,0,0,0,0,0,0,0,0,0,0,0,0,0,0,0,0,0,0,0,0,0,0,0,0,0,0,0,0,0,1,0,0,0,0,0,0,0,0,0,0,1
java.lang.NumberFormatException: multiple points
linha fdp!!!!
0.493247,0.275,0.30303,0.068003,0.25969,0.015175,0.9763780.562281,0.347222,0.166667,0.184681,0.307494,0.345932,0.940945,0.913386,0.476378,0.246759,0,0,1,0,0,0,0,0,0,0,0,0,0,0,0,0,0,0,0,0,0,0,0,0,0,0,0,0,0,0,0,0,0,0,0,1,0,0,0,0,0,0,0,0,20.55978,0.355556,0.19697,0.167502,0.301034,0.341717,0.948819,0.913386,0.464567,0.250941,0,0,1,0,0,0,0,0,0,0,0,0,0,0,0,0,0,0,0,0,0,0,0,0,0,0,0,0,0,0,0,0,0,0,0,1,0,0,0,0,0,0,0,0,2
java.lang.NumberFormatException: multiple points
learning evaluation instances,Wall Time (Actual Time),Avg Delay (ms),outRate (inst/s),classified instances,classifications correct (percent),Kappa Statistic (percent),Kappa Temporal Statistic (percent),Kappa M Statistic (percent),F1 Score (percent),F1 Score for class 0 (percent),F1 Score for class 1 (percent),F1 Score for class 2 (percent),F1 Score for class 3 (percent),F1 Score for class 4 (percent),F1 Score for class 5 (percent),F1 Score for class 6 (percent),Precision (percent),Precision for class 0 (percent),Precision for class 1 (percent),Precision for class 2 (percent),Precision for class 3 (percent),Precision for class 4 (percent),Precision for class 5 (percent),Precision for class 6 (percent),Recall (percent),Recall for class 0 (percent),Recall for class 1 (percent),Recall for class 2 (percent),Recall for class 3 (percent),Recall for class 4 (percent),Recall for class 5 (percent),Recall for class 6 (percent),model training instances,model serialized size (bytes),ensemble size,[avg] model training instances,[err] model training instances,[avg] model serialized size (bytes),[err] model serialized size (bytes),[avg] tree size (nodes),[err] tree size (nodes),[avg] tree size (leaves),[err] tree size (leaves),[avg] active learning leaves,[err] active learning leaves,[avg] tree depth,[err] tree depth,[avg] active leaf byte size estimate,[err] active leaf byte size estimate,[avg] inactive leaf byte size estimate,[err] inactive leaf byte size estimate,[avg] byte size estimate overhead,[err] byte size estimate overhead
185525.0,600.0009765625,47.0,309.20782470703125,185500.0,74.93692722371968,57.62479708271216,-232.89417155950173,47.11289074941985,53.589238364865025,?,62.09418097801491,83.9928195806599,78.47288503253796,72.4201099124771,35.48176232187213,26.2692375729701,58.37246933302792,0.0,81.84158478008351,75.16225621105447,70.46540619156451,75.89590443686008,58.440999138673554,46.80113457295935,49.530543689884865,0.0,50.02398633738223,95.174562185537,88.53357697578804,69.24873491630986,25.474000375445844,18.258945038731095,0.0,1.0,25.0,125516.12000000002,71411.26788908504,1.0,0.0,37.32,30.933692526650177,18.919999999999998,15.665567337316578,18.919999999999998,15.665567337316578,6.280000000000001,3.6801268094093365,0.0,0.0,0.0,0.0,1.0,0.0
