Connected!
linha fdp!!!!
0.445223,0.313889,0.030303,0.258411,0.0.607304,0.408333,0.30303,0.339298,0.290698,0.797527,0.956693,0.917323,0.429134,0.223616,1,0,0,0,0,0,0,0,0,0,0,0,0,0,0,0,0,0,0,0,0,0,0,0,0,0,0,0,0,0,0,0,1,0,0,0,0,0,0,0,0,0,0,0,2
java.lang.NumberFormatException: multiple points
linha fdp!!!!
0.476238,0.572222,0.106061,0.085898,0.232558,0.0.474737,0.430556,0.181818,0.064424,0.228682,0.474638,0.92126,0.948819,0.53937,0.853897,1,0,0,0,0,0,0,0,0,0,0,0,0,0,0,1,0,0,0,0,0,0,0,0,0,0,0,0,0,0,0,0,0,0,0,0,0,0,0,0,0,0,0,0,2
java.lang.NumberFormatException: multiple points
linha fdp!!!!
0.568284,0.508333,0.212121,0.18325,0.2750.424712,0.180556,0.287879,0.156049,0.22093,0.23198,0.92126,0.779528,0.346457,0.590548,1,0,0,0,0,0,0,0,0,0,0,0,0,0,0,0,0,0,0,0,0,0,0,0,0,0,0,0,0,0,0,0,1,0,0,0,0,0,0,0,0,0,0,0,2
java.lang.NumberFormatException: multiple points
linha fdp!!!!
0.320.602801,0.097222,0.166667,0.472441,0.262274,0.891668,0.862205,0.846457,0.515748,0.49519,1,0,0,0,0,0,0,0,0,0,0,0,0,0,0,0,0,0,0,0,0,0,0,0,0,0,0,0,0,0,0,0,1,0,0,0,0,0,0,0,0,0,0,0,1
java.lang.NumberFormatException: multiple points
linha fdp!!!!
0.424212,0.538889,0.090909,0.150322,0.242894,0.266123,0.862205,0.964567,0.633858,0.570.563282,0.3,0.378788,0.193271,0.375969,0.867781,0.996063,0.795276,0.244094,0.574097,1,0,0,0,0,0,0,0,0,0,0,0,0,0,0,0,0,0,0,0,0,0,0,0,0,0,0,0,0,0,0,0,1,0,0,0,0,0,0,0,0,0,0,0,2
java.lang.NumberFormatException: multiple points
linha fdp!!!!
0.554777,0.044444,0.166667,0.24481,0.2860.546773,0.522222,0.106061,0.136006,0.257106,0.753126,0.870079,0.964567,0.625984,0.444723,1,0,0,0,0,0,0,0,0,0,0,0,0,0,0,0,0,0,0,0,0,0,0,0,0,0,1,0,0,0,0,0,0,0,0,0,0,0,0,0,0,0,0,0,1
java.lang.NumberFormatException: multiple points
linha fdp!!!!
0.586293,0.986111,0.136364,0.516822,0.368217,0.749473,0.811024,0.88189,0.618110.370185,0.25,0.166667,0.151754,0.281654,0.096108,0.933071,0.877953,0.456693,0.423393,1,0,0,0,0,0,0,0,0,0,0,0,0,0,0,0,0,0,0,0,0,0,0,0,0,0,0,0,0,0,0,0,1,0,0,0,0,0,0,0,0,0,0,0,2
java.lang.NumberFormatException: multiple points
linha fdp!!!!
0.574787,0.25,0.106061,0.583393,0.329457,0.7513,0.909449,0.901575,0.50.370685,0.05,0.151515,0.375805,0.299742,0.080511,0.834646,0.858268,0.559055,0.371532,1,0,0,0,0,0,0,0,0,0,0,0,0,0,0,0,0,0,0,0,0,0,0,0,0,0,0,0,0,0,0,0,1,0,0,0,0,0,0,0,0,0,0,0,2
java.lang.NumberFormatException: multiple points
linha fdp!!!!
0.527264,0.313889,0.19697,0.064424,0.244186,0.530842,0.952756,0.889764,0.433071,0.710.548274,0.902778,0.060606,0.224052,0.236434,0.630743,0.826772,0.925197,0.641732,0.8058,1,0,0,0,0,0,0,0,0,0,0,0,0,0,0,1,0,0,0,0,0,0,0,0,0,0,0,0,0,0,0,0,0,0,0,0,0,0,0,0,0,0,0,0,2
java.lang.NumberFormatException: multiple points
linha fdp!!!!
0.686343,0.125,0.136364,0.180.669835,0.811111,0.121212,0.085898,0.244186,0.586624,0.775591,0.940945,0.716535,0.478879,1,0,0,0,0,0,0,0,0,0,0,0,0,0,0,0,0,0,0,0,0,0,0,0,0,0,0,0,0,0,0,0,1,0,0,0,0,0,0,0,0,0,0,0,10.674837,0.786111,0.121212,0.107373,0.262274,0.587888,0.775591,0.948819,0.720472,0.480691,1,0,0,0,0,0,0,0,0,0,0,0,0,0,0,0,0,0,0,0,0,0,0,0,0,0,0,0,0,0,0,0,1,0,0,0,0,0,0,0,0,0,0,0,1
java.lang.NumberFormatException: multiple points
linha fdp!!!!
0.704352,0.236111,0.121212,0.24481,0.282946,0.510749,0.913386,0.880.535268,0.194444,0.166667,0.125268,0.249354,0.66292,0.913386,0.858268,0.46063,0.608253,1,0,0,0,0,0,0,0,0,0,0,0,0,0,0,0,0,0,0,0,0,0,0,0,0,0,1,0,0,0,0,0,0,0,0,0,0,0,0,0,0,0,0,0,1
java.lang.NumberFormatException: multiple points
linha fdp!!!!
0.558279,0.1110.553277,0.197222,0.151515,0.198282,0.275194,0.58016,0.909449,0.870079,0.476378,0.731354,1,0,0,0,0,0,0,0,0,0,0,0,0,0,0,1,0,0,0,0,0,0,0,0,0,0,0,0,0,0,0,0,0,0,0,0,0,0,0,0,0,0,0,0,2
java.lang.NumberFormatException: multiple points
linha fdp!!!!
0.656828,0.875,0.19697,0.522548,0.22090.64032,0.152778,0.348485,0.489621,0.178295,0.578755,0.893701,0.728346,0.314961,0.578001,1,0,0,0,0,0,0,0,0,0,0,0,0,0,0,0,0,0,0,0,0,0,0,0,0,0,0,0,0,0,0,0,1,0,0,0,0,0,0,0,0,0,0,0,1
java.lang.NumberFormatException: multiple points
linha fdp!!!!
0.646823,0.2833330.546273,0.047222,0.090909,0.289191,0.251938,0.559927,0.846457,0.897638,0.590551,0.655514,1,0,0,0,0,0,0,0,0,0,0,0,0,0,0,1,0,0,0,0,0,0,0,0,0,0,0,0,0,0,0,0,0,0,0,0,0,0,0,0,0,0,0,0,2
java.lang.NumberFormatException: multiple points
linha fdp!!!!
0.517759,0.827778,0.136364,0.210.543272,0.377778,0.227273,0.030064,0.24031,0.608824,0.952756,0.917323,0.452756,0.751011,1,0,0,0,0,0,0,0,0,0,0,0,0,0,0,0,0,0,0,0,0,0,0,0,0,0,0,0,0,0,0,0,1,0,0,0,0,0,0,0,0,0,0,0,20.54027,0.411111,0.242424,0.021475,0.232558,0.611634,0.940945,0.933071,0.484252,0.753241,1,0,0,0,0,0,0,0,0,0,0,0,0,0,0,0,0,0,0,0,0,0,0,0,0,0,0,0,0,0,0,0,1,0,0,0,0,0,0,0,0,0,0,0,2
java.lang.NumberFormatException: multiple points
linha fdp!!!!
0.651826,0.130556,0.121212,0.021475,0.223514,0.48320.651826,0.05,0.075758,0.021475,0.236434,0.488408,0.850394,0.901575,0.590551,0.676147,1,0,0,0,0,0,0,0,0,0,0,0,0,0,0,0,0,0,0,0,0,0,0,0,0,0,0,0,0,0,0,0,1,0,0,0,0,0,0,0,0,0,0,0,1
java.lang.NumberFormatException: multiple points
linha fdp!!!!
0.541771,0.216667,0.151515,0.24481,0.2571060.577789,0.211111,0.060606,0.303508,0.264858,0.755374,0.885827,0.913386,0.562992,0.736373,1,0,0,0,0,0,0,0,0,0,0,0,0,0,0,1,0,0,0,0,0,0,0,0,0,0,0,0,0,0,0,0,0,0,0,0,0,0,0,0,0,0,0,0,1
java.lang.NumberFormatException: multiple points
linha fdp!!!!
0.511756,0.411111,0.121212,0.068003,0.231266,0.510046,0.909449,0.944882,0.555118,0.50.450225,0.419444,0.121212,0.23622,0.241602,0.286638,0.909449,0.944882,0.555118,0.181514,1,0,0,0,0,0,0,0,0,0,0,0,0,0,0,0,0,0,0,0,0,0,0,0,0,0,0,0,0,0,0,0,1,0,0,0,0,0,0,0,0,0,0,0,20.450725,0.572222,0.136364,0.236936,0.242894,0.282422,0.846457,0.980315,0.665354,0.177471,1,0,0,0,0,0,0,0,0,0,0,0,0,0,0,0,0,0,0,0,0,0,0,0,0,0,0,0,0,0,0,0,1,0,0,0,0,0,0,0,0,0,0,0,2
java.lang.NumberFormatException: multiple points
linha fdp!!!!
0.628814,0.188889,0.242424,0.12160.498249,0.458333,0.136364,0.211167,0.22739,0.444429,0.897638,0.956693,0.57874,0.402342,1,0,0,0,0,0,0,0,0,0,0,0,0,0,0,1,0,0,0,0,0,0,0,0,0,0,0,0,0,0,0,0,0,0,0,0,0,0,0,0,0,0,0,0,2
java.lang.NumberFormatException: multiple points
linha fdp!!!!
0.434217,0.411111,0.181818,0.107373,0.254522,0.262189,0.929134,0.940940.367684,0.05,0.19697,0.18325,0.241602,0.124069,0.822835,0.834646,0.543307,0.024397,1,0,0,0,0,0,0,0,0,0,0,0,0,0,0,0,0,0,0,0,0,0,0,0,0,0,0,0,0,0,0,0,1,0,0,0,0,0,0,0,0,0,0,0,2
java.lang.NumberFormatException: multiple points
linha fdp!!!!
0.50.350675,0.958333,0.181818,0.021475,0.235142,0.139104,0.771654,0.870079,0.641732,0.067615,1,0,0,0,0,0,0,0,0,0,0,0,0,0,0,0,0,0,0,0,0,0,0,0,0,0,0,0,0,0,0,0,1,0,0,0,0,0,0,0,0,0,0,0,2
java.lang.NumberFormatException: multiple points
linha fdp!!!!
0.564782,0.75,0.015152,0.107373,0.24031,0.443445,0.846457,0.940945,0.633858,0.87360.591296,0.283333,0.151515,0.410165,0.271318,0.799775,0.937008,0.889764,0.468504,0.553604,1,0,0,0,0,0,0,0,0,0,0,0,0,0,0,0,0,0,0,0,0,0,0,0,0,0,0,0,0,0,0,0,1,0,0,0,0,0,0,0,0,0,0,0,1
java.lang.NumberFormatException: multiple points
linha fdp!!!!
0.509755,0.083333,0.151515,0.060845,0.23385,0.581425,0.854331,0.854331,0.531496,0.43090.447224,0.352778,0.106061,0,0.223514,0.443586,0.917323,0.925197,0.531496,0.417399,1,0,0,0,0,0,0,0,0,0,0,0,0,0,0,0,0,0,0,0,0,0,0,0,0,0,0,0,0,0,0,0,0,1,0,0,0,0,0,0,0,0,0,0,1
java.lang.NumberFormatException: multiple points
linha fdp!!!!
0.36068,0.066667,0.242424,0.077300.563282,0.288889,0.151515,0.298497,0.270026,0.615568,0.933071,0.897638,0.476378,0.578977,1,0,0,0,0,0,0,0,0,0,0,0,0,0,0,0,0,0,0,0,0,0,0,0,0,0,0,0,0,0,0,0,1,0,0,0,0,0,0,0,0,0,0,0,2
java.lang.NumberFormatException: multiple points
linha fdp!!!!
0.516258,0.147222,0.136364,0.231926,0.239018,0.4407760.541271,0.847222,0.151515,0.09592,0.24677,0.675566,0.759843,0.925197,0.716535,0.297644,1,0,0,0,0,0,0,0,0,0,0,0,0,0,0,0,0,0,0,0,0,0,0,0,0,0,0,0,0,0,0,0,1,0,0,0,0,0,0,0,0,0,0,0,20.543272,0.813889,0.181818,0.107373,0.260982,0.67135,0.73622,0.937008,0.748031,0.29625,1,0,0,0,0,0,0,0,0,0,0,0,0,0,0,0,0,0,0,0,0,0,0,0,0,0,0,0,0,0,0,0,1,0,0,0,0,0,0,0,0,0,0,0,2
java.lang.NumberFormatException: multiple points
linha fdp!!!!
0.393697,0.083333,0.121212,0.130279,0.223514,0.088942,0.858268,0.877953,0.5511810.545773,0.894444,0.151515,0.125268,0.255814,0.676549,0.76378,0.905512,0.692913,0.289837,1,0,0,0,0,0,0,0,0,0,0,0,0,0,0,0,0,0,0,0,0,0,0,0,0,0,0,0,0,0,0,0,1,0,0,0,0,0,0,0,0,0,0,0,20.547274,0.855556,0.121212,0.14388,0.257106,0.672474,0.783465,0.925197,0.692913,0.288303,1,0,0,0,0,0,0,0,0,0,0,0,0,0,0,0,0,0,0,0,0,0,0,0,0,0,0,0,0,0,0,0,1,0,0,0,0,0,0,0,0,0,0,0,2
java.lang.NumberFormatException: multiple points
linha fdp!!!!
0.478739,0.441667,0.151510.45923,0.188889,0.121212,0.19184,0.293282,0.341295,0.897638,0.885827,0.511811,0.355082,1,0,0,0,0,0,0,0,0,0,0,0,0,0,0,1,0,0,0,0,0,0,0,0,0,0,0,0,0,0,0,0,0,0,0,0,0,0,0,0,0,0,0,0,2
java.lang.NumberFormatException: multiple points
linha fdp!!!!
0.430715,0.969444,0.30303,0.115963,0.30491,0.278348,0.70.615808,0.277778,0.257576,0.060845,0.236434,0.528594,0.968504,0.84252,0.358268,0.568521,1,0,0,0,0,0,0,0,0,0,0,0,0,0,0,0,0,0,0,0,0,0,0,0,0,0,0,0,0,0,0,0,1,0,0,0,0,0,0,0,0,0,0,0,1
java.lang.NumberFormatException: multiple points
linha fdp!!!!
0.595798,0.119444,0.121212,0.068003,0.223514,0.50.558279,0.055556,0.121212,0.425913,0.22739,0.635661,0.846457,0.88189,0.570866,0.443329,1,0,0,0,0,0,0,0,0,0,0,0,0,0,0,0,0,0,0,0,0,0,0,0,0,0,1,0,0,0,0,0,0,0,0,0,0,0,0,0,0,0,0,0,1
java.lang.NumberFormatException: multiple points
linha fdp!!!!
0.414707,0.219444,0.136360.62081,0.983333,0.166667,0.04796,0.223514,0.519179,0.795276,0.870079,0.61811,0.555695,1,0,0,0,0,0,0,0,0,0,0,0,0,0,0,0,0,0,0,0,0,0,0,0,0,0,0,0,0,0,0,0,1,0,0,0,0,0,0,0,0,0,0,0,1
java.lang.NumberFormatException: multiple points
linha fdp!!!!
0.48074,0.061111,0.106061,0.2860.473737,0.983333,0.272727,0.14388,0.301034,0.231839,0.73622,0.807087,0.606299,0.372229,1,0,0,0,0,0,0,0,0,0,0,0,0,0,0,0,0,0,0,0,0,0,0,0,0,0,0,0,0,0,0,0,1,0,0,0,0,0,0,0,0,0,0,0,2
java.lang.NumberFormatException: multiple points
linha fdp!!!!
0.576288,0.408333,0.30.533767,0.719444,0.227273,0.021475,0.232558,0.574821,0.716535,0.972441,0.799213,0.076816,1,0,0,0,0,0,0,0,0,0,0,0,0,0,0,0,0,0,0,0,0,0,0,0,0,0,0,0,0,0,0,0,1,0,0,0,0,0,0,0,0,0,0,0,20.538269,0.694444,0.19697,0.030064,0.235142,0.571589,0.748031,0.980315,0.771654,0.078907,1,0,0,0,0,0,0,0,0,0,0,0,0,0,0,0,0,0,0,0,0,0,0,0,0,0,0,0,0,0,0,0,1,0,0,0,0,0,0,0,0,0,0,0,2
java.lang.NumberFormatException: multiple points
linha fdp!!!!
0.448224,0.355556,0.121212,0.121689,0.24677,0.254602,0.917323,0.925197,0.527559,0.37790.415708,0.147222,0.075758,0.021475,0.223514,0.095546,0.877953,0.901575,0.559055,0.201171,1,0,0,0,0,0,0,0,0,0,0,0,0,0,0,1,0,0,0,0,0,0,0,0,0,0,0,0,0,0,0,0,0,0,0,0,0,0,0,0,0,0,0,0,10.415208,0.15,0.090909,0.021475,0.218346,0.092455,0.88189,0.893701,0.543307,0.198383,1,0,0,0,0,0,0,0,0,0,0,0,0,0,0,1,0,0,0,0,0,0,0,0,0,0,0,0,0,0,0,0,0,0,0,0,0,0,0,0,0,0,0,0,1
java.lang.NumberFormatException: multiple points
linha fdp!!!!
0.484242,0.911111,0.30300.591296,0.911111,0.227273,0.021475,0.236434,0.534354,0.716535,0.870079,0.704724,0.36958,1,0,0,0,0,0,0,0,0,0,0,0,0,0,0,0,0,0,0,0,0,0,0,0,0,0,0,1,0,0,0,0,0,0,0,0,0,0,0,0,0,0,0,0,1
java.lang.NumberFormatException: multiple points
linha fdp!!!!
0.5993,0.219444,0.121212,0.182534,0.25320.568784,0.233333,0.166667,0.077309,0.248062,0.638612,0.925197,0.874016,0.46063,0.009341,1,0,0,0,0,0,0,0,0,0,0,0,0,0,0,0,0,0,0,0,0,0,0,0,0,0,0,0,0,0,0,0,1,0,0,0,0,0,0,0,0,0,0,0,20.566283,0.155556,0.106061,0.060845,0.237726,0.63538,0.885827,0.889764,0.531496,0.013244,1,0,0,0,0,0,0,0,0,0,0,0,0,0,0,0,0,0,0,0,0,0,0,0,0,0,0,0,0,0,0,0,1,0,0,0,0,0,0,0,0,0,0,0,2
java.lang.NumberFormatException: multiple points
linha fdp!!!!
0.60.605803,0.219444,0.227273,0.344309,0.412145,0.59674,0.940945,0.830709,0.389764,0.328593,1,0,0,0,0,0,0,0,0,0,0,0,0,0,0,0,0,0,0,0,0,0,0,0,0,0,0,0,0,0,0,0,1,0,0,0,0,0,0,0,0,0,0,0,2
java.lang.NumberFormatException: multiple points
linha fdp!!!!
0.654827,0.25,0.060606,0.328561,0.301034,0.780940.57929,0.9,0.030303,0.077309,0.235142,0.60208,0.84252,0.929134,0.629921,0.123519,1,0,0,0,0,0,0,0,0,0,0,0,0,0,0,0,0,0,0,0,0,0,0,0,0,0,0,0,0,0,0,0,1,0,0,0,0,0,0,0,0,0,0,0,2
java.lang.NumberFormatException: multiple points
linha fdp!!!!
0.555278,0.233333,0.106061,0.214746,0.294574,0.515526,0.905512,0.897638,0.50.53927,0.775,0.106061,0.021475,0.223514,0.794717,0.787402,0.948819,0.712598,0.231981,1,0,0,0,0,0,0,0,0,0,0,0,0,0,0,0,0,0,0,0,0,0,0,0,0,0,0,0,0,0,0,0,1,0,0,0,0,0,0,0,0,0,0,0,1
java.lang.NumberFormatException: multiple points
linha fdp!!!!
0.642821,0,0.136364,0.19184,0.299742,0.71266,0.818898,0.88189,0.606299,0.062170.493247,0.938889,0.378788,0.068003,0.248062,0.386961,0.622047,0.775591,0.681102,0.28426,1,0,0,0,0,0,0,0,0,0,0,0,0,0,0,0,0,0,0,0,0,0,0,0,0,0,0,0,0,0,0,0,1,0,0,0,0,0,0,0,0,0,0,0,2
java.lang.NumberFormatException: multiple points
linha fdp!!!!
0.642321,0.897222,0.136364,0.23622,0.270026,0.778277,0.771654,0.905512,0.685039,0.092150.496748,0.861111,0.257576,0.060845,0.241602,0.441759,0.669291,0.889764,0.767717,0.332079,1,0,0,0,0,0,0,0,0,0,0,0,0,0,0,0,0,0,0,0,0,0,0,0,0,0,0,0,0,0,0,0,1,0,0,0,0,0,0,0,0,0,0,0,20.50025,0.858333,0.287879,0.077309,0.251938,0.439792,0.645669,0.88189,0.779528,0.328454,1,0,0,0,0,0,0,0,0,0,0,0,0,0,0,0,0,0,0,0,0,0,0,0,0,0,0,0,0,0,0,0,1,0,0,0,0,0,0,0,0,0,0,0,2
java.lang.NumberFormatException: multiple points
linha fdp!!!!
0.52026,0.330550.653327,0.063889,0.075758,0.042949,0.223514,0.54967,0.854331,0.897638,0.582677,0.459501,1,0,0,0,0,0,0,0,0,0,0,0,0,0,0,0,0,0,0,0,0,0,0,0,0,0,1,0,0,0,0,0,0,0,0,0,0,0,0,0,0,0,0,0,10.646823,0.963889,0.19697,0.136006,0.25323,0.595897,0.771654,0.862205,0.637795,0.434686,1,0,0,0,0,0,0,0,0,0,0,0,0,0,0,0,0,0,0,0,0,0,0,0,0,0,0,0,0,0,0,0,1,0,0,0,0,0,0,0,0,0,0,0,1
java.lang.NumberFormatException: multiple points
learning evaluation instances,Wall Time (Actual Time),Avg Delay (ms),outRate (inst/s),classified instances,classifications correct (percent),Kappa Statistic (percent),Kappa Temporal Statistic (percent),Kappa M Statistic (percent),F1 Score (percent),F1 Score for class 0 (percent),F1 Score for class 1 (percent),F1 Score for class 2 (percent),F1 Score for class 3 (percent),F1 Score for class 4 (percent),F1 Score for class 5 (percent),F1 Score for class 6 (percent),Precision (percent),Precision for class 0 (percent),Precision for class 1 (percent),Precision for class 2 (percent),Precision for class 3 (percent),Precision for class 4 (percent),Precision for class 5 (percent),Precision for class 6 (percent),Recall (percent),Recall for class 0 (percent),Recall for class 1 (percent),Recall for class 2 (percent),Recall for class 3 (percent),Recall for class 4 (percent),Recall for class 5 (percent),Recall for class 6 (percent),model training instances,model serialized size (bytes),ensemble size,change detections,[avg] model training instances,[err] model training instances,[avg] model serialized size (bytes),[err] model serialized size (bytes),[avg] tree size (nodes),[err] tree size (nodes),[avg] tree size (leaves),[err] tree size (leaves),[avg] active learning leaves,[err] active learning leaves,[avg] tree depth,[err] tree depth,[avg] active leaf byte size estimate,[err] active leaf byte size estimate,[avg] inactive leaf byte size estimate,[err] inactive leaf byte size estimate,[avg] byte size estimate overhead,[err] byte size estimate overhead
127400.0,600.0579833984375,165.0,212.3128204345703,127350.0,91.0993325480958,80.94226556484274,-8.30307662908459,71.06794629639084,69.06898248868539,1.7094017094017095,84.46964045949574,94.83464566929133,67.6725094297759,86.74966651845266,77.35688805843385,68.65518128053485,69.74997042335573,4.166666666666666,86.677637873627,94.05595965906556,64.97656582871751,83.44739093242087,77.71331058020478,77.21226142278775,68.40116332462324,1.0752688172043012,82.37134024368066,95.62633274352343,70.60185185185185,90.32407407407408,77.00371998647277,61.80555555555556,0.0,1.0,25.0,2531.0,13010.039999999999,7167.861777173628,1.0,0.0,8.399999999999999,5.522680508593631,4.68,2.794637722496424,4.68,2.794637722496424,2.6799999999999997,1.5470401847829722,0.0,0.0,0.0,0.0,1.0,0.0
