Connected!
linha fdp!!!!
0.349175,0.558333,0.318182,0,0.223514,0.290572,0.807087,0.996063,0.680.410705,0.05,0.257576,0.060845,0.229974,0.180413,0.807087,0.795276,0.511811,0.256239,0,0,1,0,0,0,0,0,0,0,0,0,0,0,0,0,0,0,0,0,0,0,0,0,0,0,0,0,0,0,0,0,0,0,0,0,1,0,0,0,0,0,0,0,2
java.lang.NumberFormatException: multiple points
linha fdp!!!!
0.756878,0.283333,0.242424,0.282749,0.5010.374187,0.125,0.060606,0.182534,0.231266,0.084727,0.870079,0.905512,0.570866,0.870208,1,0,0,0,0,0,0,0,0,0,0,0,0,0,0,0,0,0,0,0,0,0,0,0,0,0,0,0,0,0,0,0,1,0,0,0,0,0,0,0,0,0,0,0,5
java.lang.NumberFormatException: multiple points
linha fdp!!!!
0.372686,0.155556,0.075758,0.130279,0.21447,0.086834,0.877953,0.901575,0.5551180.538769,0.155556,0.166667,0.115963,0.241602,0.752283,0.893701,0.858268,0.484252,0.553604,1,0,0,0,0,0,0,0,0,0,0,0,0,0,0,0,0,0,0,0,0,0,0,0,0,0,0,0,0,0,0,0,1,0,0,0,0,0,0,0,0,0,0,0,2
java.lang.NumberFormatException: multiple points
linha fdp!!!!
0.538769,0.1,0.227273,0.042949,0.2320.577789,0.052778,0.151515,0.212598,0.24031,0.899396,0.838583,0.862205,0.559055,0.419211,1,0,0,0,0,0,0,0,0,0,0,0,0,0,0,0,0,0,0,0,0,0,0,0,0,0,0,0,0,0,0,0,1,0,0,0,0,0,0,0,0,0,0,0,20.572786,0.052778,0.181818,0.182534,0.231266,0.890965,0.830709,0.84252,0.543307,0.427297,1,0,0,0,0,0,0,0,0,0,0,0,0,0,0,0,0,0,0,0,0,0,0,0,0,0,0,0,0,0,0,0,1,0,0,0,0,0,0,0,0,0,0,0,2
java.lang.NumberFormatException: multiple points
linha fdp!!!!
0.432716,0.9,0.090909,0,0.223514,0.34537,0.0.488244,0.116667,0.393939,0.042949,0.271318,0.604187,0.838583,0.677165,0.314961,0.72759,1,0,0,0,0,0,0,0,0,0,0,0,0,0,0,0,0,0,0,0,0,0,0,0,0,0,0,0,0,0,0,0,1,0,0,0,0,0,0,0,0,0,0,0,2
java.lang.NumberFormatException: multiple points
linha fdp!!!!
0.546773,0.516667,0.287879,0.030064,0.232558,0.835324,0.862200.323162,0.094444,0.106061,0.04796,0.241602,0.155403,0.862205,0.88189,0.555118,0.610484,1,0,0,0,0,0,0,0,0,0,0,0,0,0,0,0,0,0,0,0,0,1,0,0,0,0,0,0,0,0,0,0,0,0,0,0,0,0,0,0,0,0,0,0,2
java.lang.NumberFormatException: multiple points
linha fdp!!!!
0.538769,0.922222,0.166667,0.214746,0.394057,0.702684,0.759843,0.885827,0.677165,0.60.3992,0.327778,0.106061,0.137437,0.282946,0.254602,0.913386,0.92126,0.527559,0.676844,1,0,0,0,0,0,0,0,0,0,0,0,0,0,0,1,0,0,0,0,0,0,0,0,0,0,0,0,0,0,0,0,0,0,0,0,0,0,0,0,0,0,0,0,2
java.lang.NumberFormatException: multiple points
linha fdp!!!!
0.361181,0.327778,0.166667,0.115963,0.249354,0.2186310.41921,0.975,0.227273,0.060845,0.245478,0.307433,0.755906,0.838583,0.622047,0.718807,1,0,0,0,0,0,0,0,0,0,0,0,0,0,0,1,0,0,0,0,0,0,0,0,0,0,0,0,0,0,0,0,0,0,0,0,0,0,0,0,0,0,0,0,20.42021,0.011111,0.166667,0.064424,0.248062,0.305185,0.807087,0.862205,0.590551,0.715879,1,0,0,0,0,0,0,0,0,0,0,0,0,0,0,1,0,0,0,0,0,0,0,0,0,0,0,0,0,0,0,0,0,0,0,0,0,0,0,0,0,0,0,0,2
java.lang.NumberFormatException: multiple points
linha fdp!!!!
0.651826,0.125,0.090909,0.228346,0.0.610805,0.411111,0.090909,0.387258,0.161499,0.872278,0.901575,0.940945,0.566929,0.399275,1,0,0,0,0,0,0,0,0,0,0,0,0,0,0,0,0,0,0,0,0,0,0,1,0,0,0,0,0,0,0,0,0,0,0,0,0,0,0,0,0,0,0,0,2
java.lang.NumberFormatException: multiple points
linha fdp!!!!
0.673337,0.144444,0.121212,0.26199,0.26615,0.650977,0.885827,0.877953,0.5196850.477739,0.891667,0.136364,0,0.223514,0.503583,0.775591,0.909449,0.685039,0.853897,1,0,0,0,0,0,0,0,0,0,0,0,0,0,0,0,0,0,0,0,0,0,0,1,0,0,0,0,0,0,0,0,0,0,0,0,0,0,0,0,0,0,0,0,2
java.lang.NumberFormatException: multiple points
linha fdp!!!!
0.518759,0.333333,0.409091,0.077309,0.0.571286,0.041667,0.19697,0.250537,0.431525,0.782352,0.818898,0.834646,0.547244,0.688973,1,0,0,0,0,0,0,0,0,0,0,0,0,0,0,0,0,0,0,0,0,0,0,0,0,0,0,1,0,0,0,0,0,0,0,0,0,0,0,0,0,0,0,0,2
java.lang.NumberFormatException: multiple points
linha fdp!!!!
0.533767,0.869444,0.348485,0.173228,0.321705,0.820149,0.59440.566283,0.469444,0.19697,0.27917,0.312661,0.781088,0.905512,0.964567,0.566929,0.419908,1,0,0,0,0,0,0,0,0,0,0,0,0,0,0,0,0,0,0,0,0,0,0,0,0,0,0,0,0,0,0,0,1,0,0,0,0,0,0,0,0,0,0,0,1
java.lang.NumberFormatException: multiple points
linha fdp!!!!
0.530265,0.916667,0.257576,0.125268,0.307494,0.848391,0.69685,0.854331,0.700787,0.6460.656828,0.080556,0.287879,0.380816,0.44832,0.65477,0.826772,0.767717,0.452756,0.329151,1,0,0,0,0,0,0,0,0,0,0,0,0,0,0,0,0,0,0,0,0,0,0,0,0,0,0,0,0,0,0,0,1,0,0,0,0,0,0,0,0,0,0,0,10.654827,0.066667,0.257576,0.375089,0.443152,0.65744,0.818898,0.787402,0.488189,0.331103,1,0,0,0,0,0,0,0,0,0,0,0,0,0,0,0,0,0,0,0,0,0,0,0,0,0,0,0,0,0,0,0,1,0,0,0,0,0,0,0,0,0,0,0,1
java.lang.NumberFormatException: multiple points
linha fdp!!!!
0.517259,0.661111,0.227273,0.090909,0.258398,0.59112,0.755906,0.992126,0.76770.594297,0.805556,0.272727,0.459556,0.27907,0.830406,0.661417,0.925197,0.811024,0.590966,1,0,0,0,0,0,0,0,0,0,0,0,0,0,0,0,0,0,0,0,0,0,0,0,0,0,0,0,0,0,0,0,1,0,0,0,0,0,0,0,0,0,0,0,2
java.lang.NumberFormatException: multiple points
linha fdp!!!!
0.324162,0.475,0.045455,0.04796,0.224806,0.017423,0.870079,0.9448820.502751,0.325,0.19697,0.324982,0.366925,0.465505,0.952756,0.897638,0.444882,0.403876,1,0,0,0,0,0,0,0,0,0,0,0,0,0,0,1,0,0,0,0,0,0,0,0,0,0,0,0,0,0,0,0,0,0,0,0,0,0,0,0,0,0,0,0,2
java.lang.NumberFormatException: multiple points
linha fdp!!!!
0.50.531766,0.15,0.181818,0.137437,0.232558,0.551075,0.893701,0.84252,0.464567,0.763697,1,0,0,0,0,0,0,0,0,0,0,0,0,0,0,0,0,0,0,0,0,0,0,1,0,0,0,0,0,0,0,0,0,0,0,0,0,0,0,0,0,0,0,0,2
java.lang.NumberFormatException: multiple points
linha fdp!!!!
0.597799,0.930.576288,0.938889,0.136364,0.115963,0.260982,0.418716,0.791339,0.897638,0.653543,0.859612,1,0,0,0,0,0,0,0,0,0,0,0,0,0,0,0,0,0,0,0,0,0,0,0,0,0,0,0,0,0,0,0,1,0,0,0,0,0,0,0,0,0,0,0,2
java.lang.NumberFormatException: multiple points
linha fdp!!!!
0.33967,0.455556,0.212121,0.00.546773,0.019444,0.166667,0.184681,0.22093,0.559927,0.811024,0.854331,0.582677,0.67057,1,0,0,0,0,0,0,0,0,0,0,0,0,0,0,0,0,0,0,0,0,0,0,0,0,0,0,0,0,0,0,0,1,0,0,0,0,0,0,0,0,0,0,0,2
java.lang.NumberFormatException: multiple points
linha fdp!!!!
0.337169,0.338889,0.121212,0.021475,0.228682,0.018828,0.91730.569785,0.908333,0.151515,0.387258,0.241602,0.558381,0.775591,0.901575,0.677165,0.641991,1,0,0,0,0,0,0,0,0,0,0,0,0,0,0,0,0,0,0,0,0,0,0,0,0,0,0,0,0,0,0,0,1,0,0,0,0,0,0,0,0,0,0,0,2
java.lang.NumberFormatException: multiple points
linha fdp!!!!
0.355678,0.930556,0.287879,0.068003,0.0.592796,0.077778,0.166667,0.471725,0.257106,0.535619,0.850394,0.850394,0.531496,0.645616,1,0,0,0,0,0,0,0,0,0,0,0,0,0,0,0,0,0,0,0,0,0,0,0,0,0,0,0,0,0,0,0,1,0,0,0,0,0,0,0,0,0,0,0,10.592796,0.994444,0.106061,0.482462,0.263566,0.539834,0.822835,0.893701,0.614173,0.641851,1,0,0,0,0,0,0,0,0,0,0,0,0,0,0,0,0,0,0,0,0,0,0,0,0,0,0,0,0,0,0,0,1,0,0,0,0,0,0,0,0,0,0,0,1
java.lang.NumberFormatException: multiple points
linha fdp!!!!
0.449225,0.525,0.333333,0.107373,0.258398,0.252494,0.84252,0.984252,0.62590.3997,0.119444,0.242424,0.211167,0.332041,0.083041,0.870079,0.799213,0.440945,0.262652,1,0,0,0,0,0,0,0,0,0,0,0,0,0,0,0,0,0,0,0,0,0,0,0,0,0,0,0,0,0,0,0,1,0,0,0,0,0,0,0,0,0,0,0,2
java.lang.NumberFormatException: multiple points
linha fdp!!!!
0.503252,0.425,0.181818,0.04796,0.235142,0.458058,0.92126,0.9448820.549775,0.013889,0.19697,0.250537,0.27261,0.731769,0.799213,0.84252,0.582677,0.28189,1,0,0,0,0,0,0,0,0,0,0,0,0,0,0,0,0,0,0,0,0,0,0,0,0,0,0,0,0,0,0,0,1,0,0,0,0,0,0,0,0,0,0,0,2
java.lang.NumberFormatException: multiple points
linha fdp!!!!
0.490745,0.416667,0.19690.573787,0.694444,0.090909,0.34932,0.26615,0.720809,0.818898,0.96063,0.685039,0.231981,1,0,0,0,0,0,0,0,0,0,0,0,0,0,0,0,0,0,0,0,0,0,0,0,0,0,0,0,0,0,0,0,0,1,0,0,0,0,0,0,0,0,0,0,2
java.lang.NumberFormatException: multiple points
linha fdp!!!!
0.461731,0.8972220.653327,0.125,0.151515,0.236936,0.25323,0.435717,0.877953,0.858268,0.507874,0.588038,1,0,0,0,0,0,0,0,0,0,0,0,0,0,0,0,0,0,0,0,0,0,0,0,0,0,1,0,0,0,0,0,0,0,0,0,0,0,0,0,0,0,0,0,1
java.lang.NumberFormatException: multiple points
linha fdp!!!!
0.461731,0.938889,0.19697,0.042949,0.229974,0.278348,0.748031,0.866142,0.665350.571286,0.394444,0.257576,0.021475,0.231266,0.578755,0.956693,0.917323,0.448819,0.334588,1,0,0,0,0,0,0,0,0,0,0,0,0,0,0,0,0,0,0,0,0,0,0,0,0,0,0,0,0,0,0,0,1,0,0,0,0,0,0,0,0,0,0,0,2
java.lang.NumberFormatException: multiple points
linha fdp!!!!
0.554770.64032,0.158333,0.19697,0.24481,0.303618,0.490656,0.897638,0.838583,0.456693,0.435243,1,0,0,0,0,0,0,0,0,0,0,0,0,0,0,0,0,0,0,0,0,0,0,0,0,0,0,0,0,0,0,0,1,0,0,0,0,0,0,0,0,0,0,0,1
java.lang.NumberFormatException: multiple points
BYTES READ -1
learning evaluation instances,Wall Time (Actual Time),Avg Delay (ms),outRate (inst/s),classified instances,classifications correct (percent),Kappa Statistic (percent),Kappa Temporal Statistic (percent),Kappa M Statistic (percent),F1 Score (percent),F1 Score for class 0 (percent),F1 Score for class 1 (percent),F1 Score for class 2 (percent),F1 Score for class 3 (percent),F1 Score for class 4 (percent),F1 Score for class 5 (percent),F1 Score for class 6 (percent),Precision (percent),Precision for class 0 (percent),Precision for class 1 (percent),Precision for class 2 (percent),Precision for class 3 (percent),Precision for class 4 (percent),Precision for class 5 (percent),Precision for class 6 (percent),Recall (percent),Recall for class 0 (percent),Recall for class 1 (percent),Recall for class 2 (percent),Recall for class 3 (percent),Recall for class 4 (percent),Recall for class 5 (percent),Recall for class 6 (percent),model training instances,model serialized size (bytes),ensemble size,[avg] model training instances,[err] model training instances,[avg] model serialized size (bytes),[err] model serialized size (bytes),[avg] tree size (nodes),[err] tree size (nodes),[avg] tree size (leaves),[err] tree size (leaves),[avg] active learning leaves,[err] active learning leaves,[avg] tree depth,[err] tree depth,[avg] active leaf byte size estimate,[err] active leaf byte size estimate,[avg] inactive leaf byte size estimate,[err] inactive leaf byte size estimate,[avg] byte size estimate overhead,[err] byte size estimate overhead
91600.0,599.5380249023438,182.0,152.7843017578125,91550.0,82.21299836155106,58.30588323018963,-119.37222147379765,42.710385589642534,55.20348639444202,?,60.330155480197064,90.15830842466512,42.154935116004715,80.14126596033687,53.098420413122724,52.84905031656114,57.7286224964123,0.0,84.50439146800501,84.39494846215491,50.853889943074,74.79716024340772,49.791112799088495,59.75885455915599,52.88999890931486,0.0,46.91044776119403,96.76652777997813,35.997313633310945,86.30778232884728,56.8763557483731,47.371565113500594,0.0,1.0,25.0,76277.20000000001,40106.45605863641,1.0,0.0,21.24,15.476541387963051,10.959999999999999,7.860661549767932,10.959999999999999,7.860661549767932,5.12,3.1,0.0,0.0,0.0,0.0,1.0,0.0
