Connected!
linha fdp!!!!
0.713857,0.072222,0.166667,0.030064,0.223514,0.305185,0.846457,0.846457,0.53540.146073,0.011111,0.348485,0.042949,0.245478,0.135731,0.716535,0.73622,0.535433,0.091733,0,0,0,1,0,0,0,0,0,0,0,0,0,1,0,0,0,0,0,0,0,0,0,0,0,0,0,0,0,0,0,0,0,0,0,0,0,0,0,0,0,0,0,0,30.234617,0.444444,0.106061,0.289191,0.267442,0.183645,0.897638,0.952756,0.57874,0.129653,0,0,0,1,0,1,0,0,0,0,0,0,0,0,0,0,0,0,0,0,0,0,0,0,0,0,0,0,0,0,0,0,0,0,0,0,0,0,0,0,0,0,0,0,4
java.lang.NumberFormatException: multiple points
linha fdp!!!!
0.464732,0.322222,0.30300.394197,0.213889,0.090909,0.042949,0.198966,0.409723,0.897638,0.897638,0.527559,0.89098,1,0,0,0,0,0,0,0,0,0,0,0,0,0,0,0,0,0,0,0,0,0,0,0,0,0,0,0,0,0,0,0,0,1,0,0,0,0,0,0,0,0,0,0,20.394197,0.238889,0.181818,0.042949,0.198966,0.405508,0.933071,0.870079,0.444882,0.895162,1,0,0,0,0,0,0,0,0,0,0,0,0,0,0,0,0,0,0,0,0,0,0,0,0,0,0,0,0,0,0,0,0,1,0,0,0,0,0,0,0,0,0,0,2
java.lang.NumberFormatException: multiple points
linha fdp!!!!
0.323162,0.105556,0.181818,0.115963,0.23385,0.126458,0.866142,0.84252,0.5,0.72670.531766,0.072222,0.19697,0.030064,0.22739,0.767599,0.838583,0.830709,0.519685,0.544124,1,0,0,0,0,0,0,0,0,0,0,0,0,0,0,0,0,0,0,0,0,0,0,0,0,0,0,0,0,0,0,0,1,0,0,0,0,0,0,0,0,0,0,0,1
java.lang.NumberFormatException: multiple points
linha fdp!!!!
0.4212110.538769,0.347222,0.121212,0.212598,0.30491,0.76507,0.92126,0.925197,0.523622,0.559459,1,0,0,0,0,0,0,0,0,0,0,0,0,0,0,0,0,0,0,0,0,0,0,0,0,0,0,0,0,0,0,0,1,0,0,0,0,0,0,0,0,0,0,0,2
java.lang.NumberFormatException: multiple points
linha fdp!!!!
0.57979,0.972222,0.166667,0.090909,0.2490.592796,0.2,0.151515,0.085898,0.232558,0.921737,0.909449,0.870079,0.480315,0.413913,1,0,0,0,0,0,0,0,0,0,0,0,0,0,0,0,0,0,0,0,0,0,0,0,0,0,0,0,0,0,0,0,1,0,0,0,0,0,0,0,0,0,0,0,2
java.lang.NumberFormatException: multiple points
linha fdp!!!!
0.492746,0.791667,0.272727,0.1150.357679,0.372222,0.19697,0.042949,0.224806,0.15456,0.948819,0.917323,0.468504,0.719504,1,0,0,0,0,0,0,0,0,0,0,0,0,0,0,0,0,0,0,0,0,1,0,0,0,0,0,0,0,0,0,0,0,0,0,0,0,0,0,0,0,0,0,0,2
java.lang.NumberFormatException: multiple points
linha fdp!!!!
0.574787,0.408333,0.166667,0.171797,0.257106,0.848251,0.920.628814,0.658333,0.166667,0.286328,0.182171,0.876914,0.787402,0.984252,0.732283,0.188903,1,0,0,0,0,0,0,0,0,0,0,0,0,0,0,0,0,0,0,0,0,0,0,0,0,0,0,0,0,0,0,0,1,0,0,0,0,0,0,0,0,0,0,0,10.630315,0.716667,0.106061,0.292054,0.186047,0.879584,0.80315,0.96063,0.704724,0.190994,1,0,0,0,0,0,0,0,0,0,0,0,0,0,0,0,0,0,0,0,0,0,0,0,0,0,0,0,0,0,0,0,1,0,0,0,0,0,0,0,0,0,0,0,1
java.lang.NumberFormatException: multiple points
linha fdp!!!!
0.54027,0.3,0.272727,0.088762,0.273902,0.785162,0.976378,0.846457,0.346457,0.560.451226,0.758333,0.151515,0.042949,0.236434,0.376001,0.755906,0.956693,0.748031,0.876621,1,0,0,0,0,0,0,0,0,0,0,0,0,0,0,0,0,0,0,0,0,0,0,0,0,0,0,0,0,0,0,0,1,0,0,0,0,0,0,0,0,0,0,0,2
java.lang.NumberFormatException: multiple points
linha fdp!!!!
0.366183,0.4,0.0606060.643822,0.441667,0.30303,0.425197,0.351421,0.808065,0.933071,0.940945,0.488189,0.196989,1,0,0,0,0,0,0,0,0,0,0,0,0,0,0,0,0,0,0,0,0,0,0,0,0,0,0,0,0,0,0,0,1,0,0,0,0,0,0,0,0,0,0,0,2
java.lang.NumberFormatException: multiple points
linha fdp!!!!
0.427210.633817,0.141667,0.30303,0.04796,0.24031,0.718561,0.889764,0.755906,0.362205,0.200335,1,0,0,0,0,0,0,0,0,0,0,0,0,0,0,0,0,0,0,0,0,0,0,0,0,0,0,0,0,0,0,0,1,0,0,0,0,0,0,0,0,0,0,0,1
java.lang.NumberFormatException: multiple points
linha fdp!!!!
0.373187,0.086111,0.151515,0.184681,0.257106,0.21273,0.858268,0.858268,0.530.463232,0.175,0.166667,0.125268,0.262274,0.412393,0.905512,0.858268,0.476378,0.815837,1,0,0,0,0,0,0,0,0,0,0,0,0,0,0,1,0,0,0,0,0,0,0,0,0,0,0,0,0,0,0,0,0,0,0,0,0,0,0,0,0,0,0,0,2
java.lang.NumberFormatException: multiple points
linha fdp!!!!
0.490745,0.266667,0.106061,0.021475,0.210.548274,0.325,0.212121,0.198282,0.372093,0.816074,0.956693,0.893701,0.433071,0.596682,1,0,0,0,0,0,0,0,0,0,0,0,0,0,0,0,0,0,0,0,0,0,0,0,0,0,0,0,0,0,0,0,0,1,0,0,0,0,0,0,0,0,0,0,20.545273,0.311111,0.166667,0.184681,0.364341,0.81214,0.940945,0.897638,0.468504,0.600446,1,0,0,0,0,0,0,0,0,0,0,0,0,0,0,0,0,0,0,0,0,0,0,0,0,0,0,0,0,0,0,0,0,1,0,0,0,0,0,0,0,0,0,0,2
java.lang.NumberFormatException: multiple points
linha fdp!!!!
0.589295,0.575,0.151515,0.060845,0.223514,0.812702,0.84252,0.98030.536768,0.869444,0.424242,0.137437,0.350129,0.765772,0.531496,0.814961,0.811024,0.678935,1,0,0,0,0,0,0,0,0,0,0,0,0,0,0,0,0,0,0,0,0,0,0,0,0,0,0,1,0,0,0,0,0,0,0,0,0,0,0,0,0,0,0,0,2
java.lang.NumberFormatException: multiple points
linha fdp!!!!
0.430715,0.95,0.0900.576288,0.375,0.075758,0.425197,0.439276,0.745117,0.901575,0.937008,0.562992,0.733445,1,0,0,0,0,0,0,0,0,0,0,0,0,0,0,1,0,0,0,0,0,0,0,0,0,0,0,0,0,0,0,0,0,0,0,0,0,0,0,0,0,0,0,0,2
java.lang.NumberFormatException: multiple points
linha fdp!!!!
0.528764,0.219444,0.060606,0.021475,0.223514,0.656035,0.88189,0.917323,0.5669290.478239,0.777778,0.121212,0.064424,0.245478,0.390192,0.779528,0.948819,0.720472,0.613969,1,0,0,0,0,0,0,0,0,0,0,0,0,0,0,0,0,0,0,0,0,0,0,0,0,0,0,0,0,0,0,0,0,1,0,0,0,0,0,0,0,0,0,0,2
java.lang.NumberFormatException: multiple points
linha fdp!!!!
0.689345,0.258333,0.19697,0.48461,0.260982,0.551777,0.944880.568284,0.2,0.045455,0.430208,0.312661,0.733455,0.877953,0.917323,0.574803,0.863655,1,0,0,0,0,0,0,0,0,0,0,0,0,0,0,0,0,0,0,0,0,0,0,1,0,0,0,0,0,0,0,0,0,0,0,0,0,0,0,0,0,0,0,0,20.566283,0.25,0.060606,0.408733,0.307494,0.730223,0.889764,0.917323,0.562992,0.867141,1,0,0,0,0,0,0,0,0,0,0,0,0,0,0,0,0,0,0,0,0,0,0,1,0,0,0,0,0,0,0,0,0,0,0,0,0,0,0,0,0,0,0,0,2
java.lang.NumberFormatException: multiple points
linha fdp!!!!
0.548274,0.972222,0.060606,0.287759,0.29845,0.56344,0.834646,0.90.548274,0,0.060606,0.27917,0.29845,0.564142,0.84252,0.913386,0.614173,0.756727,1,0,0,0,0,0,0,0,0,0,0,0,0,0,0,1,0,0,0,0,0,0,0,0,0,0,0,0,0,0,0,0,0,0,0,0,0,0,0,0,0,0,0,0,20.550275,0.875,0.075758,0.259127,0.303618,0.559927,0.811024,0.929134,0.661417,0.752962,1,0,0,0,0,0,0,0,0,0,0,0,0,0,0,1,0,0,0,0,0,0,0,0,0,0,0,0,0,0,0,0,0,0,0,0,0,0,0,0,0,0,0,0,2
java.lang.NumberFormatException: multiple points
linha fdp!!!!
0.613807,0.036111,0.0.545273,0.666667,0.166667,0.19184,0.275194,0.820149,0.779528,0.984252,0.740157,0.734281,1,0,0,0,0,0,0,0,0,0,0,0,0,0,0,0,0,0,0,0,0,0,0,0,0,0,0,0,0,0,0,0,1,0,0,0,0,0,0,0,0,0,0,0,2
java.lang.NumberFormatException: multiple points
linha fdp!!!!
0.484242,0.311111,0.166667,0.04796,0.231266,0.411971,0.940945,0.89760.676338,0.327778,0.166667,0.060845,0.22739,0.558241,0.940945,0.905512,0.468504,0.472327,1,0,0,0,0,0,0,0,0,0,0,0,0,0,0,0,0,0,0,0,0,0,0,0,0,0,0,0,0,0,0,0,1,0,0,0,0,0,0,0,0,0,0,0,1
java.lang.NumberFormatException: multiple points
linha fdp!!!!
0.569785,0.072222,0.257576,0.304939,0.338501,0.637207,0.826772,0.787402,0.4803150.576288,0.844444,0.075758,0.519685,0.273902,0.795279,0.807087,0.933071,0.673228,0.882476,1,0,0,0,0,0,0,0,0,0,0,0,0,0,0,0,0,0,0,0,0,0,0,0,0,0,0,0,0,0,0,0,1,0,0,0,0,0,0,0,0,0,0,0,1
java.lang.NumberFormatException: multiple points
linha fdp!!!!
0.57979,0.125,0.257576,0.307802,0.364341,0.626388,0.874016,0.7910.483242,0.130556,0.136364,0.194703,0.231266,0.371364,0.877953,0.866142,0.515748,0.516381,1,0,0,0,0,0,0,0,0,0,0,0,0,0,0,0,0,0,0,0,0,0,0,0,0,0,1,0,0,0,0,0,0,0,0,0,0,0,0,0,0,0,0,0,2
java.lang.NumberFormatException: multiple points
linha fdp!!!!
0.390.635318,0.236111,0.257576,0.259127,0.20801,0.554447,0.952756,0.822835,0.358268,0.650913,1,0,0,0,0,0,0,0,0,0,0,0,0,0,0,0,0,0,0,0,0,0,0,0,0,0,0,0,0,0,0,0,0,1,0,0,0,0,0,0,0,0,0,0,2
java.lang.NumberFormatException: multiple points
linha fdp!!!!
0.549775,0.116667,0.166667,0.20.427214,0.013889,0.272727,0.257695,0.179587,0.200225,0.767717,0.799213,0.559055,0.252893,1,0,0,0,0,0,0,0,0,0,0,0,0,0,0,0,0,0,0,0,0,0,0,0,0,0,0,0,0,0,0,0,0,1,0,0,0,0,0,0,0,0,0,0,2
java.lang.NumberFormatException: multiple points
linha fdp!!!!
0.607304,0.111111,0.242424,0.257695,0.198966,0.556555,0.866142,0.799213,0.0.481241,0.313889,0.075758,0.204009,0.237726,0.271322,0.905512,0.92126,0.543307,0.326223,1,0,0,0,0,0,0,0,0,0,0,0,0,0,0,0,0,0,0,0,0,0,0,0,0,0,0,0,0,0,0,0,0,1,0,0,0,0,0,0,0,0,0,0,1
java.lang.NumberFormatException: multiple points
linha fdp!!!!
0.477239,0.125,0.075758,0.258411,0.22739,0.268512,0.874016,0.897638,0.559055,0.3110.533767,0.1,0.181818,0.184681,0.24031,0.646761,0.862205,0.838583,0.503937,0.792555,1,0,0,0,0,0,0,0,0,0,0,0,0,0,0,0,0,0,0,0,0,0,0,0,0,0,0,0,0,0,0,0,1,0,0,0,0,0,0,0,0,0,0,0,20.531766,0.136111,0.227273,0.202577,0.235142,0.649712,0.885827,0.811024,0.437008,0.794925,1,0,0,0,0,0,0,0,0,0,0,0,0,0,0,0,0,0,0,0,0,0,0,0,0,0,0,0,0,0,0,0,1,0,0,0,0,0,0,0,0,0,0,0,2
java.lang.NumberFormatException: multiple points
linha fdp!!!!
0.635318,0.35,0.19697,0.030064,0.22739,0.424617,0.948819,0.0.589295,0.25,0.045455,0.434503,0.282946,0.786146,0.88189,0.92126,0.574803,0.750174,1,0,0,0,0,0,0,0,0,0,0,0,0,0,0,1,0,0,0,0,0,0,0,0,0,0,0,0,0,0,0,0,0,0,0,0,0,0,0,0,0,0,0,0,10.587794,0.219444,0.060606,0.416607,0.27907,0.782352,0.88189,0.917323,0.566929,0.748362,1,0,0,0,0,0,0,0,0,0,0,0,0,0,0,1,0,0,0,0,0,0,0,0,0,0,0,0,0,0,0,0,0,0,0,0,0,0,0,0,0,0,0,0,1
java.lang.NumberFormatException: multiple points
linha fdp!!!!
0.511256,0.40270.551776,0.469444,0.151515,0.154617,0.25323,0.618379,0.897638,0.96063,0.582677,0.647149,1,0,0,0,0,0,0,0,0,0,0,0,0,0,0,0,0,0,0,0,0,0,0,0,0,0,0,0,0,0,0,0,1,0,0,0,0,0,0,0,0,0,0,0,2
java.lang.NumberFormatException: multiple points
linha fdp!!!!
0.496748,0.575,0.030303,0,0.2230.503252,0.375,0.181818,0.060845,0.242894,0.477308,0.940945,0.925197,0.488189,0.475673,1,0,0,0,0,0,0,0,0,0,0,0,0,0,0,0,0,0,0,0,0,0,0,0,0,0,0,0,0,0,0,0,0,1,0,0,0,0,0,0,0,0,0,0,20.502251,0.352778,0.151515,0.04796,0.24031,0.473936,0.933071,0.92126,0.5,0.47163,1,0,0,0,0,0,0,0,0,0,0,0,0,0,0,0,0,0,0,0,0,0,0,0,0,0,0,0,0,0,0,0,0,1,0,0,0,0,0,0,0,0,0,0,2
java.lang.NumberFormatException: multiple points
linha fdp!!!!
0.375688,0.169444,0.10.453727,0.475,0.136364,0.077309,0.228682,0.329071,0.889764,0.96063,0.590551,0.219434,1,0,0,0,0,0,0,0,0,0,0,0,0,0,0,1,0,0,0,0,0,0,0,0,0,0,0,0,0,0,0,0,0,0,0,0,0,0,0,0,0,0,0,0,2
java.lang.NumberFormatException: multiple points
linha fdp!!!!
0.509755,0.055556,0.106061,0.136006,0.235142,0.501335,0.846457,0.885827,0.50.558279,0.325,0.090909,0.136006,0.280362,0.667276,0.909449,0.92126,0.535433,0.630977,1,0,0,0,0,0,0,0,0,0,0,0,0,0,0,0,0,0,0,0,0,0,0,0,0,0,0,0,0,0,0,0,1,0,0,0,0,0,0,0,0,0,0,0,1
java.lang.NumberFormatException: multiple points
linha fdp!!!!
0.509755,0.030556,0.121212,0.250537,0.20.432216,0.025,0.121212,0.021475,0.223514,0.268231,0.830709,0.88189,0.590551,0.154747,1,0,0,0,0,0,0,0,0,0,0,0,0,0,0,1,0,0,0,0,0,0,0,0,0,0,0,0,0,0,0,0,0,0,0,0,0,0,0,0,0,0,0,0,2
java.lang.NumberFormatException: multiple points
linha fdp!!!!
0.503752,0.191667,0.151515,0.156049,0.288114,0.48460.424212,0.705556,0.090909,0.151754,0.228682,0.227624,0.811024,0.96063,0.692913,0.114875,1,0,0,0,0,0,0,0,0,0,0,0,0,0,0,1,0,0,0,0,0,0,0,0,0,0,0,0,0,0,0,0,0,0,0,0,0,0,0,0,0,0,0,0,20.424712,0.658333,0.121212,0.156049,0.231266,0.223409,0.811024,0.972441,0.704724,0.110693,1,0,0,0,0,0,0,0,0,0,0,0,0,0,0,1,0,0,0,0,0,0,0,0,0,0,0,0,0,0,0,0,0,0,0,0,0,0,0,0,0,0,0,0,2
java.lang.NumberFormatException: multiple points
linha fdp!!!!
0.460.443222,0.219444,0.19697,0.150322,0.268734,0.360124,0.933071,0.850394,0.42126,0.302105,1,0,0,0,0,0,0,0,0,0,0,0,0,0,0,1,0,0,0,0,0,0,0,0,0,0,0,0,0,0,0,0,0,0,0,0,0,0,0,0,0,0,0,0,2
java.lang.NumberFormatException: multiple points
linha fdp!!!!
0.531766,0.5,0.015152,0.322119,0.2440.409205,0.913889,0.106061,0.257695,0.326873,0.16847,0.80315,0.913386,0.65748,0.174265,1,0,0,0,0,0,0,0,0,0,0,0,0,0,0,1,0,0,0,0,0,0,0,0,0,0,0,0,0,0,0,0,0,0,0,0,0,0,0,0,0,0,0,0,2
java.lang.NumberFormatException: multiple points
linha fdp!!!!
0.507254,0.0444440.515758,0.005556,0.318182,0.068003,0.249354,0.56091,0.732283,0.767717,0.559055,0.380733,1,0,0,0,0,0,0,0,0,0,0,0,0,0,0,0,0,0,0,0,0,0,0,0,0,0,0,0,0,0,0,0,1,0,0,0,0,0,0,0,0,0,0,0,20.515258,0.980556,0.348485,0.077309,0.255814,0.556695,0.688976,0.76378,0.598425,0.380733,1,0,0,0,0,0,0,0,0,0,0,0,0,0,0,0,0,0,0,0,0,0,0,0,0,0,0,0,0,0,0,0,1,0,0,0,0,0,0,0,0,0,0,0,2
java.lang.NumberFormatException: multiple points
linha fdp!!!!
0.546773,0.194444,0.0.423712,0.330556,0.090909,0.021475,0.219638,0.189265,0.905512,0.925197,0.543307,0.305033,1,0,0,0,0,0,0,0,0,0,0,0,0,0,0,1,0,0,0,0,0,0,0,0,0,0,0,0,0,0,0,0,0,0,0,0,0,0,0,0,0,0,0,0,20.421211,0.283333,0.136364,0.021475,0.213178,0.18519,0.929134,0.897638,0.484252,0.30322,1,0,0,0,0,0,0,0,0,0,0,0,0,0,0,1,0,0,0,0,0,0,0,0,0,0,0,0,0,0,0,0,0,0,0,0,0,0,0,0,0,0,0,0,2
java.lang.NumberFormatException: multiple points
linha fdp!!!!
0.543772,0.544444,0.181818,0.060845,0.244186,0.525920.411706,0.994444,0.545455,0.115963,0.339793,0.134467,0.559055,0.594488,0.507874,0.32943,1,0,0,0,0,0,0,0,0,0,0,0,0,0,0,0,0,0,0,0,0,0,0,0,0,0,0,0,0,0,0,0,1,0,0,0,0,0,0,0,0,0,0,0,20.409205,0.019444,0.484848,0.125268,0.344961,0.131235,0.645669,0.625984,0.464567,0.326642,1,0,0,0,0,0,0,0,0,0,0,0,0,0,0,0,0,0,0,0,0,0,0,0,0,0,0,0,0,0,0,0,1,0,0,0,0,0,0,0,0,0,0,0,2
java.lang.NumberFormatException: multiple points
linha fdp!!!!
0.54027,0.422222,0.181818,0.060845,0.245478,0.690319,0.925197,0.944882,0.5275590.472236,0.327778,0.30303,0.030064,0.231266,0.616271,0.984252,0.858268,0.34252,0.060365,1,0,0,0,0,0,0,0,0,0,0,0,0,0,0,0,0,0,0,0,0,0,0,0,0,1,0,0,0,0,0,0,0,0,0,0,0,0,0,0,0,0,0,0,1
java.lang.NumberFormatException: multiple points
linha fdp!!!!
0.449725,0.8,0.075758,0.088762,0.245478,0.216945,0.814961,0.9409450.538769,0.105556,0.242424,0.198282,0.183463,0.639595,0.858268,0.799213,0.452756,0.276593,1,0,0,0,0,0,0,0,0,0,0,0,0,0,0,0,0,0,0,0,0,0,0,0,0,1,0,0,0,0,0,0,0,0,0,0,0,0,0,0,0,0,0,0,20.536768,0.102778,0.212121,0.212598,0.178295,0.643108,0.862205,0.814961,0.476378,0.27241,1,0,0,0,0,0,0,0,0,0,0,0,0,0,0,0,0,0,0,0,0,0,0,0,0,1,0,0,0,0,0,0,0,0,0,0,0,0,0,0,0,0,0,0,2
java.lang.NumberFormatException: multiple points
linha fdp!!!!
0.567784,0.225,0.287879,0.137437,0.295866,0.73205,0.95270.596298,0.405556,0.106061,0.292054,0.329457,0.767458,0.905512,0.940945,0.559055,0.10902,1,0,0,0,0,0,0,0,0,0,0,0,0,0,0,0,0,0,0,0,0,0,0,0,0,0,0,0,0,0,0,0,1,0,0,0,0,0,0,0,0,0,0,0,2
java.lang.NumberFormatException: multiple points
linha fdp!!!!
0.448224,0.910.654827,0.141667,0.136364,0.370795,0.270026,0.468034,0.885827,0.870079,0.507874,0.476788,1,0,0,0,0,0,0,0,0,0,0,0,0,0,0,0,0,0,0,0,0,0,0,0,0,0,0,0,0,0,0,0,1,0,0,0,0,0,0,0,0,0,0,0,1
java.lang.NumberFormatException: multiple points
linha fdp!!!!
0.527264,0.283333,0.166667,0.339298,0.275194,0.418154,0.940945,0.885820.336668,0.3,0.030303,0.151754,0.237726,0.072081,0.870079,0.933071,0.594488,0.15154,1,0,0,0,0,0,0,0,0,0,0,0,1,0,0,0,0,0,0,0,0,0,0,0,0,0,0,0,0,0,0,0,0,0,0,0,0,0,0,0,0,0,0,0,10.336168,0.163889,0.060606,0.137437,0.236434,0.070676,0.877953,0.909449,0.562992,0.153353,1,0,0,0,0,0,0,0,0,0,0,0,1,0,0,0,0,0,0,0,0,0,0,0,0,0,0,0,0,0,0,0,0,0,0,0,0,0,0,0,0,0,0,0,1
java.lang.NumberFormatException: multiple points
linha fdp!!!!
0.522761,0.797222,0.318182,0.182534,0.337209,0.67870.506253,0.016667,0.19697,0.182534,0.280362,0.347197,0.80315,0.846457,0.57874,0.366932,1,0,0,0,0,0,0,0,0,0,0,0,0,0,0,1,0,0,0,0,0,0,0,0,0,0,0,0,0,0,0,0,0,0,0,0,0,0,0,0,0,0,0,0,2
java.lang.NumberFormatException: multiple points
linha fdp!!!!
0.564782,0.855556,0.151515,0.1374370.493247,0.119444,0.257576,0.167502,0.316537,0.369397,0.870079,0.791339,0.433071,0.392304,1,0,0,0,0,0,0,0,0,0,0,0,0,0,0,1,0,0,0,0,0,0,0,0,0,0,0,0,0,0,0,0,0,0,0,0,0,0,0,0,0,0,0,0,2
java.lang.NumberFormatException: multiple points
linha fdp!!!!
0.591296,0.388889,0.181818,0.1073730.51926,0.211111,0.181818,0.269148,0.280362,0.403962,0.92126,0.858268,0.448819,0.359543,1,0,0,0,0,0,0,0,0,0,0,0,0,0,0,1,0,0,0,0,0,0,0,0,0,0,0,0,0,0,0,0,0,0,0,0,0,0,0,0,0,0,0,0,2
java.lang.NumberFormatException: multiple points
linha fdp!!!!
0.58079,0.852778,0.075758,0.173228,0.280362,0.600393,0.0.572786,0.088889,0.212121,0.107373,0.24031,0.537165,0.850394,0.818898,0.492126,0.342535,1,0,0,0,0,0,0,0,0,0,0,0,0,0,0,0,0,0,0,0,0,0,0,0,0,0,0,0,0,0,0,0,0,1,0,0,0,0,0,0,0,0,0,0,2
java.lang.NumberFormatException: multiple points
linha fdp!!!!
0.481741,0.883333,0.090909,0.021475,0.223514,0.343820.582791,0.747222,0.287879,0.27917,0.369509,0.760011,0.661417,0.956693,0.838583,0.117803,1,0,0,0,0,0,0,0,0,0,0,0,0,0,0,0,0,0,0,0,0,0,0,0,0,0,0,0,0,0,0,0,1,0,0,0,0,0,0,0,0,0,0,0,20.587794,0.775,0.257576,0.299213,0.382429,0.757061,0.677165,0.944882,0.814961,0.115991,1,0,0,0,0,0,0,0,0,0,0,0,0,0,0,0,0,0,0,0,0,0,0,0,0,0,0,0,0,0,0,0,1,0,0,0,0,0,0,0,0,0,0,0,2
java.lang.NumberFormatException: multiple points
linha fdp!!!!
0.589795,0.758333,0.272727,0.292054,0.387597,0.760152,0.661417,0.0.583292,0.208333,0.106061,0.215462,0.293282,0.605452,0.897638,0.897638,0.523622,0.146382,1,0,0,0,0,0,0,0,0,0,0,0,0,0,0,0,0,0,0,0,0,0,0,0,0,0,0,0,0,0,0,0,0,1,0,0,0,0,0,0,0,0,0,0,2
java.lang.NumberFormatException: multiple points
linha fdp!!!!
0.50.611306,0.191667,0.166667,0.04796,0.237726,0.690459,0.909449,0.862205,0.468504,0.134672,1,0,0,0,0,0,0,0,0,0,0,0,0,0,0,0,0,0,0,0,0,0,0,0,0,0,1,0,0,0,0,0,0,0,0,0,0,0,0,0,0,0,0,0,2
java.lang.NumberFormatException: multiple points
linha fdp!!!!
0.630815,0.927778,0.181818,0.107373,0.236434,0.742448,0.755906,0.0.409205,0.15,0.227273,0.292054,0.232558,0.16566,0.897638,0.814961,0.433071,0.219434,1,0,0,0,0,0,0,0,0,0,0,0,0,0,0,0,0,0,0,0,0,0,0,0,0,0,1,0,0,0,0,0,0,0,0,0,0,0,0,0,0,0,0,0,2
java.lang.NumberFormatException: multiple points
linha fdp!!!!
0.543272,0.944444,0.272727,0.107373,0.280.617309,0.988889,0.045455,0.136006,0.235142,0.727835,0.84252,0.92126,0.61811,0.161439,1,0,0,0,0,0,0,0,0,0,0,0,0,0,0,0,0,0,0,0,0,0,0,0,0,0,0,0,0,0,0,0,1,0,0,0,0,0,0,0,0,0,0,0,10.616808,0,0.060606,0.156049,0.23385,0.726008,0.838583,0.913386,0.614173,0.164785,1,0,0,0,0,0,0,0,0,0,0,0,0,0,0,0,0,0,0,0,0,0,0,0,0,0,0,0,0,0,0,0,1,0,0,0,0,0,0,0,0,0,0,0,1
java.lang.NumberFormatException: multiple points
linha fdp!!!!
0.58079,0.791667,0.272727,0.202577,0.277778,0.827174,0.65748,0.933071,0.822835,0.258190.543272,0.488889,0.045455,0.021475,0.215762,0.583954,0.870079,0.948819,0.614173,0.320229,1,0,0,0,0,0,0,0,0,0,0,0,0,0,0,0,0,0,0,0,0,0,1,0,0,0,0,0,0,0,0,0,0,0,0,0,0,0,0,0,0,0,0,0,2
java.lang.NumberFormatException: multiple points
linha fdp!!!!
0.445723,0.202778,0.136364,0.068003,0.223514,0.211747,0.909440.55928,0.8,0.060606,0,0.223514,0.787972,0.822835,0.940945,0.665354,0.299456,1,0,0,0,0,0,0,0,0,0,0,0,0,0,0,0,0,0,0,0,0,0,0,0,0,1,0,0,0,0,0,0,0,0,0,0,0,0,0,0,0,0,0,0,1
java.lang.NumberFormatException: multiple points
linha fdp!!!!
0.449725,0.230.483242,0.063889,0.106061,0,0.223514,0.202473,0.850394,0.885827,0.570866,0.352712,1,0,0,0,0,0,0,0,0,0,0,0,0,0,0,0,0,0,0,0,0,0,0,0,0,0,0,0,0,0,0,0,1,0,0,0,0,0,0,0,0,0,0,0,10.482241,0.108333,0.136364,0,0.223514,0.19882,0.870079,0.866142,0.527559,0.352014,1,0,0,0,0,0,0,0,0,0,0,0,0,0,0,0,0,0,0,0,0,0,0,0,0,0,0,0,0,0,0,0,1,0,0,0,0,0,0,0,0,0,0,0,1
java.lang.NumberFormatException: multiple points
linha fdp!!!!
0.665330.564282,0.375,0.136364,0.151754,0.25323,0.555712,0.925197,0.929134,0.523622,0.364422,1,0,0,0,0,0,0,0,0,0,0,0,0,0,0,0,0,0,0,0,0,0,0,0,0,0,0,0,0,0,0,0,1,0,0,0,0,0,0,0,0,0,0,0,1
java.lang.NumberFormatException: multiple points
linha fdp!!!!
0.56220.558279,0.936111,0.106061,0.215462,0.223514,0.404243,0.80315,0.905512,0.649606,0.285097,1,0,0,0,0,0,0,0,0,0,0,0,0,0,0,0,0,0,0,0,0,0,0,0,0,0,0,0,0,0,0,0,1,0,0,0,0,0,0,0,0,0,0,0,2
java.lang.NumberFormatException: multiple points
linha fdp!!!!
0.704852,0.65,0.151515,0.557623,0.475452,0.875509,0.799213,0.980315,0.720472,0.27790.496248,0.388889,0.181818,0.204009,0.286822,0.164395,0.937008,0.929134,0.5,0.278545,1,0,0,0,0,0,0,0,0,0,0,0,0,0,0,0,0,0,0,0,0,0,0,0,0,0,0,0,0,0,0,0,0,1,0,0,0,0,0,0,0,0,0,0,2
java.lang.NumberFormatException: multiple points
linha fdp!!!!
0.582791,0.15,0.121212,0.077300.548774,0.2,0.106061,0.042949,0.226098,0.263454,0.897638,0.893701,0.523622,0.199777,1,0,0,0,0,0,0,0,0,0,0,0,0,0,0,0,0,0,0,0,0,0,0,0,0,0,0,0,0,0,0,0,1,0,0,0,0,0,0,0,0,0,0,0,2
java.lang.NumberFormatException: multiple points
linha fdp!!!!
0.604302,0.711110.63932,0.663889,0.151515,0.23121,0.295866,0.807082,0.795276,0.980315,0.724409,0.354384,1,0,0,0,0,0,0,0,0,0,0,0,0,0,0,0,0,0,0,0,0,0,0,0,0,0,0,0,0,0,0,0,0,1,0,0,0,0,0,0,0,0,0,0,2
java.lang.NumberFormatException: multiple points
linha fdp!!!!
0.450225,0.180556,0.242424,0.121689,0.315245,0.024589,0.917323,0.814961,0.3976380.637819,0.216667,0.19697,0.2398,0.299742,0.589293,0.933071,0.846457,0.417323,0.483619,1,0,0,0,0,0,0,0,0,0,0,0,0,0,0,0,0,0,0,0,0,0,0,0,0,1,0,0,0,0,0,0,0,0,0,0,0,0,0,0,0,0,0,0,1
java.lang.NumberFormatException: multiple points
linha fdp!!!!
0.666333,0.75,0.333333,0.369363,0.339793,0.833497,0.622047,0.9488190.498249,0.288889,0.090909,0.150322,0.307494,0.107489,0.905512,0.917323,0.535433,0.289976,1,0,0,0,0,0,0,0,0,0,0,0,0,0,0,0,0,0,0,0,0,0,0,0,0,0,0,0,0,0,0,0,0,1,0,0,0,0,0,0,0,0,0,0,20.496248,0.305556,0.136364,0.171797,0.312661,0.104398,0.929134,0.905512,0.496063,0.293601,1,0,0,0,0,0,0,0,0,0,0,0,0,0,0,0,0,0,0,0,0,0,0,0,0,0,0,1,0,0,0,0,0,0,0,0,0,0,0,0,0,0,0,0,2
java.lang.NumberFormatException: multiple points
linha fdp!!!!
0.622311,0.141667,0.181818,0.077309,0.245478,0.493326,0.889764,0.84252,0.472441,0.160.610805,0.186111,0.136364,0.19184,0.228682,0.449206,0.901575,0.874016,0.492126,0.124773,1,0,0,0,0,0,0,0,0,0,0,0,0,0,0,0,0,0,0,0,0,0,0,0,0,0,0,0,0,0,0,0,1,0,0,0,0,0,0,0,0,0,0,0,2
java.lang.NumberFormatException: multiple points
learning evaluation instances,Wall Time (Actual Time),Avg Delay (ms),outRate (inst/s),classified instances,classifications correct (percent),Kappa Statistic (percent),Kappa Temporal Statistic (percent),Kappa M Statistic (percent),F1 Score (percent),F1 Score for class 0 (percent),F1 Score for class 1 (percent),F1 Score for class 2 (percent),F1 Score for class 3 (percent),F1 Score for class 4 (percent),F1 Score for class 5 (percent),F1 Score for class 6 (percent),Precision (percent),Precision for class 0 (percent),Precision for class 1 (percent),Precision for class 2 (percent),Precision for class 3 (percent),Precision for class 4 (percent),Precision for class 5 (percent),Precision for class 6 (percent),Recall (percent),Recall for class 0 (percent),Recall for class 1 (percent),Recall for class 2 (percent),Recall for class 3 (percent),Recall for class 4 (percent),Recall for class 5 (percent),Recall for class 6 (percent),model training instances,model serialized size (bytes)
133450.0,600.0159912109375,147.0,222.41073608398438,133400.0,89.45802098950524,76.75365591064534,-31.626731561213063,66.87161366313312,67.79566821455512,?,80.27336668841998,93.70186394421364,69.64824120603016,86.73068529026625,69.01408450704226,71.99180747567844,70.06968919611516,0.0,91.83326420572376,90.11097235336521,73.17845828933474,79.41646682653877,78.22616407982261,77.722498618021,65.66460842234727,0.0,71.29838346106781,97.59082512315271,66.44295302013423,95.52884615384616,61.743087154357724,67.04816404387219,0.0,1.0
