Connected!
linha fdp!!!!
0.151076,0.313889,0.484848,0.327845,0.40690.574787,0.547222,0.106061,0.423049,0.330749,0.280455,0.858268,0.968504,0.641732,0.361216,0,0,1,0,0,0,0,0,0,0,0,0,0,0,0,0,0,0,0,0,0,0,0,0,0,0,0,0,0,0,0,0,0,0,0,1,0,0,0,0,0,0,0,0,2
java.lang.NumberFormatException: multiple points
linha fdp!!!!
0.062031,0.030556,0.530303,0.214746,0.394057,0.037937,0.637795,0.582677,0.405512,0.120.091546,0.113889,0.484848,0.265569,0.196382,0.056203,0.811024,0.606299,0.244094,0.129932,0,0,0,1,1,0,0,0,0,0,0,0,0,0,0,0,0,0,0,0,0,0,0,0,0,0,0,0,0,0,0,0,0,0,0,0,0,0,0,0,0,0,0,0,60.523762,0.288889,0.287879,0.173228,0.325581,0.1547,0.976378,0.84252,0.34252,0.046145,1,0,0,0,0,0,0,0,0,0,0,0,0,0,0,0,0,0,0,0,0,0,0,0,0,0,0,0,0,0,0,0,0,1,0,0,0,0,0,0,0,0,0,0,5
java.lang.NumberFormatException: multiple points
linha fdp!!!!
0.215608,0.097222,0.151515,0.14388,0.267442,0.1011660.129065,0.266667,0.575758,0.077309,0.308786,0.050864,0.980315,0.61811,0,0.04266,0,0,0,1,0,0,1,0,0,0,0,0,0,0,0,0,0,0,0,0,0,0,0,0,0,0,0,0,0,0,0,0,0,0,0,0,0,0,0,0,0,0,0,0,4
java.lang.NumberFormatException: multiple points
linha fdp!!!!
0.777889,0.316667,0.136364,0.334288,0.164083,0.133905,0.925197,0.913386,0.503937,0.00.572286,0.875,0.242424,0.04796,0.223514,0.478853,0.692913,0.889764,0.744094,0.156978,0,0,1,0,0,0,0,0,0,0,0,0,0,0,0,0,0,0,0,0,0,0,0,0,0,1,0,0,0,0,0,0,0,0,0,0,0,0,0,0,0,0,0,0,1
java.lang.NumberFormatException: multiple points
linha fdp!!!!
0.148574,0.3,0.5300.425213,0.047222,0.287879,0.042949,0.24031,0.401574,0.787402,0.771654,0.503937,0.900878,1,0,0,0,0,0,0,0,0,0,0,0,0,0,0,0,0,0,0,0,0,0,0,0,0,0,0,0,0,0,0,0,1,0,0,0,0,0,0,0,0,0,0,0,2
java.lang.NumberFormatException: multiple points
linha fdp!!!!
0.348174,0.45,0.393939,0.021475,0.0.458229,0.111111,0.181818,0,0.223514,0.531263,0.870079,0.84252,0.496063,0.769552,1,0,0,0,0,0,0,0,0,0,0,0,0,0,0,0,0,0,0,1,0,0,0,0,0,0,0,0,0,0,0,0,0,0,0,0,0,0,0,0,0,0,0,0,20.45973,0.913889,0.257576,0.021475,0.236434,0.527048,0.700787,0.858268,0.704724,0.773735,1,0,0,0,0,0,0,0,0,0,0,0,0,0,0,0,0,0,0,1,0,0,0,0,0,0,0,0,0,0,0,0,0,0,0,0,0,0,0,0,0,0,0,0,2
java.lang.NumberFormatException: multiple points
linha fdp!!!!
0.443222,0.402778,0.393939,0.107373,0.324289,0.0.553277,0.183333,0.136364,0.258411,0.22093,0.874807,0.901575,0.877953,0.5,0.43371,1,0,0,0,0,0,0,0,0,0,0,0,0,0,0,0,0,0,0,0,0,0,0,0,0,0,0,0,0,0,0,0,0,1,0,0,0,0,0,0,0,0,0,0,2
java.lang.NumberFormatException: multiple points
linha fdp!!!!
0.3992,0.011111,0.13630.409705,0.1,0.121212,0.271296,0.255814,0.213995,0.866142,0.870079,0.53937,0.834937,1,0,0,0,0,0,0,0,0,0,0,0,0,0,0,0,0,0,0,0,0,0,0,0,0,0,0,0,0,0,0,0,1,0,0,0,0,0,0,0,0,0,0,0,2
java.lang.NumberFormatException: multiple points
linha fdp!!!!
0.533767,0.341667,0.242424,0.182534,0.29199,0.751862,0.968504,0.880.546773,0.308333,0.212121,0.221188,0.308786,0.7846,0.96063,0.877953,0.413386,0.546773,1,0,0,0,0,0,0,0,0,0,0,0,0,0,0,0,0,0,0,0,0,0,0,0,0,0,0,0,0,0,0,0,1,0,0,0,0,0,0,0,0,0,0,0,2
java.lang.NumberFormatException: multiple points
linha fdp!!!!
0.463232,0.1416670.390195,0.097222,0.136364,0.021475,0.22739,0.205564,0.862205,0.866142,0.535433,0.731214,1,0,0,0,0,0,0,0,0,0,0,0,0,0,0,0,0,0,0,0,0,0,0,0,0,0,0,0,0,0,0,0,1,0,0,0,0,0,0,0,0,0,0,0,2
java.lang.NumberFormatException: multiple points
linha fdp!!!!
0.311656,0.125,0.060606,0.128848,0.229974,0.122524,0.8700790.589295,0.25,0.060606,0.154617,0.236434,0.915414,0.889764,0.917323,0.555118,0.483061,1,0,0,0,0,0,0,0,0,0,0,0,0,0,0,0,0,0,0,0,0,0,0,0,0,0,0,0,0,0,0,0,1,0,0,0,0,0,0,0,0,0,0,0,2
java.lang.NumberFormatException: multiple points
linha fdp!!!!
0.5993,0.455556,0.181818,0.167502,0.22093,0.82043,0.909449,0.9566930.401201,0.330556,0.30303,0.273443,0.344961,0.161023,0.980315,0.862205,0.350394,0.508574,1,0,0,0,0,0,0,0,0,0,0,0,0,0,0,0,0,0,0,0,0,0,0,0,0,0,0,0,0,0,0,0,1,0,0,0,0,0,0,0,0,0,0,0,2
java.lang.NumberFormatException: multiple points
linha fdp!!!!
0.527264,0.080556,0.181818,0.303508,0.29199,0.564283,0.8500.589295,0.297222,0.090909,0.596994,0.375969,0.76254,0.909449,0.913386,0.527559,0.798411,1,0,0,0,0,0,0,0,0,0,0,0,0,0,0,1,0,0,0,0,0,0,0,0,0,0,0,0,0,0,0,0,0,0,0,0,0,0,0,0,0,0,0,0,20.586293,0.327778,0.060606,0.584109,0.368217,0.759028,0.889764,0.929134,0.570866,0.802035,1,0,0,0,0,0,0,0,0,0,0,0,0,0,0,1,0,0,0,0,0,0,0,0,0,0,0,0,0,0,0,0,0,0,0,0,0,0,0,0,0,0,0,0,2
java.lang.NumberFormatException: multiple points
linha fdp!!!!
0.587794,0.677778,0.19697,0.386543,0.414729,0.842209,0.759843,0.984252,0.76378,0.724380.54027,0.925,0.045455,0.369363,0.312661,0.578334,0.834646,0.925197,0.633858,0.778754,1,0,0,0,0,0,0,0,0,0,0,0,0,0,0,1,0,0,0,0,0,0,0,0,0,0,0,0,0,0,0,0,0,0,0,0,0,0,0,0,0,0,0,0,2
java.lang.NumberFormatException: multiple points
linha fdp!!!!
0.704352,0.286111,0.090909,0.590.551776,0.45,0.181818,0.228346,0.282946,0.730645,0.913386,0.956693,0.555118,0.615921,1,0,0,0,0,0,0,0,0,0,0,0,0,0,0,0,0,0,0,0,0,0,0,0,0,0,0,0,0,0,0,0,1,0,0,0,0,0,0,0,0,0,0,0,20.550275,0.463889,0.19697,0.24481,0.27907,0.733034,0.905512,0.96063,0.566929,0.61857,1,0,0,0,0,0,0,0,0,0,0,0,0,0,0,0,0,0,0,0,0,0,0,0,0,0,0,0,0,0,0,0,1,0,0,0,0,0,0,0,0,0,0,0,2
java.lang.NumberFormatException: multiple points
linha fdp!!!!
0.545273,0.125,0.106061,0.021475,0.22093,0.681326,0.87400.529265,0.425,0.030303,0.219041,0.271318,0.470563,0.874016,0.940945,0.602362,0.626795,1,0,0,0,0,0,0,0,0,0,0,0,0,0,0,1,0,0,0,0,0,0,0,0,0,0,0,0,0,0,0,0,0,0,0,0,0,0,0,0,0,0,0,0,20.532766,0.275,0.075758,0.215462,0.280362,0.466489,0.897638,0.917323,0.551181,0.622891,1,0,0,0,0,0,0,0,0,0,0,0,0,0,0,1,0,0,0,0,0,0,0,0,0,0,0,0,0,0,0,0,0,0,0,0,0,0,0,0,0,0,0,0,2
java.lang.NumberFormatException: multiple points
linha fdp!!!!
0.537269,0.13050.661831,0.35,0.227273,0.125268,0.241602,0.43375,0.96063,0.897638,0.429134,0.719225,1,0,0,0,0,0,0,0,0,0,0,0,0,0,0,0,0,0,0,0,0,0,0,0,0,0,0,0,0,0,0,0,0,1,0,0,0,0,0,0,0,0,0,0,10.658329,0.338889,0.242424,0.136006,0.24031,0.435436,0.964567,0.889764,0.409449,0.720201,1,0,0,0,0,0,0,0,0,0,0,0,0,0,0,0,0,0,0,0,0,0,0,0,0,0,0,0,0,0,0,0,0,1,0,0,0,0,0,0,0,0,0,0,1
java.lang.NumberFormatException: multiple points
linha fdp!!!!
0.571286,0.341667,0.1515150.587794,0.741667,0.212121,0.496063,0.27907,0.819587,0.724409,0.964567,0.787402,0.739021,1,0,0,0,0,0,0,0,0,0,0,0,0,0,0,1,0,0,0,0,0,0,0,0,0,0,0,0,0,0,0,0,0,0,0,0,0,0,0,0,0,0,0,0,1
java.lang.NumberFormatException: multiple points
linha fdp!!!!
0.474237,0.172222,0.10.535268,0.991667,0.136364,0.068003,0.228682,0.629198,0.811024,0.88189,0.614173,0.625819,1,0,0,0,0,0,0,0,0,0,0,0,0,0,0,0,0,0,0,0,0,0,0,0,0,0,0,0,0,0,0,0,1,0,0,0,0,0,0,0,0,0,0,0,10.534767,0.108333,0.136364,0.077309,0.23385,0.625544,0.870079,0.862205,0.523622,0.62331,1,0,0,0,0,0,0,0,0,0,0,0,0,0,0,0,0,0,0,0,0,0,0,0,0,0,0,0,0,0,0,0,1,0,0,0,0,0,0,0,0,0,0,0,1
java.lang.NumberFormatException: multiple points
linha fdp!!!!
0.531766,0.730556,0.090909,0.19184,0.251938,0.749754,0.807087,0.95660.382191,0.058333,0.121212,0.2398,0.237726,0.124069,0.846457,0.877953,0.570866,0.117106,1,0,0,0,0,0,0,0,0,0,0,0,0,0,0,1,0,0,0,0,0,0,0,0,0,0,0,0,0,0,0,0,0,0,0,0,0,0,0,0,0,0,0,0,2
java.lang.NumberFormatException: multiple points
linha fdp!!!!
0.551776,0.6472220.5993,0.333333,0.212121,0.194703,0.29845,0.736968,0.956693,0.897638,0.437008,0.46452,1,0,0,0,0,0,0,0,0,0,0,0,0,0,0,0,0,0,0,0,0,0,0,0,0,0,0,0,0,0,0,0,1,0,0,0,0,0,0,0,0,0,0,0,20.595798,0.333333,0.212121,0.173228,0.289406,0.732753,0.956693,0.897638,0.437008,0.463126,1,0,0,0,0,0,0,0,0,0,0,0,0,0,0,0,0,0,0,0,0,0,0,0,0,0,0,0,0,0,0,0,1,0,0,0,0,0,0,0,0,0,0,0,2
java.lang.NumberFormatException: multiple points
linha fdp!!!!
0.622311,0.2,0.070.426213,0.95,0.19697,0.021475,0.218346,0.446958,0.759843,0.866142,0.653543,0.239649,1,0,0,0,0,0,0,0,0,0,0,0,0,0,0,0,0,0,0,1,0,0,0,0,0,0,0,0,0,0,0,0,0,0,0,0,0,0,0,0,0,0,0,0,2
java.lang.NumberFormatException: multiple points
linha fdp!!!!
0.454220.471236,0.925,0.409091,0.154617,0.352713,0.406351,0.582677,0.76378,0.704724,0.260421,1,0,0,0,0,0,0,0,0,0,0,0,0,0,0,0,0,0,0,0,0,0,0,0,0,0,0,0,0,0,0,0,1,0,0,0,0,0,0,0,0,0,0,0,2
java.lang.NumberFormatException: multiple points
linha fdp!!!!
0.437219,0.25,0.030303,0,0.223514,0.228186,0.877953,0.90.512756,0.191667,0.333333,0.042949,0.232558,0.692567,0.933071,0.748031,0.283465,0.02133,1,0,0,0,0,0,0,0,0,0,0,0,0,0,0,0,0,0,0,0,0,0,0,0,0,0,0,0,0,0,0,0,0,1,0,0,0,0,0,0,0,0,0,0,2
java.lang.NumberFormatException: multiple points
linha fdp!!!!
0.494247,0.238889,0.166667,0,0.223514,0.680483,0.929134,0.87400.569785,0.963889,0.045455,0.077309,0.237726,0.548405,0.838583,0.92126,0.625984,0.104838,1,0,0,0,0,0,0,0,0,0,0,0,0,0,0,0,0,0,0,0,0,0,0,0,0,0,0,0,0,0,0,0,1,0,0,0,0,0,0,0,0,0,0,0,1
java.lang.NumberFormatException: multiple points
linha fdp!!!!
0.543272,0.938889,0.212121,0,0.223514,0.590979,0.740.607304,0.219444,0.19697,0.021475,0.231266,0.50274,0.933071,0.850394,0.42126,0.399972,1,0,0,0,0,0,0,0,0,0,0,0,0,0,0,0,0,0,0,0,0,0,0,0,0,0,1,0,0,0,0,0,0,0,0,0,0,0,0,0,0,0,0,0,10.604302,0.208333,0.19697,0,0.223514,0.506253,0.925197,0.850394,0.433071,0.39579,1,0,0,0,0,0,0,0,0,0,0,0,0,0,0,0,0,0,0,0,0,0,0,0,0,0,1,0,0,0,0,0,0,0,0,0,0,0,0,0,0,0,0,0,1
java.lang.NumberFormatException: multiple points
linha fdp!!!!
0.651826,0.227778,0.075758,0.1717970.462731,0.111111,0.227273,0.090909,0.229974,0.223549,0.866142,0.814961,0.464567,0.23226,1,0,0,0,0,0,0,0,0,0,0,0,0,0,0,1,0,0,0,0,0,0,0,0,0,0,0,0,0,0,0,0,0,0,0,0,0,0,0,0,0,0,0,0,20.45973,0.102778,0.227273,0.077309,0.229974,0.220599,0.862205,0.811024,0.468504,0.228217,1,0,0,0,0,0,0,0,0,0,0,0,0,0,0,1,0,0,0,0,0,0,0,0,0,0,0,0,0,0,0,0,0,0,0,0,0,0,0,0,0,0,0,0,2
java.lang.NumberFormatException: multiple points
linha fdp!!!!
0.486243,0.277778,0.106061,0.236936,0.284238,0.27905,0.913386,0.909449,0.515748,0.18870.635318,0.016667,0.106061,0.154617,0.25323,0.385556,0.830709,0.889764,0.598425,0.493796,1,0,0,0,0,0,0,0,0,0,0,0,0,0,0,0,0,0,0,0,0,0,0,0,0,0,0,0,0,0,0,0,0,1,0,0,0,0,0,0,0,0,0,0,10.635318,0.013889,0.136364,0.14388,0.270026,0.38963,0.822835,0.877953,0.598425,0.490171,1,0,0,0,0,0,0,0,0,0,0,0,0,0,0,0,0,0,0,0,0,0,0,0,0,0,0,0,0,0,0,0,0,1,0,0,0,0,0,0,0,0,0,0,1
java.lang.NumberFormatException: multiple points
linha fdp!!!!
0.546273,0.352778,0.166667,0.030064,0.235142,0.74610.61981,0.752778,0.257576,0.499642,0.437984,0.864409,0.681102,0.956693,0.818898,0.211766,1,0,0,0,0,0,0,0,0,0,0,0,0,0,0,0,0,0,0,0,0,0,0,0,0,0,0,0,0,0,0,0,1,0,0,0,0,0,0,0,0,0,0,0,1
java.lang.NumberFormatException: multiple points
linha fdp!!!!
0.545273,0.986111,0.621212,0.0.52026,0.808333,0.227273,0.021475,0.235142,0.433469,0.69685,0.929134,0.783465,0.334867,1,0,0,0,0,0,0,0,0,0,0,0,0,0,0,0,0,0,0,0,0,0,0,0,0,0,0,0,0,0,0,0,1,0,0,0,0,0,0,0,0,0,0,0,2
java.lang.NumberFormatException: multiple points
linha fdp!!!!
0.567784,0.9833330.495248,0.319444,0.242424,0.173228,0.25969,0.16861,0.968504,0.874016,0.393701,0.269343,1,0,0,0,0,0,0,0,0,0,0,0,0,0,0,0,0,0,0,0,0,0,0,0,0,0,0,0,0,0,0,0,1,0,0,0,0,0,0,0,0,0,0,0,1
java.lang.NumberFormatException: multiple points
linha fdp!!!!
0.615308,0.036111,0.121212,0.021475,0.226090.702851,0.413889,0.181818,0.403722,0.317829,0.836448,0.929134,0.940945,0.515748,0.415447,1,0,0,0,0,0,0,0,0,0,0,0,0,0,0,0,0,0,0,0,0,0,0,0,0,0,0,0,0,0,0,0,1,0,0,0,0,0,0,0,0,0,0,0,2
java.lang.NumberFormatException: multiple points
linha fdp!!!!
0.637319,0.705556,0.181810.670835,0.683333,0.090909,0.357194,0.235142,0.838275,0.814961,0.964567,0.692913,0.411962,1,0,0,0,0,0,0,0,0,0,0,0,0,0,0,0,0,0,0,0,0,0,0,0,0,0,0,0,0,0,0,0,1,0,0,0,0,0,0,0,0,0,0,0,2
java.lang.NumberFormatException: multiple points
linha fdp!!!!
0.50.605803,0.494444,0.106061,0.090909,0.23385,0.528031,0.88189,0.964567,0.610236,0.081138,1,0,0,0,0,0,0,0,0,0,0,0,0,0,0,0,0,0,0,0,0,0,0,0,0,0,0,0,0,0,0,0,1,0,0,0,0,0,0,0,0,0,0,0,2
java.lang.NumberFormatException: multiple points
linha fdp!!!!
0.724362,0.858333,0.090909,0.287750.626313,0.125,0.106061,0.088762,0.226098,0.335675,0.874016,0.885827,0.543307,0.187927,1,0,0,0,0,0,0,0,0,0,0,0,0,0,0,0,0,0,0,0,0,0,0,0,0,0,0,0,0,0,0,0,1,0,0,0,0,0,0,0,0,0,0,0,10.624812,0.15,0.121212,0.107373,0.226098,0.331881,0.885827,0.877953,0.515748,0.19183,1,0,0,0,0,0,0,0,0,0,0,0,0,0,0,0,0,0,0,0,0,0,0,0,0,0,0,0,0,0,0,0,1,0,0,0,0,0,0,0,0,0,0,0,1
java.lang.NumberFormatException: multiple points
linha fdp!!!!
0.575288,0.133330.692846,0.752778,0.166667,0.173228,0.249354,0.82324,0.755906,0.96063,0.751969,0.178865,1,0,0,0,0,0,0,0,0,0,0,0,0,0,0,0,0,0,0,0,0,0,0,0,0,1,0,0,0,0,0,0,0,0,0,0,0,0,0,0,0,0,0,0,10.695348,0.761111,0.136364,0.184681,0.255814,0.819868,0.767717,0.956693,0.73622,0.179702,1,0,0,0,0,0,0,0,0,0,0,0,0,0,0,0,0,0,0,0,0,0,0,0,0,1,0,0,0,0,0,0,0,0,0,0,0,0,0,0,0,0,0,0,1
java.lang.NumberFormatException: multiple points
linha fdp!!!!
0.583292,0.10.572286,0.280556,0.212121,0.171797,0.25323,0.126317,0.956693,0.866142,0.409449,0.320368,1,0,0,0,0,0,0,0,0,0,0,0,0,0,0,0,0,0,0,0,0,0,0,0,0,0,0,0,0,0,0,0,1,0,0,0,0,0,0,0,0,0,0,0,20.566783,0.297222,0.257576,0.193271,0.241602,0.122524,0.972441,0.854331,0.362205,0.317998,1,0,0,0,0,0,0,0,0,0,0,0,0,0,0,0,0,0,0,0,0,0,0,0,0,0,0,0,0,0,0,0,1,0,0,0,0,0,0,0,0,0,0,0,2
java.lang.NumberFormatException: multiple points
linha fdp!!!!
0.69985,0.716667,0.106061,0.386543,0.372093,0.60.678839,0.1,0.19697,0.021475,0.219638,0.39778,0.862205,0.830709,0.496063,0.308518,1,0,0,0,0,0,0,0,0,0,0,0,0,0,0,0,0,0,0,0,0,0,0,0,0,1,0,0,0,0,0,0,0,0,0,0,0,0,0,0,0,0,0,0,1
java.lang.NumberFormatException: multiple points
linha fdp!!!!
0.48024,0.85,0.606061,0.464567,0.794574,0.102009,0.326772,0.720472,0.80.458229,0.086111,0.393939,0.030064,0.22739,0.199241,0.799213,0.685039,0.370079,0.245504,0,0,1,0,0,0,0,0,0,0,0,0,0,0,0,0,0,0,0,0,0,0,0,0,0,0,0,1,0,0,0,0,0,0,0,0,0,0,0,0,0,0,0,0,2
java.lang.NumberFormatException: multiple points
linha fdp!!!!
0.568284,0.916667,0.242424,0.0.732866,0.802778,0.136364,0.300644,0.27907,0.482928,0.76378,0.940945,0.728346,0.213021,1,0,0,0,0,0,0,0,0,0,0,0,0,0,0,0,0,0,0,0,0,0,0,0,0,0,0,0,0,0,0,0,0,0,0,0,0,0,0,0,0,0,1,0,10.734867,0.822222,0.106061,0.322119,0.284238,0.479837,0.787402,0.937008,0.700787,0.216088,1,0,0,0,0,0,0,0,0,0,0,0,0,0,0,0,0,0,0,0,0,0,0,0,0,0,0,0,0,0,0,0,0,0,0,0,0,0,0,0,0,0,1,0,1
java.lang.NumberFormatException: multiple points
linha fdp!!!!
0.378189,0.925,0.560606,0.214746,0.0.716358,0.275,0.30303,0.173228,0.306202,0.365744,0.976378,0.818898,0.314961,0.370417,1,0,0,0,0,0,0,0,0,0,0,0,0,0,0,0,0,0,0,0,0,0,0,0,0,0,0,0,0,0,0,0,0,1,0,0,0,0,0,0,0,0,0,0,1
java.lang.NumberFormatException: multiple points
linha fdp!!!!
0.470735,0.311111,0.136364,0.1980.49925,0.108333,0.227273,0.395848,0.432817,0.125755,0.862205,0.814961,0.468504,0.052419,0,0,1,0,0,0,0,0,0,0,0,0,0,0,0,0,0,0,0,0,0,0,0,0,0,0,0,0,0,0,0,0,0,0,0,0,1,0,0,0,0,0,0,0,10.496748,0.122222,0.227273,0.382248,0.426357,0.124772,0.874016,0.807087,0.448819,0.048794,0,0,1,0,0,0,0,0,0,0,0,0,0,0,0,0,0,0,0,0,0,0,0,0,0,0,0,0,0,0,0,0,0,0,0,0,1,0,0,0,0,0,0,0,1
java.lang.NumberFormatException: multiple points
linha fdp!!!!
0.481741,0.694444,0.227273,0.231926,0.310078,0.15203,0.0.532266,0.891667,0.106061,0.173228,0.277778,0.132359,0.799213,0.92126,0.669291,0.284679,0,0,1,0,0,0,0,0,0,0,0,0,0,0,0,0,0,0,0,0,0,0,0,0,0,0,0,0,0,0,0,0,0,0,1,0,0,0,0,0,0,0,0,0,2
java.lang.NumberFormatException: multiple points
linha fdp!!!!
0.478739,0.375,0.212121,0.251253,0.302326,0.181818,0.948819,0.9170.237119,0.925,0.151515,0.211167,0.170543,0.004215,0.779528,0.897638,0.665354,0.086993,0,0,0,1,0,1,0,0,0,0,0,0,0,0,0,0,0,0,0,0,0,0,0,0,0,0,0,0,0,0,0,0,0,0,0,0,0,0,0,0,0,0,0,0,2
java.lang.NumberFormatException: multiple points
linha fdp!!!!
0.503752,0.105556,0.0.496748,0.911111,0.378788,0.068003,0.284238,0.015175,0.594488,0.791339,0.732283,0.087969,1,0,0,0,0,0,0,0,0,0,0,0,0,0,0,0,0,0,0,0,0,0,0,0,0,0,0,0,0,0,0,0,1,0,0,0,0,0,0,0,0,0,0,0,20.501251,0.911111,0.409091,0.077309,0.290698,0.016861,0.566929,0.775591,0.732283,0.083786,1,0,0,0,0,0,0,0,0,0,0,0,0,0,0,0,0,0,0,0,0,0,0,0,0,0,0,0,0,0,0,0,1,0,0,0,0,0,0,0,0,0,0,0,2
java.lang.NumberFormatException: multiple points
linha fdp!!!!
0.2001,0.163889,0.454545,0.068003,0.226098,0.134888,0.893701,0.649606,0.19685,0.132300.477239,0.95,0.030303,0,0.223514,0.178868,0.84252,0.925197,0.625984,0.150565,0,0,1,0,0,0,0,0,0,0,0,0,0,0,0,0,0,0,0,0,0,0,0,0,0,0,1,0,0,0,0,0,0,0,0,0,0,0,0,0,0,0,0,0,20.477739,0.958333,0.045455,0.021475,0.226098,0.181256,0.84252,0.925197,0.625984,0.154747,0,0,1,0,0,0,0,0,0,0,0,0,0,0,0,0,0,0,0,0,0,0,0,0,0,0,1,0,0,0,0,0,0,0,0,0,0,0,0,0,0,0,0,0,2
java.lang.NumberFormatException: multiple points
linha fdp!!!!
0.586793,0.402778,0.287879,0.23121,0.3682170.530765,0.294444,0.242424,0.23622,0.365633,0.046508,0.968504,0.858268,0.377953,0.101213,1,0,0,0,0,0,0,0,0,0,0,0,0,0,0,0,0,0,0,0,0,0,0,0,0,0,0,0,0,0,0,0,1,0,0,0,0,0,0,0,0,0,0,0,2
java.lang.NumberFormatException: multiple points
linha fdp!!!!
0.689345,0.077778,0.257576,0.128848,0.282946,0.500351,0.826772,0.787402,0.472441,0.0.158079,0.888889,0.469697,0.021475,0.254522,0.101869,0.496063,0.767717,0.787402,0.222362,0,0,0,1,0,0,0,0,0,0,0,0,0,0,0,0,0,0,0,1,0,0,0,0,0,0,0,0,0,0,0,0,0,0,0,0,0,0,0,0,0,0,0,0,3
java.lang.NumberFormatException: multiple points
linha fdp!!!!
0.188094,0.891667,0.348485,0.150322,0.350129,0.155403,0.610236,0.830709,0.759843,0.1090.271136,0.297222,0.227273,0.198282,0.430233,0.052831,0.964567,0.866142,0.393701,0.265858,0,0,0,1,0,0,0,0,0,1,0,0,0,0,0,0,0,0,0,0,0,0,0,0,0,0,0,0,0,0,0,0,0,0,0,0,0,0,0,0,0,0,0,0,40.238119,0.316667,0.515152,0.14388,0.361757,0.062667,1,0.724409,0.106299,0.257493,0,0,0,1,0,0,1,0,0,0,0,0,0,0,0,0,0,0,0,0,0,0,0,0,0,0,0,0,0,0,0,0,0,0,0,0,0,0,0,0,0,0,0,0,4
java.lang.NumberFormatException: multiple points
linha fdp!!!!
0.289145,0.675,0.257576,0.282749,0.439276,0.141352,0.72830.551276,0.022222,0.181818,0.10952,0.260982,0.435436,0.811024,0.850394,0.57874,0.154747,0,0,1,0,0,0,0,0,0,0,0,0,0,0,0,0,0,0,0,0,0,0,0,0,0,0,0,0,0,0,0,0,0,0,1,0,0,0,0,0,0,0,0,0,2
java.lang.NumberFormatException: multiple points
linha fdp!!!!
0.625813,0.297222,0.530303,0.27917,0.229974,0.109878,0.0.583792,0.1,0.090909,0.3801,0.276486,0.431643,0.866142,0.889764,0.559055,0.091315,0,0,1,0,0,0,0,0,0,0,0,0,0,0,0,0,0,0,0,0,0,0,0,0,0,0,0,0,0,0,0,0,0,0,0,1,0,0,0,0,0,0,0,0,2
java.lang.NumberFormatException: multiple points
linha fdp!!!!
0.29965,0.95,0.318182,0.042949,0.258398,0.173247,0.677165,0.790.592296,0.647222,0.030303,0.156049,0.22739,0.444288,0.846457,0.948819,0.641732,0.157396,0,0,1,0,0,0,0,0,0,0,0,0,0,0,0,0,0,0,0,0,0,0,0,0,0,0,0,0,0,0,0,0,0,0,0,1,0,0,0,0,0,0,0,0,2
java.lang.NumberFormatException: multiple points
linha fdp!!!!
0.501251,0.0.642821,0.319444,0.257576,0.27917,0.317829,0.069833,0.972441,0.870079,0.374016,0.098006,0,0,1,0,0,0,0,0,0,0,0,0,0,0,0,0,0,0,0,0,0,0,0,0,0,0,0,0,0,0,0,0,0,0,0,1,0,0,0,0,0,0,0,0,1
java.lang.NumberFormatException: multiple points
linha fdp!!!!
0.790.741371,0.236111,0.227273,0.463851,0.299742,0.318112,0.944882,0.838583,0.389764,0.301129,1,0,0,0,0,0,0,0,0,0,0,0,0,0,0,0,0,0,0,0,0,0,0,0,0,0,0,0,0,0,0,0,0,0,0,0,0,0,0,0,0,0,0,1,1
java.lang.NumberFormatException: multiple points
linha fdp!!!!
0.470735,0.061111,0.242424,0.0887620.472736,0.347222,0.121212,0.333572,0.244186,0.128003,0.92126,0.925197,0.523622,0.176913,0,0,1,0,0,0,0,0,0,0,0,0,0,0,1,0,0,0,0,0,0,0,0,0,0,0,0,0,0,0,0,0,0,0,0,0,0,0,0,0,0,0,0,0,10.471236,0.383333,0.090909,0.328561,0.24031,0.127441,0.905512,0.937008,0.559055,0.172731,0,0,1,0,0,0,0,0,0,0,0,0,0,0,1,0,0,0,0,0,0,0,0,0,0,0,0,0,0,0,0,0,0,0,0,0,0,0,0,0,0,0,0,0,2
java.lang.NumberFormatException: multiple points
linha fdp!!!!
0.475238,0.375,0.075758,0.137437,0.250646,0.164817,0.901575,0.9370080.609805,0.911111,0.090909,0.030064,0.22739,0.325699,0.811024,0.917323,0.653543,0.296668,0,0,1,0,0,0,0,0,0,0,0,0,0,0,0,0,0,0,0,0,0,0,0,1,0,0,0,0,0,0,0,0,0,0,0,0,0,0,0,0,0,0,0,0,1
java.lang.NumberFormatException: multiple points
linha fdp!!!!
0.455228,0.080556,0.333333,0.107373,0.257106,0.222987,0.814961,0.73622,0.425197,0.1830.394697,0.488889,0.318182,0.09592,0.312661,0.250246,0.889764,0.968504,0.559055,0.170222,0,0,1,0,0,0,0,1,0,0,0,0,0,0,0,0,0,0,0,0,0,0,0,0,0,0,0,0,0,0,0,0,0,0,0,0,0,0,0,0,0,0,0,0,30.391696,0.413889,0.30303,0.085898,0.30491,0.24322,0.952756,0.92126,0.444882,0.166458,0,0,1,0,0,0,0,1,0,0,0,0,0,0,0,0,0,0,0,0,0,0,0,0,0,0,0,0,0,0,0,0,0,0,0,0,0,0,0,0,0,0,0,0,3
java.lang.NumberFormatException: multiple points
linha fdp!!!!
0.428214,0.208333,0.378788,0.150322,0.329450.332666,0.305556,0.19697,0.156049,0.322997,0.073627,0.952756,0.889764,0.437008,0.129932,0,0,1,0,0,1,0,0,0,0,0,0,0,0,0,0,0,0,0,0,0,0,0,0,0,0,0,0,0,0,0,0,0,0,0,0,0,0,0,0,0,0,0,0,3
java.lang.NumberFormatException: multiple points
linha fdp!!!!
0.757379,0.375,0.227273,0.5812460.684342,0.75,0.151515,0.413028,0.290698,0.077561,0.76378,0.96063,0.744094,0.124355,0,0,1,0,0,0,0,0,0,0,0,0,0,0,0,0,0,0,0,0,0,0,0,0,0,0,0,0,0,0,0,0,0,0,0,1,0,0,0,0,0,0,0,0,2
java.lang.NumberFormatException: multiple points
linha fdp!!!!
0.423212,0.275,0.212121,0.09590.725363,0.552778,0.257576,0.182534,0.316537,0.47787,0.834646,0.992126,0.669291,0.072215,0,0,1,0,0,0,0,0,0,0,0,0,0,0,0,0,0,0,0,0,0,0,0,0,0,0,0,0,0,0,0,0,0,0,0,0,1,0,0,0,0,0,0,0,1
java.lang.NumberFormatException: multiple points
linha fdp!!!!
0.711356,0.533333,0.136364,0.652827,0.377261,0.320.427714,0.355556,0.348485,0.265569,0.326873,0.346916,0.984252,0.862205,0.330709,0.3081,0,0,1,0,0,0,0,0,0,0,0,0,0,1,0,0,0,0,0,0,0,0,0,0,0,0,0,0,0,0,0,0,0,0,0,0,0,0,0,0,0,0,0,0,3
java.lang.NumberFormatException: multiple points
linha fdp!!!!
0.756378,0.452778,0.212121,0.482462,0.436693,0.194885,0.913380.68084,0.619444,0.151515,0.319256,0.290698,0.30392,0.818898,0.984252,0.700787,0.254287,0,0,1,0,0,0,0,0,0,0,0,0,0,0,0,0,0,0,0,0,0,0,0,0,0,0,0,0,0,0,0,0,0,0,1,0,0,0,0,0,0,0,0,0,10.682341,0.619444,0.121212,0.334288,0.302326,0.302234,0.826772,0.976378,0.685039,0.257633,0,0,1,0,0,0,0,0,0,0,0,0,0,0,0,0,0,0,0,0,0,0,0,0,0,0,0,0,0,0,0,0,0,0,1,0,0,0,0,0,0,0,0,0,1
java.lang.NumberFormatException: multiple points
linha fdp!!!!
0.5162580.656828,0.463889,0.121212,0.060845,0.228682,0.292258,0.893701,0.956693,0.586614,0.24871,0,0,1,0,0,0,0,0,0,0,0,0,0,0,0,0,0,0,0,0,0,0,0,0,0,0,1,0,0,0,0,0,0,0,0,0,0,0,0,0,0,0,0,0,1
java.lang.NumberFormatException: multiple points
linha fdp!!!!
0.618809,0.705556,0.166667,0.265569,0.22480.649325,0.530556,0.333333,0.10952,0.295866,0.410988,0.838583,0.988189,0.629921,0.146382,0,0,1,0,0,0,0,0,0,0,0,0,0,0,0,0,0,0,0,0,0,0,0,0,0,0,0,0,0,0,0,0,0,0,0,0,1,0,0,0,0,0,0,0,1
java.lang.NumberFormatException: multiple points
linha fdp!!!!
0.682841,0.161111,0.090909,0.430208,0.414729,0.12300.69935,0.988889,0.151515,0.173228,0.251938,0.234228,0.80315,0.874016,0.614173,0.145685,0,0,1,0,0,0,0,0,0,0,0,0,0,0,0,0,0,0,0,0,0,0,0,0,0,0,0,0,0,0,0,0,0,0,1,0,0,0,0,0,0,0,0,0,10.69985,0.955556,0.151515,0.176807,0.25323,0.23493,0.791339,0.885827,0.641732,0.148892,0,0,1,0,0,0,0,0,0,0,0,0,0,0,0,0,0,0,0,0,0,0,0,0,0,0,0,0,0,0,0,0,0,0,1,0,0,0,0,0,0,0,0,0,1
java.lang.NumberFormatException: multiple points
linha fdp!!!!
0.53977,0.00.649825,0.305556,0.136364,0.167502,0.277778,0.052129,0.929134,0.905512,0.496063,0.327199,1,0,0,0,0,0,0,0,0,0,0,0,0,0,0,0,0,0,0,0,0,0,0,0,0,1,0,0,0,0,0,0,0,0,0,0,0,0,0,0,0,0,0,0,10.646823,0.283333,0.166667,0.154617,0.270026,0.051286,0.940945,0.885827,0.456693,0.324829,1,0,0,0,0,0,0,0,0,0,0,0,0,0,0,0,0,0,0,0,0,0,0,0,0,1,0,0,0,0,0,0,0,0,0,0,0,0,0,0,0,0,0,0,1
java.lang.NumberFormatException: multiple points
linha fdp!!!!
0.573287,0.605556,0.469697,0.269148,0.470284,0.202754,0.677165,0.988189,0.77950.715858,0.002778,0.166667,0.490336,0.308786,0.430659,0.80315,0.862205,0.598425,0.477903,0,0,1,0,0,0,0,0,0,0,0,0,0,0,0,0,0,0,0,0,0,0,0,0,0,0,0,0,0,0,0,0,0,0,1,0,0,0,0,0,0,0,0,0,1
java.lang.NumberFormatException: multiple points
linha fdp!!!!
0.47924,0.705556,0.090909,0.064424,0.224806,0.157791,0.811024,0.96063,0.692913,0.00.726363,0.777778,0.363636,0.115963,0.276486,0.48054,0.57874,0.92126,0.877953,0.211627,0,0,1,0,0,0,0,0,0,0,0,0,0,0,0,0,0,0,0,0,0,0,0,0,0,0,0,0,0,0,0,0,0,0,0,1,0,0,0,0,0,0,0,0,10.733867,0.769444,0.333333,0.125268,0.288114,0.484052,0.61811,0.937008,0.862205,0.214276,0,0,1,0,0,0,0,0,0,0,0,0,0,0,0,0,0,0,0,0,0,0,0,0,0,0,0,0,0,0,0,0,0,0,0,1,0,0,0,0,0,0,0,0,1
java.lang.NumberFormatException: multiple points
linha fdp!!!!
0.604302,0.2,0.151515,0.107373,0.257106,0.150.73987,0.5,0.272727,0.298497,0.326873,0.635661,0.88189,0.976378,0.590551,0.373484,0,0,1,0,0,0,0,0,0,0,0,0,0,0,0,0,0,0,0,0,0,0,0,0,0,0,0,0,0,0,0,0,0,0,0,0,1,0,0,0,0,0,0,0,1
java.lang.NumberFormatException: multiple points
linha fdp!!!!
0.653327,0.838889,0.181818,0.167502,0.231266,0.292679,0.732283,0.92126,0.740157,0.1080.702351,0.511111,0.227273,0.107373,0.241602,0.666011,0.877953,0.980315,0.614173,0.382267,0,0,1,0,0,0,0,0,0,0,0,0,0,0,0,0,0,0,0,0,0,0,0,0,0,0,0,0,0,0,0,0,0,0,0,0,1,0,0,0,0,0,0,0,1
java.lang.NumberFormatException: multiple points
linha fdp!!!!
0.656328,0.741667,0.242424,0.030064,0.239018,0.292258,0.700787,0.964567,0.800.606803,0.963889,0.212121,0.121689,0.264858,0.022762,0.751969,0.850394,0.637795,0.137042,1,0,0,0,0,0,0,0,0,0,0,0,0,0,0,0,0,0,0,0,0,0,0,0,0,1,0,0,0,0,0,0,0,0,0,0,0,0,0,0,0,0,0,0,2
java.lang.NumberFormatException: multiple points
linha fdp!!!!
0.694347,0.997222,0.227273,0.7301360.698349,0.238889,0.227273,0.19184,0.325581,0.221161,0.948819,0.838583,0.385827,0.368326,1,0,0,0,0,0,0,0,0,0,0,0,0,0,0,0,0,0,0,0,0,0,0,0,0,0,0,0,0,0,0,0,0,1,0,0,0,0,0,0,0,0,0,0,1
java.lang.NumberFormatException: multiple points
linha fdp!!!!
0.60.595298,0.597222,0.19697,0.021475,0.235142,0.373331,0.811024,0.992126,0.708661,0.17064,0,0,1,0,0,0,0,0,0,0,0,0,0,0,0,0,0,0,0,0,0,0,0,0,0,0,1,0,0,0,0,0,0,0,0,0,0,0,0,0,0,0,0,0,2
java.lang.NumberFormatException: multiple points
linha fdp!!!!
0.649825,0.108333,0.151515,0.021475,0.223514,0.218912,0.870079,0.854331,0.511811,0.00.462231,0.055556,0.439394,0.10952,0.290698,0.145145,0.73622,0.65748,0.405512,0.143176,0,0,1,0,0,0,0,0,0,0,0,0,0,0,0,0,0,0,0,0,0,0,0,0,0,0,0,0,0,0,0,0,0,0,0,0,1,0,0,0,0,0,0,0,10.45973,0.058333,0.409091,0.107373,0.284238,0.148939,0.748031,0.677165,0.417323,0.142758,0,0,1,0,0,0,0,0,0,0,0,0,0,0,0,0,0,0,0,0,0,0,0,0,0,0,0,0,0,0,0,0,0,0,0,0,1,0,0,0,0,0,0,0,1
java.lang.NumberFormatException: multiple points
linha fdp!!!!
0.655828,0.141667,0.22720.490245,0.308333,0.136364,0.021475,0.213178,0.166081,0.929134,0.905512,0.492126,0.202844,0,0,1,0,0,0,0,0,0,0,0,0,0,0,0,0,0,0,0,0,0,0,0,0,0,0,1,0,0,0,0,0,0,0,0,0,0,0,0,0,0,0,0,0,1
java.lang.NumberFormatException: multiple points
linha fdp!!!!
0.534267,0.805556,0.227273,0.068003,0.294574,0.071650.661831,0.077778,0.166667,0.319256,0.360465,0.08852,0.850394,0.846457,0.527559,0.249268,0,0,1,0,0,0,0,0,0,0,0,0,0,0,0,0,0,0,0,0,0,0,0,0,0,0,0,0,0,0,0,0,0,0,0,0,1,0,0,0,0,0,0,0,2
java.lang.NumberFormatException: multiple points
learning evaluation instances,Wall Time (Actual Time),Avg Delay (ms),outRate (inst/s),classified instances,classifications correct (percent),Kappa Statistic (percent),Kappa Temporal Statistic (percent),Kappa M Statistic (percent),F1 Score (percent),F1 Score for class 0 (percent),F1 Score for class 1 (percent),F1 Score for class 2 (percent),F1 Score for class 3 (percent),F1 Score for class 4 (percent),F1 Score for class 5 (percent),F1 Score for class 6 (percent),Precision (percent),Precision for class 0 (percent),Precision for class 1 (percent),Precision for class 2 (percent),Precision for class 3 (percent),Precision for class 4 (percent),Precision for class 5 (percent),Precision for class 6 (percent),Recall (percent),Recall for class 0 (percent),Recall for class 1 (percent),Recall for class 2 (percent),Recall for class 3 (percent),Recall for class 4 (percent),Recall for class 5 (percent),Recall for class 6 (percent),model training instances,model serialized size (bytes),ensemble size,[avg] model training instances,[err] model training instances,[avg] model serialized size (bytes),[err] model serialized size (bytes),[avg] tree size (nodes),[err] tree size (nodes),[avg] tree size (leaves),[err] tree size (leaves),[avg] active learning leaves,[err] active learning leaves,[avg] tree depth,[err] tree depth,[avg] active leaf byte size estimate,[err] active leaf byte size estimate,[avg] inactive leaf byte size estimate,[err] inactive leaf byte size estimate,[avg] byte size estimate overhead,[err] byte size estimate overhead
98500.0,600.0770263671875,1697.0,164.14559936523438,98000.0,70.39285714285714,52.14854116267812,-244.96492688146478,44.97126709276083,52.771855082805985,0.5263157894736841,67.87647731605031,77.603532875368,56.18598227644147,76.08845888044229,47.831900668576885,39.68365553602812,55.869089522257376,0.3395585738539898,76.05166934353961,69.81988345399964,61.875792141951834,80.4236669101534,53.55004277159966,49.02301346070343,49.99998809136281,1.1695906432748537,61.288279356686495,87.34040203225094,51.45446880269815,72.19672131147541,43.21712115982051,33.33333333333333,0.0,1.0,25.0,70401.08000000002,30816.13121391674,1.0,0.0,21.16,16.572265988693278,11.08,8.286132994346639,11.08,8.286132994346639,5.199999999999999,3.055050463303893,0.0,0.0,0.0,0.0,1.0,0.0
