Connected!
linha fdp!!!!
0.54027,0.244444,0.106061,0.24481,0.297158,0.454405,0.909449,0.897638,0.507874,0.25260.683842,0.130556,0.121212,0.136006,0.24031,0.859772,0.877953,0.877953,0.531496,0.111529,1,0,0,0,0,0,0,0,0,0,0,0,0,0,0,0,0,0,0,0,0,0,0,0,0,0,1,0,0,0,0,0,0,0,0,0,0,0,0,0,0,0,0,0,10.674837,0.938889,0.075758,0.064424,0.217054,0.441338,0.822835,0.917323,0.637795,0.200753,1,0,0,0,0,0,0,0,0,0,0,0,0,0,0,0,0,0,0,0,0,0,0,0,0,0,0,0,0,0,0,0,1,0,0,0,0,0,0,0,0,0,0,0,1
java.lang.NumberFormatException: multiple points
linha fdp!!!!
0.292146,0.2333330.752876,0.994444,0.090909,0.130279,0.307494,0.587186,0.830709,0.901575,0.614173,0.540917,1,0,0,0,0,0,0,0,0,0,0,0,0,0,0,0,0,0,0,0,0,0,0,0,0,0,0,0,0,0,0,0,0,0,0,0,0,0,0,0,0,0,0,1,70.647824,0.4,0.242424,0.136006,0.286822,0.143178,0.948819,0.925197,0.464567,0.292904,1,0,0,0,0,0,0,0,0,0,0,0,0,0,0,0,0,0,0,0,0,0,0,0,0,0,0,0,0,0,0,0,1,0,0,0,0,0,0,0,0,0,0,0,1
java.lang.NumberFormatException: multiple points
linha fdp!!!!
0.433217,0.286111,0.333333,0.163207,0.342377,0.330476,0.984252,0.814961,0.291339,0.320.41921,0.877778,0.30303,0.088762,0.281654,0.290993,0.637795,0.858268,0.76378,0.322459,0,0,1,0,0,0,0,0,0,0,0,0,0,1,0,0,0,0,0,0,0,0,0,0,0,0,0,0,0,0,0,0,0,0,0,0,0,0,0,0,0,0,0,0,60.423212,0.877778,0.287879,0.09592,0.297158,0.293663,0.653543,0.866142,0.759843,0.32232,0,0,1,0,0,0,0,0,0,0,0,0,0,1,0,0,0,0,0,0,0,0,0,0,0,0,0,0,0,0,0,0,0,0,0,0,0,0,0,0,0,0,0,0,6
java.lang.NumberFormatException: multiple points
linha fdp!!!!
0.648324,0.941667,0.287879,0.395132,0.370801,0.520163,0.692913,0.80.347674,0.247222,0.515152,0.042949,0.255814,0.174512,0.976378,0.653543,0.074803,0.061759,0,0,1,0,0,0,0,1,0,0,0,0,0,0,0,0,0,0,0,0,0,0,0,0,0,0,0,0,0,0,0,0,0,0,0,0,0,0,0,0,0,0,0,0,3
java.lang.NumberFormatException: multiple points
linha fdp!!!!
0.410705,0.886111,0.575758,0.0420.52076,0.011111,0.151515,0.214746,0.174419,0.763664,0.814961,0.866142,0.594488,0.539941,1,0,0,0,0,0,0,0,0,0,0,0,0,0,0,0,0,0,0,1,0,0,0,0,0,0,0,0,0,0,0,0,0,0,0,0,0,0,0,0,0,0,0,0,2
java.lang.NumberFormatException: multiple points
linha fdp!!!!
0.342171,0.161111,0.060606,0.042940.528764,0.444444,0.19697,0.064424,0.22739,0.744977,0.917323,0.952756,0.543307,0.563084,1,0,0,0,0,0,0,0,0,0,0,0,0,0,0,0,0,0,0,0,0,0,0,0,0,0,0,0,0,0,0,0,1,0,0,0,0,0,0,0,0,0,0,0,2
java.lang.NumberFormatException: multiple points
linha fdp!!!!
0.556778,0.113889,0.227273,0.24481,0.217054,0.884221,0.870.584292,0.177778,0.166667,0.34932,0.257106,0.918645,0.905512,0.854331,0.464567,0.395372,1,0,0,0,0,0,0,0,0,0,0,0,0,0,0,0,0,0,0,0,0,0,0,0,0,0,0,0,0,0,0,0,1,0,0,0,0,0,0,0,0,0,0,0,2
java.lang.NumberFormatException: multiple points
linha fdp!!!!
0.510755,0.913889,0.242424,0.060845,0.25323,0.680483,0.704724,0.8622050.591296,0.291667,0.106061,0.09592,0.241602,0.90319,0.913386,0.913386,0.523622,0.426321,1,0,0,0,0,0,0,0,0,0,0,0,0,0,0,0,0,0,0,0,0,0,0,0,0,0,0,0,0,0,0,0,1,0,0,0,0,0,0,0,0,0,0,0,20.587794,0.277778,0.181818,0.088762,0.244186,0.898974,0.944882,0.877953,0.437008,0.430364,1,0,0,0,0,0,0,0,0,0,0,0,0,0,0,0,0,0,0,0,0,0,0,0,0,0,0,0,0,0,0,0,1,0,0,0,0,0,0,0,0,0,0,0,2
java.lang.NumberFormatException: multiple points
linha fdp!!!!
0.602801,0.472222,0.212121,0.286328,0.27907,0.785724,0.905512,0.964567,0.5629920.628814,0.430556,0.151515,0.193271,0.20801,0.897148,0.909449,0.948819,0.555118,0.349226,1,0,0,0,0,0,0,0,0,0,0,0,0,0,0,0,0,0,0,0,0,0,0,0,0,0,0,0,0,0,0,0,1,0,0,0,0,0,0,0,0,0,0,0,2
java.lang.NumberFormatException: multiple points
linha fdp!!!!
0.484242,0.988889,0.151515,0.021475,0.231266,0.5089220.370185,0.1,0.166667,0.322119,0.249354,0.18238,0.862205,0.846457,0.511811,0.573818,1,0,0,0,0,0,0,0,0,0,0,0,0,0,0,0,0,0,0,0,0,0,0,0,0,0,0,0,0,0,0,0,1,0,0,0,0,0,0,0,0,0,0,0,2
java.lang.NumberFormatException: multiple points
linha fdp!!!!
0.563282,0.563889,0.212121,0.0887620.594297,0.047222,0.106061,0.408017,0.24031,0.903049,0.84252,0.885827,0.57874,0.487662,1,0,0,0,0,0,0,0,0,0,0,0,0,0,0,0,0,0,0,0,0,0,0,0,0,0,0,0,0,0,0,0,1,0,0,0,0,0,0,0,0,0,0,0,2
java.lang.NumberFormatException: multiple points
linha fdp!!!!
0.426713,0.2,0.015152,0.090909,0.2054260.574787,0,0.015152,0.425913,0.452196,0.756639,0.854331,0.929134,0.614173,0.72996,1,0,0,0,0,0,0,0,0,0,0,0,0,0,0,1,0,0,0,0,0,0,0,0,0,0,0,0,0,0,0,0,0,0,0,0,0,0,0,0,0,0,0,0,20.576288,0.625,0.015152,0.440945,0.44832,0.752986,0.854331,0.940945,0.625984,0.733724,1,0,0,0,0,0,0,0,0,0,0,0,0,0,0,1,0,0,0,0,0,0,0,0,0,0,0,0,0,0,0,0,0,0,0,0,0,0,0,0,0,0,0,0,2
java.lang.NumberFormatException: multiple points
linha fdp!!!!
0.587794,0.063889,0.075758,0.561918,0.370.538769,0.577778,0.212121,0.107373,0.245478,0.738935,0.822835,0.992126,0.688976,0.489474,1,0,0,0,0,0,0,0,0,0,0,0,0,0,0,0,0,0,0,0,0,0,0,0,0,0,0,0,0,0,0,0,1,0,0,0,0,0,0,0,0,0,0,0,20.54027,0.541667,0.19697,0.10952,0.25323,0.740621,0.854331,0.984252,0.649606,0.491844,1,0,0,0,0,0,0,0,0,0,0,0,0,0,0,0,0,0,0,0,0,0,0,0,0,0,0,0,0,0,0,0,1,0,0,0,0,0,0,0,0,0,0,0,2
java.lang.NumberFormatException: multiple points
linha fdp!!!!
0.472730.545273,0.080556,0.30303,0.163207,0.26615,0.688492,0.822835,0.759843,0.444882,0.465217,1,0,0,0,0,0,0,0,0,0,0,0,0,0,0,0,0,0,0,0,0,0,0,0,0,0,0,0,0,0,0,0,1,0,0,0,0,0,0,0,0,0,0,0,1
java.lang.NumberFormatException: multiple points
linha fdp!!!!
0.510.34017,0.994444,0.19697,0.021475,0.229974,0.073767,0.783465,0.846457,0.602362,0.290534,1,0,0,0,0,0,0,0,0,0,0,0,0,0,0,0,0,0,0,0,0,0,0,1,0,0,0,0,0,0,0,0,0,0,0,0,0,0,0,0,0,0,0,0,2
java.lang.NumberFormatException: multiple points
linha fdp!!!!
0.491246,0.186111,0.151515,0.193271,0.249354,0.386539,0.909449,0.862205,0.4720.692846,0.058333,0.166667,0.10952,0.25323,0.518477,0.838583,0.854331,0.551181,0.508016,1,0,0,0,0,0,0,0,0,0,0,0,0,0,0,0,0,0,0,0,0,0,0,0,0,0,0,0,0,0,0,0,1,0,0,0,0,0,0,0,0,0,0,0,10.692846,0.044444,0.121212,0.107373,0.25323,0.51946,0.84252,0.88189,0.57874,0.509271,1,0,0,0,0,0,0,0,0,0,0,0,0,0,0,0,0,0,0,0,0,0,0,0,0,0,0,0,0,0,0,0,1,0,0,0,0,0,0,0,0,0,0,0,1
java.lang.NumberFormatException: multiple points
linha fdp!!!!
0.525263,0.75,0.045455,0.214746,0.23250.563282,0.483333,0.090909,0.077309,0.232558,0.678938,0.88189,0.956693,0.602362,0.694688,1,0,0,0,0,0,0,0,0,0,0,0,0,0,0,0,0,0,0,0,0,0,0,0,0,0,0,0,0,0,0,0,1,0,0,0,0,0,0,0,0,0,0,0,2
java.lang.NumberFormatException: multiple points
linha fdp!!!!
0.467234,0.483333,0.090909,0.115963,0.242894,0.336237,0.88189,0.90.455728,0.577778,0.136364,0.282749,0.255814,0.278207,0.838583,0.980315,0.673228,0.175938,1,0,0,0,0,0,0,0,0,0,0,0,0,0,0,0,0,0,0,0,0,0,0,0,0,0,0,0,0,0,0,0,1,0,0,0,0,0,0,0,0,0,0,0,2
java.lang.NumberFormatException: multiple points
linha fdp!!!!
0.53977,0.510.636818,0.241667,0.19697,0.107373,0.219638,0.4034,0.940945,0.858268,0.425197,0.786421,1,0,0,0,0,0,0,0,0,0,0,0,0,0,0,0,0,0,0,0,0,0,0,0,0,0,0,0,0,0,0,0,1,0,0,0,0,0,0,0,0,0,0,0,10.633817,0.219444,0.227273,0.121689,0.20801,0.405789,0.940945,0.830709,0.389764,0.787676,1,0,0,0,0,0,0,0,0,0,0,0,0,0,0,0,0,0,0,0,0,0,0,0,0,0,0,0,0,0,0,0,1,0,0,0,0,0,0,0,0,0,0,0,1
java.lang.NumberFormatException: multiple points
linha fdp!!!!
0.458729,0.125,0.030303,0.030064,0.228682,0.369678,0.866142,0.92126,0.590550.604302,0.291667,0.045455,0.322119,0.321705,0.803709,0.88189,0.929134,0.57874,0.699568,1,0,0,0,0,0,0,0,0,0,0,0,0,0,0,1,0,0,0,0,0,0,0,0,0,0,0,0,0,0,0,0,0,0,0,0,0,0,0,0,0,0,0,0,10.6008,0.25,0.136364,0.300644,0.312661,0.799916,0.925197,0.885827,0.476378,0.697616,1,0,0,0,0,0,0,0,0,0,0,0,0,0,0,1,0,0,0,0,0,0,0,0,0,0,0,0,0,0,0,0,0,0,0,0,0,0,0,0,0,0,0,0,1
java.lang.NumberFormatException: multiple points
linha fdp!!!!
0.370185,0.394444,0.30303,0.107373,0.276486,0.181256,0.964567,0.9094490.524262,0.638889,0.106061,0.14388,0.27261,0.584235,0.822835,0.972441,0.688976,0.510526,1,0,0,0,0,0,0,0,0,0,0,0,0,0,0,1,0,0,0,0,0,0,0,0,0,0,0,0,0,0,0,0,0,0,0,0,0,0,0,0,0,0,0,0,2
java.lang.NumberFormatException: multiple points
linha fdp!!!!
0.563282,0.325,0.20.586293,0.961111,0.151515,0.176807,0.295866,0.736125,0.787402,0.877953,0.637795,0.529067,1,0,0,0,0,0,0,0,0,0,0,0,0,0,0,0,0,0,0,0,0,0,0,0,0,0,0,0,0,0,0,0,1,0,0,0,0,0,0,0,0,0,0,0,1
java.lang.NumberFormatException: multiple points
linha fdp!!!!
0.42071,0.244444,0.121212,0.04796,0.2400.535268,0.125,0.19697,0.154617,0.248062,0.554588,0.877953,0.826772,0.468504,0.749198,1,0,0,0,0,0,0,0,0,0,0,0,0,0,0,0,0,0,0,0,0,0,0,0,0,0,0,0,0,0,0,0,1,0,0,0,0,0,0,0,0,0,0,0,2
java.lang.NumberFormatException: multiple points
linha fdp!!!!
0.602801,0.125,0.19697,0.26199,0.307494,0.745117,0.80.451226,0.341667,0.272727,0.060845,0.250646,0.414219,0.972441,0.88189,0.385827,0.378363,1,0,0,0,0,0,0,0,0,0,0,0,0,0,0,0,0,0,0,0,0,0,0,0,0,0,0,0,0,0,0,0,0,1,0,0,0,0,0,0,0,0,0,0,20.447224,0.333333,0.257576,0.04796,0.249354,0.410145,0.972441,0.88189,0.393701,0.374599,1,0,0,0,0,0,0,0,0,0,0,0,0,0,0,0,0,0,0,0,0,0,0,0,0,0,0,0,0,0,0,0,0,1,0,0,0,0,0,0,0,0,0,0,2
java.lang.NumberFormatException: multiple points
linha fdp!!!!
0.618809,0.8520.561781,0.058333,0.151515,0.021475,0.224806,0.515807,0.84252,0.862205,0.555118,0.71337,1,0,0,0,0,0,0,0,0,0,0,0,0,0,0,0,0,0,0,0,0,0,0,0,0,0,0,0,0,0,0,0,1,0,0,0,0,0,0,0,0,0,0,0,20.56078,0.047222,0.166667,0.030064,0.226098,0.520022,0.830709,0.850394,0.555118,0.709884,1,0,0,0,0,0,0,0,0,0,0,0,0,0,0,0,0,0,0,0,0,0,0,0,0,0,0,0,0,0,0,0,1,0,0,0,0,0,0,0,0,0,0,0,2
java.lang.NumberFormatException: multiple points
linha fdp!!!!
0.605803,0.136111,0.151515,0.021475,0.237726,0.437122,0.88189,0.858268,0.40.531766,0.144444,0.30303,0.18325,0.360465,0.498525,0.889764,0.759843,0.366142,0.337934,1,0,0,0,0,0,0,0,0,0,0,0,0,0,0,0,0,0,0,0,0,0,0,0,0,0,0,0,0,0,0,0,1,0,0,0,0,0,0,0,0,0,0,0,2
java.lang.NumberFormatException: multiple points
linha fdp!!!!
0.550275,0.688889,0.136364,0.214746,0.288114,0.80947,0.795276,0.9720.547274,0.888889,0.272727,0.090909,0.27261,0.639174,0.673228,0.866142,0.740157,0.312561,1,0,0,0,0,0,0,0,0,0,0,0,0,0,0,0,0,0,0,0,0,0,0,0,0,0,0,0,0,0,0,0,1,0,0,0,0,0,0,0,0,0,0,0,2
java.lang.NumberFormatException: multiple points
linha fdp!!!!
0.411206,0.283333,0.121212,0.27917,0.2670.553277,0.225,0.227273,0.021475,0.231266,0.616271,0.940945,0.838583,0.397638,0.526558,1,0,0,0,0,0,0,0,0,0,0,0,0,0,0,0,0,0,0,0,0,0,0,0,0,0,0,0,0,0,0,0,1,0,0,0,0,0,0,0,0,0,0,0,20.550275,0.15,0.181818,0,0.223514,0.619784,0.893701,0.84252,0.464567,0.522933,1,0,0,0,0,0,0,0,0,0,0,0,0,0,0,0,0,0,0,0,0,0,0,0,0,0,0,0,0,0,0,0,1,0,0,0,0,0,0,0,0,0,0,0,1
java.lang.NumberFormatException: multiple points
linha fdp!!!!
0.370.558279,0.963889,0.19697,0.489621,0.223514,0.771954,0.771654,0.862205,0.637795,0.242576,1,0,0,0,0,0,0,0,0,0,0,0,0,0,0,0,0,0,0,0,0,0,0,0,0,0,0,0,0,0,0,0,1,0,0,0,0,0,0,0,0,0,0,0,2
java.lang.NumberFormatException: multiple points
linha fdp!!!!
0.545273,0.82220.581291,0.216667,0.151515,0.440945,0.236434,0.598005,0.92126,0.870079,0.464567,0.444444,1,0,0,0,0,0,0,0,0,0,0,0,0,0,0,0,0,0,0,0,0,0,0,0,0,0,0,0,0,0,0,0,1,0,0,0,0,0,0,0,0,0,0,0,20.577789,0.269444,0.227273,0.425197,0.22739,0.601939,0.96063,0.850394,0.385827,0.440541,1,0,0,0,0,0,0,0,0,0,0,0,0,0,0,0,0,0,0,0,0,0,0,0,0,0,0,0,0,0,0,0,1,0,0,0,0,0,0,0,0,0,0,0,2
java.lang.NumberFormatException: multiple points
linha fdp!!!!
0.555278,0.097222,0.19697,0.151754,0.254522,0.0.556778,0.177778,0.151515,0.18325,0.232558,0.657159,0.905512,0.862205,0.480315,0.377387,1,0,0,0,0,0,0,0,0,0,0,0,0,0,0,0,0,0,0,0,0,0,0,0,0,0,0,0,0,0,0,0,1,0,0,0,0,0,0,0,0,0,0,0,20.553277,0.161111,0.151515,0.173228,0.223514,0.661234,0.897638,0.858268,0.484252,0.373623,1,0,0,0,0,0,0,0,0,0,0,0,0,0,0,0,0,0,0,0,0,0,0,0,0,0,0,0,0,0,0,0,1,0,0,0,0,0,0,0,0,0,0,0,2
java.lang.NumberFormatException: multiple points
linha fdp!!!!
0.49925,0.155556,0.257576,0.0608450.445223,0.036111,0.060606,0.107373,0.254522,0.190811,0.846457,0.909449,0.598425,0.291231,1,0,0,0,0,0,0,0,0,0,0,0,0,0,0,1,0,0,0,0,0,0,0,0,0,0,0,0,0,0,0,0,0,0,0,0,0,0,0,0,0,0,0,0,1
java.lang.NumberFormatException: multiple points
linha fdp!!!!
0.408704,0.166667,0.121212,0.151754,0.21447,0.096248,0.80.515758,0.594444,0.106061,0,0.223514,0.688633,0.84252,0.972441,0.665354,0.190715,1,0,0,0,0,0,0,0,0,0,0,0,0,0,0,0,0,0,0,0,0,0,1,0,0,0,0,0,0,0,0,0,0,0,0,0,0,0,0,0,0,0,0,0,2
java.lang.NumberFormatException: multiple points
linha fdp!!!!
0.563282,0.25,0.181818,0.173228,0.29199,0.611213,0.940.45923,0.875,0.181818,0.042949,0.241602,0.25137,0.740157,0.905512,0.716535,0.279939,1,0,0,0,0,0,0,0,0,0,0,0,0,0,0,0,0,0,0,0,0,0,0,0,0,0,0,0,0,0,0,0,1,0,0,0,0,0,0,0,0,0,0,0,2
java.lang.NumberFormatException: multiple points
linha fdp!!!!
0.525763,0.180556,0.227273,0.287759,0.303618,0.402690.627314,0.113889,0.151515,0.221188,0.310078,0.696361,0.870079,0.862205,0.519685,0.095358,1,0,0,0,0,0,0,0,0,0,0,0,0,0,0,0,0,0,0,0,0,0,0,0,0,0,0,0,0,0,0,0,1,0,0,0,0,0,0,0,0,0,0,0,2
java.lang.NumberFormatException: multiple points
linha fdp!!!!
0.607804,0.852778,0.242424,0.4230.571286,0.930556,0.393939,0.060845,0.222222,0.628214,0.598425,0.767717,0.692913,0.159208,1,0,0,0,0,0,0,0,0,0,0,0,0,0,0,0,0,0,0,0,0,0,0,0,0,0,0,0,0,0,0,0,1,0,0,0,0,0,0,0,0,0,0,0,10.577289,0.9,0.363636,0.077309,0.23385,0.624982,0.606299,0.818898,0.748031,0.158372,1,0,0,0,0,0,0,0,0,0,0,0,0,0,0,0,0,0,0,0,0,0,0,0,0,0,0,0,0,0,0,0,1,0,0,0,0,0,0,0,0,0,0,0,1
java.lang.NumberFormatException: multiple points
linha fdp!!!!
0.493747,0.969444,0.106061,0.214746,0.20.525263,0.922222,0.212121,0.021475,0.236434,0.471266,0.73622,0.874016,0.685039,0.268228,1,0,0,0,0,0,0,0,0,0,0,0,0,0,0,0,0,0,0,0,0,0,0,0,0,0,0,0,0,0,0,0,1,0,0,0,0,0,0,0,0,0,0,0,20.527264,0.888889,0.227273,0.042949,0.241602,0.469439,0.708661,0.885827,0.724409,0.271853,1,0,0,0,0,0,0,0,0,0,0,0,0,0,0,0,0,0,0,0,0,0,0,0,0,0,0,0,0,0,0,0,1,0,0,0,0,0,0,0,0,0,0,0,2
java.lang.NumberFormatException: multiple points
linha fdp!!!!
0.437719,0.161111,0.136364,0.170.497749,0.241667,0.212121,0.085898,0.250646,0.388647,0.944882,0.846457,0.401575,0.362052,1,0,0,0,0,0,0,0,0,0,0,0,0,0,0,1,0,0,0,0,0,0,0,0,0,0,0,0,0,0,0,0,0,0,0,0,0,0,0,0,0,0,0,0,20.494247,0.230556,0.212121,0.064424,0.245478,0.385415,0.940945,0.846457,0.409449,0.358009,1,0,0,0,0,0,0,0,0,0,0,0,0,0,0,1,0,0,0,0,0,0,0,0,0,0,0,0,0,0,0,0,0,0,0,0,0,0,0,0,0,0,0,0,2
java.lang.NumberFormatException: multiple points
linha fdp!!!!
0.50075,0.802778,0.257576,0.115963,0.268734,0.360686,0.669291,0.9290.494747,0.816667,0.227273,0.085898,0.251938,0.369538,0.700787,0.929134,0.775591,0.330127,1,0,0,0,0,0,0,0,0,0,0,0,0,0,0,0,0,0,0,0,0,0,0,0,0,0,0,0,0,0,0,0,1,0,0,0,0,0,0,0,0,0,0,0,10.498249,0.825,0.242424,0.107373,0.263566,0.366587,0.688976,0.92126,0.783465,0.325945,1,0,0,0,0,0,0,0,0,0,0,0,0,0,0,0,0,0,0,0,0,0,0,0,0,0,0,0,0,0,0,0,1,0,0,0,0,0,0,0,0,0,0,0,1
java.lang.NumberFormatException: multiple points
linha fdp!!!!
0.466233,0.361111,0.166667,0.18325,0.23385,0.275116,0.937008,0.92126,0.4920.564282,0.022222,0.106061,0.19184,0.317829,0.493888,0.834646,0.893701,0.598425,0.277987,1,0,0,0,0,0,0,0,0,0,0,0,0,0,0,0,0,0,0,0,0,0,0,0,0,0,0,0,0,0,0,0,1,0,0,0,0,0,0,0,0,0,0,0,20.563282,0.125,0.121212,0.211167,0.325581,0.492342,0.877953,0.877953,0.531496,0.28189,1,0,0,0,0,0,0,0,0,0,0,0,0,0,0,0,0,0,0,0,0,0,0,0,0,0,0,0,0,0,0,0,1,0,0,0,0,0,0,0,0,0,0,0,2
java.lang.NumberFormatException: multiple points
linha fdp!!!!
0.517259,0.263889,0.19697,0,0.20.509255,0.169444,0.090909,0.24481,0.248062,0.434453,0.885827,0.897638,0.53937,0.361216,1,0,0,0,0,0,0,0,0,0,0,0,0,0,0,1,0,0,0,0,0,0,0,0,0,0,0,0,0,0,0,0,0,0,0,0,0,0,0,0,0,0,0,0,20.508754,0.241667,0.060606,0.24481,0.26615,0.431783,0.889764,0.917323,0.559055,0.357312,1,0,0,0,0,0,0,0,0,0,0,0,0,0,0,1,0,0,0,0,0,0,0,0,0,0,0,0,0,0,0,0,0,0,0,0,0,0,0,0,0,0,0,0,2
java.lang.NumberFormatException: multiple points
linha fdp!!!!
0.415708,0.186111,0.227273,0.1360060.584292,0,0.060606,0.303508,0.27907,0.592806,0.84252,0.913386,0.614173,0.205632,1,0,0,0,0,0,0,0,0,0,0,0,0,0,0,0,0,0,0,0,0,0,0,0,0,0,1,0,0,0,0,0,0,0,0,0,0,0,0,0,0,0,0,0,2
java.lang.NumberFormatException: multiple points
linha fdp!!!!
0.481741,0.086111,0.166667,0.212598,0.275194,0.274413,0.854331,0.846457,0.50.53927,0.336111,0.30303,0.09592,0.25969,0.562316,0.984252,0.862205,0.346457,0.345323,1,0,0,0,0,0,0,0,0,0,0,0,0,0,0,0,0,0,0,0,0,0,0,0,0,0,0,0,0,0,0,0,1,0,0,0,0,0,0,0,0,0,0,0,2
java.lang.NumberFormatException: multiple points
linha fdp!!!!
0.520.657329,0.080556,0.19697,0.375805,0.324289,0.817339,0.846457,0.826772,0.507874,0.178726,1,0,0,0,0,0,0,0,0,0,0,0,0,0,0,0,0,0,0,0,0,0,0,0,0,0,0,0,0,0,0,0,1,0,0,0,0,0,0,0,0,0,0,0,1
java.lang.NumberFormatException: multiple points
linha fdp!!!!
0.617809,0.208333,0.121212,0.173228,0.231266,0.636504,0.905512,0.80.557279,0.211111,0.060606,0.107373,0.222222,0.358297,0.885827,0.913386,0.562992,0.219434,1,0,0,0,0,0,0,0,0,0,0,0,0,0,0,0,0,0,0,0,0,0,0,0,0,0,0,0,0,0,0,0,1,0,0,0,0,0,0,0,0,0,0,0,1
java.lang.NumberFormatException: multiple points
linha fdp!!!!
0.605803,0.955556,0.045455,0.163207,0.2312660.671836,0.613889,0.257576,0.434503,0.379845,0.847127,0.779528,1,0.740157,0.320647,1,0,0,0,0,0,0,0,0,0,0,0,0,0,0,0,0,0,0,0,0,0,0,0,0,0,0,0,0,0,0,0,0,1,0,0,0,0,0,0,0,0,0,0,2
java.lang.NumberFormatException: multiple points
linha fdp!!!!
0.601301,0.027778,0.075758,0.04796,0.226098,0.40.638819,0.216667,0.227273,0.24481,0.302326,0.586764,0.937008,0.830709,0.389764,0.486826,1,0,0,0,0,0,0,0,0,0,0,0,0,0,0,0,0,0,0,0,0,0,0,0,0,1,0,0,0,0,0,0,0,0,0,0,0,0,0,0,0,0,0,0,10.634817,0.230556,0.212121,0.224052,0.294574,0.590136,0.940945,0.846457,0.409449,0.484037,1,0,0,0,0,0,0,0,0,0,0,0,0,0,0,0,0,0,0,0,0,0,0,0,0,1,0,0,0,0,0,0,0,0,0,0,0,0,0,0,0,0,0,0,1
java.lang.NumberFormatException: multiple points
linha fdp!!!!
0.524262,0.205556,0.257576,0.463851,0.197674,0.10.570285,0.047222,0.106061,0.182534,0.294574,0.297176,0.84252,0.885827,0.57874,0.098703,1,0,0,0,0,0,0,0,0,0,0,0,0,0,0,0,0,0,0,0,0,0,0,0,0,0,0,0,0,0,0,0,0,1,0,0,0,0,0,0,0,0,0,0,2
java.lang.NumberFormatException: multiple points
linha fdp!!!!
0.566283,0.761111,0.19697,0.120.574787,0.219444,0.287879,0.289191,0.29199,0.301672,0.948819,0.799213,0.334646,0.095497,1,0,0,0,0,0,0,0,0,0,0,0,0,0,0,0,0,0,0,0,0,0,0,0,0,0,0,0,0,0,0,0,0,1,0,0,0,0,0,0,0,0,0,0,10.572286,0.205556,0.151515,0.271296,0.293282,0.298159,0.913386,0.874016,0.480315,0.099401,1,0,0,0,0,0,0,0,0,0,0,0,0,0,0,0,0,0,0,0,0,0,0,0,0,0,0,0,0,0,0,0,0,1,0,0,0,0,0,0,0,0,0,0,1
java.lang.NumberFormatException: multiple points
linha fdp!!!!
0.672836,0.727778,0.0.429715,0.2,0.378788,0.09592,0.282946,0.021498,0.940945,0.728346,0.248031,0.237836,1,0,0,0,0,0,0,0,0,0,0,0,0,0,0,0,0,0,0,0,0,0,0,0,0,0,0,0,0,0,0,0,1,0,0,0,0,0,0,0,0,0,0,0,5
java.lang.NumberFormatException: multiple points
linha fdp!!!!
0.623312,0.147222,0.075758,0.137437,0.22739,0.590.532766,0.25,0.060606,0.115963,0.218346,0.130814,0.889764,0.917323,0.562992,0.309633,1,0,0,0,0,0,0,0,0,0,0,0,0,0,0,0,0,0,0,0,0,0,0,0,0,0,1,0,0,0,0,0,0,0,0,0,0,0,0,0,0,0,0,0,2
java.lang.NumberFormatException: multiple points
linha fdp!!!!
0.672836,0.730556,0.090909,0.335719,0.267442,0.840804,0.8110.681341,0.016667,0.166667,0.198282,0.27261,0.799916,0.811024,0.858268,0.586614,0.310888,1,0,0,0,0,0,0,0,0,0,0,0,0,0,0,0,0,0,0,0,0,0,0,0,0,0,0,0,0,0,0,0,1,0,0,0,0,0,0,0,0,0,0,0,1
java.lang.NumberFormatException: multiple points
linha fdp!!!!
0.66083,0.125,0.060606,0.021475,0.224806,0.730364,0.870079,0.909449,0.574800.552276,0.269444,0.181818,0.021475,0.224806,0.201489,0.944882,0.874016,0.433071,0.286212,1,0,0,0,0,0,0,0,0,0,0,0,0,0,0,0,0,0,0,0,0,0,0,0,0,0,1,0,0,0,0,0,0,0,0,0,0,0,0,0,0,0,0,0,10.548774,0.252778,0.181818,0.021475,0.231266,0.197415,0.937008,0.870079,0.437008,0.290395,1,0,0,0,0,0,0,0,0,0,0,0,0,0,0,0,0,0,0,0,0,0,0,0,0,0,1,0,0,0,0,0,0,0,0,0,0,0,0,0,0,0,0,0,1
java.lang.NumberFormatException: multiple points
linha fdp!!!!
0.611806,0.213889,0.287879,0.090909,0.249354,0.543060.590295,0.225,0.227273,0.136006,0.25969,0.487143,0.940945,0.834646,0.389764,0.033738,1,0,0,0,0,0,0,0,0,0,0,0,0,0,0,0,0,0,0,0,0,0,0,0,0,0,0,0,0,0,0,0,1,0,0,0,0,0,0,0,0,0,0,0,2
java.lang.NumberFormatException: multiple points
linha fdp!!!!
0.6950.611306,0.208333,0.227273,0.021475,0.235142,0.319938,0.933071,0.826772,0.393701,0.180259,1,0,0,0,0,0,0,0,0,0,0,0,0,0,0,0,0,0,0,0,0,0,0,0,0,0,0,0,0,0,0,0,0,1,0,0,0,0,0,0,0,0,0,0,1
java.lang.NumberFormatException: multiple points
linha fdp!!!!
0.664332,0.141667,0.75750.649825,0.963889,0.181818,0.257695,0.29845,0.367711,0.775591,0.870079,0.633858,0.219295,1,0,0,0,0,0,0,0,0,0,0,0,0,0,0,0,0,0,0,0,0,0,0,0,0,0,1,0,0,0,0,0,0,0,0,0,0,0,0,0,0,0,0,0,1
java.lang.NumberFormatException: multiple points
linha fdp!!!!
0.682341,0.427778,0.121212,0.085898,0.230.698349,0.019444,0.090909,0.258411,0.25323,0.841506,0.838583,0.897638,0.602362,0.135648,1,0,0,0,0,0,0,0,0,0,0,0,0,0,0,0,0,0,0,0,0,0,0,0,0,1,0,0,0,0,0,0,0,0,0,0,0,0,0,0,0,0,0,0,1
java.lang.NumberFormatException: multiple points
linha fdp!!!!
0.669335,0.011111,0.060606,0.154617,0.244186,0.559927,0.80.683342,0.091667,0.151515,0.064424,0.236434,0.769144,0.858268,0.858268,0.531496,0.095358,1,0,0,0,0,0,0,0,0,0,0,0,0,0,0,0,0,0,0,0,0,0,0,0,0,1,0,0,0,0,0,0,0,0,0,0,0,0,0,0,0,0,0,0,1
java.lang.NumberFormatException: multiple points
linha fdp!!!!
0.684342,0.375,0.045455,0.0214750.692346,0.191667,0.121212,0.130279,0.235142,0.499368,0.901575,0.88189,0.503937,0.253172,1,0,0,0,0,0,0,0,0,0,0,0,0,0,0,0,0,0,0,0,0,0,0,0,0,0,0,0,0,0,0,0,0,0,0,0,0,0,0,0,0,1,0,0,7
java.lang.NumberFormatException: multiple points
linha fdp!!!!
0.7380.602301,0.111111,0.060606,0.163207,0.239018,0.15737,0.866142,0.909449,0.57874,0.23937,1,0,0,0,0,0,0,0,0,0,0,0,0,0,0,0,0,0,0,0,0,0,0,0,0,0,0,0,0,0,0,0,1,0,0,0,0,0,0,0,0,0,0,0,2
java.lang.NumberFormatException: multiple points
linha fdp!!!!
0.788894,0.833333,0.242424,0.279885,0.339793,0.697344,0.681102,0.913386,0.7834650.50025,0.161111,0.348485,0.167502,0.322997,0.181256,0.901575,0.728346,0.30315,0.276314,0,0,1,0,0,0,0,0,0,0,0,0,0,0,0,0,0,0,0,0,0,0,0,0,0,0,0,0,0,0,0,0,0,0,0,0,1,0,0,0,0,0,0,0,20.494747,0.180556,0.348485,0.151754,0.308786,0.180132,0.92126,0.732283,0.279528,0.272132,0,0,1,0,0,0,0,0,0,0,0,0,0,0,0,0,0,0,0,0,0,0,0,0,0,0,0,0,0,0,0,0,0,0,0,0,1,0,0,0,0,0,0,0,2
java.lang.NumberFormatException: multiple points
linha fdp!!!!
0.591296,0.225,0.151515,0.473157,0.192506,0.193059,0.917323,0.877953,0.476378,0.0.158579,0.502778,0.484848,0.224052,0.426357,0.08023,0.834646,0.944882,0.535433,0.035689,0,0,0,1,1,0,0,0,0,0,0,0,0,0,0,0,0,0,0,0,0,0,0,0,0,0,0,0,0,0,0,0,0,0,0,0,0,0,0,0,0,0,0,0,30.16058,0.555556,0.484848,0.23121,0.431525,0.084446,0.748031,0.972441,0.673228,0.039732,0,0,0,1,1,0,0,0,0,0,0,0,0,0,0,0,0,0,0,0,0,0,0,0,0,0,0,0,0,0,0,0,0,0,0,0,0,0,0,0,0,0,0,0,3
java.lang.NumberFormatException: multiple points
linha fdp!!!!
0.351676,0.886111,0.318182,0.064424,0.268734,0.179289,0.633858,0.846450.517259,0.236111,0.257576,0.27917,0.348837,0.130814,0.952756,0.822835,0.358268,0.110414,1,0,0,0,0,0,0,0,0,0,0,0,0,0,0,0,0,0,0,0,0,0,0,0,0,0,0,0,0,0,0,0,0,1,0,0,0,0,0,0,0,0,0,0,2
java.lang.NumberFormatException: multiple points
linha fdp!!!!
0.054527,0.313889,0.363636,0.021475,0.23385,0.011943,0.996063,0.818898,0.271654,0.03790.762381,0.85,0.151515,0.27917,0.232558,0.414641,0.751969,0.92126,0.720472,0.281054,1,0,0,0,0,0,0,0,0,0,0,0,0,0,0,0,0,0,0,0,0,0,0,0,0,0,0,0,0,0,0,0,0,0,0,0,0,0,0,0,0,0,1,0,1
java.lang.NumberFormatException: multiple points
linha fdp!!!!
0.725863,0.991667,0.242424,0.0.757879,0.222222,0.166667,0.154617,0.228682,0.347618,0.925197,0.866142,0.456693,0.351457,1,0,0,0,0,0,0,0,0,0,0,0,0,0,0,0,0,0,0,0,0,0,0,0,0,0,0,0,0,0,0,0,0,0,0,0,0,0,0,0,0,0,1,0,70.753877,0.225,0.242424,0.173228,0.223514,0.344949,0.944882,0.822835,0.374016,0.354663,1,0,0,0,0,0,0,0,0,0,0,0,0,0,0,0,0,0,0,0,0,0,0,0,0,0,0,0,0,0,0,0,0,0,0,0,0,0,0,0,0,0,1,0,7
java.lang.NumberFormatException: multiple points
learning evaluation instances,Wall Time (Actual Time),Avg Delay (ms),outRate (inst/s),classified instances,classifications correct (percent),Kappa Statistic (percent),Kappa Temporal Statistic (percent),Kappa M Statistic (percent),F1 Score (percent),F1 Score for class 0 (percent),F1 Score for class 1 (percent),F1 Score for class 2 (percent),F1 Score for class 3 (percent),F1 Score for class 4 (percent),F1 Score for class 5 (percent),F1 Score for class 6 (percent),Precision (percent),Precision for class 0 (percent),Precision for class 1 (percent),Precision for class 2 (percent),Precision for class 3 (percent),Precision for class 4 (percent),Precision for class 5 (percent),Precision for class 6 (percent),Recall (percent),Recall for class 0 (percent),Recall for class 1 (percent),Recall for class 2 (percent),Recall for class 3 (percent),Recall for class 4 (percent),Recall for class 5 (percent),Recall for class 6 (percent),model training instances,model serialized size (bytes),ensemble size,[avg] model training instances,[err] model training instances,[avg] model serialized size (bytes),[err] model serialized size (bytes),[avg] tree size (nodes),[err] tree size (nodes),[avg] tree size (leaves),[err] tree size (leaves),[avg] active learning leaves,[err] active learning leaves,[avg] tree depth,[err] tree depth,[avg] active leaf byte size estimate,[err] active leaf byte size estimate,[avg] inactive leaf byte size estimate,[err] inactive leaf byte size estimate,[avg] byte size estimate overhead,[err] byte size estimate overhead
122500.0,600.0130004882812,1601.0,204.16224670410156,122000.0,83.05737704918033,66.632456331432,-160.09815024537573,55.056424082972754,66.41570852964959,13.157894736842104,74.89926522872717,88.32065289933833,69.20616458272754,83.0223880597015,64.42721791559,57.49861649142224,67.2915784743598,41.66666666666667,82.3479592169126,85.43444578342884,71.21484141232794,75.809199318569,56.393244873341374,58.17469204927212,65.5623463412905,7.8125,68.68631979350631,91.40868604207508,67.3076923076923,91.75257731958763,75.13057452792286,56.83807439824945,0.0,1.0,25.0,10980.2,8535.362099329277,1.0,0.0,3.12,2.420743687382041,2.0399999999999996,1.2409673645990857,2.0399999999999996,1.2409673645990857,0.9600000000000002,1.019803902718557,0.0,0.0,0.0,0.0,1.0,0.0
