Connected!
linha fdp!!!!
0.338669,0.213889,0.10.504252,0.094444,0.151515,0.211167,0.249354,0.538008,0.862205,0.858268,0.527559,0.895162,1,0,0,0,0,0,0,0,0,0,0,0,0,0,0,0,0,0,0,0,0,0,0,1,0,0,0,0,0,0,0,0,0,0,0,0,0,0,0,0,0,0,0,0,20.502251,0.111111,0.181818,0.19184,0.25323,0.534635,0.870079,0.838583,0.492126,0.891538,1,0,0,0,0,0,0,0,0,0,0,0,0,0,0,0,0,0,0,0,0,0,0,1,0,0,0,0,0,0,0,0,0,0,0,0,0,0,0,0,0,0,0,0,2
java.lang.NumberFormatException: multiple points
linha fdp!!!!
0.504252,0,0.2121210.488744,0.086111,0.212121,0.077309,0.236434,0.481945,0.850394,0.822835,0.496063,0.754078,1,0,0,0,0,0,0,0,0,0,0,0,0,0,0,1,0,0,0,0,0,0,0,0,0,0,0,0,0,0,0,0,0,0,0,0,0,0,0,0,0,0,0,0,2
java.lang.NumberFormatException: multiple points
linha fdp!!!!
0.430715,0.675,0.045455,0.085898,0.228682,0.337361,0.8380.563282,0.363889,0.212121,0.399427,0.316537,0.795841,0.952756,0.909449,0.452756,0.492263,1,0,0,0,0,0,0,0,0,0,0,0,0,0,0,0,0,0,0,0,0,0,0,0,0,0,0,0,0,0,0,0,1,0,0,0,0,0,0,0,0,0,0,0,20.561781,0.516667,0.136364,0.412312,0.312661,0.797527,0.874016,0.972441,0.625984,0.494911,1,0,0,0,0,0,0,0,0,0,0,0,0,0,0,0,0,0,0,0,0,0,0,0,0,0,0,0,0,0,0,0,1,0,0,0,0,0,0,0,0,0,0,0,2
java.lang.NumberFormatException: multiple points
linha fdp!!!!
0.346673,0.211111,0.10.556778,0.730556,0.090909,0.274875,0.299742,0.754953,0.807087,0.956693,0.692913,0.561829,1,0,0,0,0,0,0,0,0,0,0,0,0,0,0,0,0,0,0,0,0,0,0,0,0,0,0,0,0,0,0,0,1,0,0,0,0,0,0,0,0,0,0,0,20.558279,0.588889,0.060606,0.292054,0.308786,0.757061,0.850394,0.96063,0.649606,0.564478,1,0,0,0,0,0,0,0,0,0,0,0,0,0,0,0,0,0,0,0,0,0,0,0,0,0,0,0,0,0,0,0,1,0,0,0,0,0,0,0,0,0,0,0,2
java.lang.NumberFormatException: multiple points
linha fdp!!!!
0.537269,0.177778,0.19697,0.184681,0.29199,0.52761,0.913386,0.834646,0.43300.384692,0.097222,0.424242,0.269148,0.335917,0.072783,0.80315,0.65748,0.326772,0.35076,1,0,0,0,0,0,0,0,0,0,0,0,0,0,0,0,0,0,0,0,0,0,0,0,0,0,0,0,0,0,0,0,1,0,0,0,0,0,0,0,0,0,0,0,20.37969,0.119444,0.393939,0.259127,0.322997,0.068568,0.846457,0.688976,0.318898,0.348669,1,0,0,0,0,0,0,0,0,0,0,0,0,0,0,0,0,0,0,0,0,0,0,0,0,0,0,0,0,0,0,0,1,0,0,0,0,0,0,0,0,0,0,0,2
java.lang.NumberFormatException: multiple points
linha fdp!!!!
0.548274,0.230556,0.227273,0.128848,0.280362,0.565266,0.944882,0.830.568284,0.902778,0.166667,0.156049,0.245478,0.717437,0.755906,0.897638,0.688976,0.845114,1,0,0,0,0,0,0,0,0,0,0,0,0,0,0,1,0,0,0,0,0,0,0,0,0,0,0,0,0,0,0,0,0,0,0,0,0,0,0,0,0,0,0,0,20.569785,0.888889,0.181818,0.151754,0.249354,0.713362,0.748031,0.901575,0.704724,0.841071,1,0,0,0,0,0,0,0,0,0,0,0,0,0,0,1,0,0,0,0,0,0,0,0,0,0,0,0,0,0,0,0,0,0,0,0,0,0,0,0,0,0,0,0,2
java.lang.NumberFormatException: multiple points
linha fdp!!!!
0.474737,0.133333,0.19697,0.2440.653327,0.041667,0.121212,0.214746,0.223514,0.534073,0.838583,0.877953,0.57874,0.634881,1,0,0,0,0,0,0,0,0,0,0,0,0,0,0,0,0,0,0,0,0,0,0,0,0,0,1,0,0,0,0,0,0,0,0,0,0,0,0,0,0,0,0,0,2
java.lang.NumberFormatException: multiple points
linha fdp!!!!
0.574787,0.277778,0.212121,0.0.525263,0.75,0.045455,0.214746,0.232558,0.770128,0.830709,0.944882,0.661417,0.794647,1,0,0,0,0,0,0,0,0,0,0,0,0,0,0,0,0,0,0,0,0,0,0,0,0,0,1,0,0,0,0,0,0,0,0,0,0,0,0,0,0,0,0,0,1
java.lang.NumberFormatException: multiple points
linha fdp!!!!
0.563282,0.00.556778,0.230556,0.166667,0.150322,0.245478,0.463679,0.929134,0.866142,0.448819,0.887495,1,0,0,0,0,0,0,0,0,0,0,0,0,0,0,0,0,0,0,0,0,0,0,0,0,0,0,0,0,0,0,0,1,0,0,0,0,0,0,0,0,0,0,0,1
java.lang.NumberFormatException: multiple points
linha fdp!!!!
0.500.528764,0.7,0.106061,0.214746,0.244186,0.763102,0.807087,0.964567,0.700787,0.574097,1,0,0,0,0,0,0,0,0,0,0,0,0,0,0,0,0,0,0,0,0,0,0,0,0,0,1,0,0,0,0,0,0,0,0,0,0,0,0,0,0,0,0,0,2
java.lang.NumberFormatException: multiple points
linha fdp!!!!
0.530265,0.370.562781,0.338889,0.045455,0.258411,0.205426,0.687509,0.885827,0.933071,0.57874,0.406246,1,0,0,0,0,0,0,0,0,0,0,0,0,0,0,0,0,0,0,0,0,0,0,0,0,0,0,0,0,0,0,0,0,1,0,0,0,0,0,0,0,0,0,0,2
java.lang.NumberFormatException: multiple points
linha fdp!!!!
0.595798,0.2,0.287870.648324,0.45,0.121212,0.077309,0.24031,0.459744,0.897638,0.952756,0.57874,0.606162,1,0,0,0,0,0,0,0,0,0,0,0,0,0,0,0,0,0,0,0,0,0,0,0,0,0,0,0,0,0,0,0,1,0,0,0,0,0,0,0,0,0,0,0,1
java.lang.NumberFormatException: multiple points
linha fdp!!!!
0.555278,0.369444,0.242424,0.292054,0.427649,0.620.390195,0.213889,0.090909,0.137437,0.260982,0.029507,0.897638,0.897638,0.527559,0.230169,1,0,0,0,0,0,0,0,0,0,0,0,0,0,0,1,0,0,0,0,0,0,0,0,0,0,0,0,0,0,0,0,0,0,0,0,0,0,0,0,0,0,0,0,2
java.lang.NumberFormatException: multiple points
linha fdp!!!!
0.45973,0.258333,0.136364,0.121689,0.25323,0.273992,0.920.645323,0.094444,0.166667,0.250537,0.299742,0.478291,0.862205,0.850394,0.519685,0.448069,1,0,0,0,0,0,0,0,0,0,0,0,0,0,0,0,0,0,0,0,0,0,0,0,0,0,0,0,0,0,0,0,1,0,0,0,0,0,0,0,0,0,0,0,1
java.lang.NumberFormatException: multiple points
linha fdp!!!!
0.562281,0.555556,0.280.613807,0.077778,0.166667,0.021475,0.223514,0.489813,0.850394,0.846457,0.527559,0.406385,1,0,0,0,0,0,0,0,0,0,0,0,0,0,0,0,0,0,0,0,0,0,0,0,0,0,0,1,0,0,0,0,0,0,0,0,0,0,0,0,0,0,0,0,10.613807,0.963889,0.181818,0.030064,0.22739,0.493326,0.775591,0.870079,0.633858,0.402203,1,0,0,0,0,0,0,0,0,0,0,0,0,0,0,0,0,0,0,0,0,0,0,0,0,0,0,1,0,0,0,0,0,0,0,0,0,0,0,0,0,0,0,0,1
java.lang.NumberFormatException: multiple points
linha fdp!!!!
0.502751,0.875,0.227273,0.077309,0.24677,0.394548,0.70.441221,0.008333,0.121212,0.261274,0.244186,0.173528,0.822835,0.885827,0.602362,0.161578,1,0,0,0,0,0,0,0,0,0,0,0,0,0,0,1,0,0,0,0,0,0,0,0,0,0,0,0,0,0,0,0,0,0,0,0,0,0,0,0,0,0,0,0,2
java.lang.NumberFormatException: multiple points
linha fdp!!!!
0.533267,0.488889,0.090909,0.042949,0.237726,0.673739,0.80.54077,0.086111,0.166667,0.125268,0.257106,0.699312,0.854331,0.850394,0.523622,0.256378,1,0,0,0,0,0,0,0,0,0,0,0,0,0,0,0,0,0,0,0,0,0,0,0,0,0,0,0,0,0,0,0,1,0,0,0,0,0,0,0,0,0,0,0,5
java.lang.NumberFormatException: multiple points
linha fdp!!!!
0.512756,0.75,0.19697,0.156049,0.302326,0.382324,0.732283,0.96063,0.775591,0.0.636818,0.986111,0.212121,0.440945,0.303618,0.490656,0.771654,0.84252,0.610236,0.414192,1,0,0,0,0,0,0,0,0,0,0,0,0,0,0,0,0,0,0,0,0,0,0,0,0,0,0,0,0,0,0,0,1,0,0,0,0,0,0,0,0,0,0,0,2
java.lang.NumberFormatException: multiple points
linha fdp!!!!
0.558779,0.919444,0.106061,0.115963,0.241602,0.662077,0.7992130.578289,0.141667,0.242424,0.182534,0.249354,0.653365,0.889764,0.799213,0.417323,0.36721,1,0,0,0,0,0,0,0,0,0,0,0,0,0,0,0,0,0,0,0,0,0,0,0,0,0,0,0,0,0,0,0,1,0,0,0,0,0,0,0,0,0,0,0,1
java.lang.NumberFormatException: multiple points
linha fdp!!!!
0.569285,0.519444,0.257576,0.150322,0.20.501751,0.008333,0.181818,0.060845,0.239018,0.371786,0.80315,0.854331,0.590551,0.345602,1,0,0,0,0,0,0,0,0,0,0,0,0,0,0,0,0,0,0,0,0,0,0,0,0,0,0,0,0,0,0,0,1,0,0,0,0,0,0,0,0,0,0,0,2
java.lang.NumberFormatException: multiple points
linha fdp!!!!
0.507254,0.986111,0.090909,0.021475,0.22739,0.447942,0.830709,0.905512,0.61811,0.372360.522261,0.25,0.060606,0.173228,0.26615,0.303499,0.889764,0.917323,0.555118,0.3555,1,0,0,0,0,0,0,0,0,0,0,0,0,0,0,0,0,0,0,0,0,0,0,0,0,0,0,0,0,0,0,0,1,0,0,0,0,0,0,0,0,0,0,0,2
java.lang.NumberFormatException: multiple points
linha fdp!!!!
0.672336,0.036111,0.121212,0.343593,0.2997420.483742,0,0.106061,0.042949,0.224806,0.209639,0.826772,0.897638,0.610236,0.354384,1,0,0,0,0,0,0,0,0,0,0,0,0,0,0,0,0,0,0,0,0,0,0,0,0,0,0,0,0,0,0,0,1,0,0,0,0,0,0,0,0,0,0,0,20.483742,0.022222,0.106061,0.021475,0.224806,0.205986,0.834646,0.893701,0.598425,0.353548,1,0,0,0,0,0,0,0,0,0,0,0,0,0,0,0,0,0,0,0,0,0,0,0,0,0,0,0,0,0,0,0,1,0,0,0,0,0,0,0,0,0,0,0,2
java.lang.NumberFormatException: multiple points
linha fdp!!!!
0.669335,0.0.564282,0.011111,0.151515,0,0.223514,0.541942,0.814961,0.866142,0.594488,0.342953,1,0,0,0,0,0,0,0,0,0,0,0,0,0,0,0,0,0,0,0,0,0,0,0,0,0,1,0,0,0,0,0,0,0,0,0,0,0,0,0,0,0,0,0,10.563782,0.013889,0.181818,0.021475,0.228682,0.537727,0.807087,0.854331,0.586614,0.340443,1,0,0,0,0,0,0,0,0,0,0,0,0,0,0,0,0,0,0,0,0,0,0,0,0,0,1,0,0,0,0,0,0,0,0,0,0,0,0,0,0,0,0,0,1
java.lang.NumberFormatException: multiple points
linha fdp!!!!
0.522261,0.333333,0.121212,0,0.223514,0.2060.654827,0.586111,0.19697,0.339298,0.342377,0.828298,0.822835,0.992126,0.692913,0.331382,1,0,0,0,0,0,0,0,0,0,0,0,0,0,0,0,0,0,0,0,0,0,0,0,0,0,0,0,0,0,0,0,0,1,0,0,0,0,0,0,0,0,0,0,20.658829,0.627778,0.227273,0.375805,0.346253,0.835605,0.775591,0.996063,0.748031,0.330127,1,0,0,0,0,0,0,0,0,0,0,0,0,0,0,0,0,0,0,0,0,0,0,0,0,0,0,0,0,0,0,0,0,1,0,0,0,0,0,0,0,0,0,0,2
java.lang.NumberFormatException: multiple points
linha fdp!!!!
0.624812,0.994444,0.090909,0.18325,0.273902,0.587186,0.830709,0.901575,0.614173,0.20.622811,0.066667,0.151515,0.042949,0.23385,0.613882,0.846457,0.858268,0.547244,0.476788,1,0,0,0,0,0,0,0,0,0,0,0,0,0,0,0,0,0,0,0,0,0,0,0,0,1,0,0,0,0,0,0,0,0,0,0,0,0,0,0,0,0,0,0,1
java.lang.NumberFormatException: multiple points
linha fdp!!!!
0.653827,0.897222,0.075758,0.060845,0.231266,0.701279,0.818898,0.0.633817,0.202778,0.121212,0.19184,0.275194,0.507939,0.905512,0.885827,0.503937,0.161578,1,0,0,0,0,0,0,0,0,0,0,0,0,0,0,0,0,0,0,0,0,0,0,0,0,0,0,0,0,0,0,0,1,0,0,0,0,0,0,0,0,0,0,0,1
java.lang.NumberFormatException: multiple points
linha fdp!!!!
0.733367,0.011111,0.166667,0.27917,0.297158,0.503864,0.80.712856,0.711111,0.030303,0.32713,0.338501,0.715189,0.84252,0.944882,0.641732,0.135508,1,0,0,0,0,0,0,0,0,0,0,0,0,0,0,0,0,0,0,0,0,0,0,0,0,0,0,0,0,0,0,0,1,0,0,0,0,0,0,0,0,0,0,0,2
java.lang.NumberFormatException: multiple points
linha fdp!!!!
0.609305,0.322222,0.136364,0.3750.563782,0.119444,0.151515,0.23121,0.231266,0.126739,0.874016,0.862205,0.515748,0.32943,1,0,0,0,0,0,0,0,0,0,0,0,0,0,0,0,0,0,0,0,0,0,0,0,0,0,0,0,0,0,0,0,1,0,0,0,0,0,0,0,0,0,0,0,2
java.lang.NumberFormatException: multiple points
linha fdp!!!!
0.674337,0.25,0.121212,0.242663,0.276486,0.57735,0.0.622811,0.211111,0.287879,0.334288,0.31137,0.231839,0.944882,0.791339,0.330709,0.406106,1,0,0,0,0,0,0,0,0,0,0,0,0,0,0,0,0,0,0,0,0,0,0,0,0,0,0,0,0,0,0,0,1,0,0,0,0,0,0,0,0,0,0,0,2
java.lang.NumberFormatException: multiple points
linha fdp!!!!
0.706853,0.925,0.106061,0.077309,0.242894,0.0.426213,0.161111,0.19697,0.042949,0.236434,0.137558,0.901575,0.830709,0.444882,0.299317,0,0,1,0,0,0,0,0,0,0,0,0,0,0,0,0,0,0,0,0,0,0,0,1,0,0,0,0,0,0,0,0,0,0,0,0,0,0,0,0,0,0,0,0,2
java.lang.NumberFormatException: multiple points
linha fdp!!!!
0.326163,0.913880.372186,0.108333,0.439394,0.14388,0.365633,0.122524,0.814961,0.637795,0.287402,0.208978,0,0,1,0,0,0,0,0,0,0,0,0,0,0,0,0,0,0,0,0,0,0,0,0,0,0,0,0,0,0,0,0,0,0,0,0,1,0,0,0,0,0,0,0,2
java.lang.NumberFormatException: multiple points
linha fdp!!!!
0.526763,0.308333,0.181818,0.125268,0.267442,0.10.711856,0.152778,0.242424,0.212598,0.337209,0.261487,0.901575,0.799213,0.405512,0.323714,1,0,0,0,0,0,0,0,0,0,0,0,0,0,0,0,0,0,0,0,0,0,0,0,0,0,0,0,0,0,0,0,0,0,0,0,0,0,0,0,0,0,1,0,1
java.lang.NumberFormatException: multiple points
linha fdp!!!!
0.466733,0.255556,0.257576,0,0.223514,0.159330.522261,0.747222,0.393939,0.167502,0.350129,0.153154,0.562992,0.937008,0.901575,0.164506,0,0,1,0,0,0,0,0,0,0,0,0,0,0,0,0,1,0,0,0,0,0,0,0,0,0,0,0,0,0,0,0,0,0,0,0,0,0,0,0,0,0,0,0,2
java.lang.NumberFormatException: multiple points
linha fdp!!!!
0.76038,0.5666670.713357,0.358333,0.393939,0.619184,0.143411,0.176057,0.992126,0.84252,0.283465,0.371253,1,0,0,0,0,0,0,0,0,0,0,0,0,0,0,0,0,0,0,0,0,0,0,0,0,0,0,0,0,0,0,0,1,0,0,0,0,0,0,0,0,0,0,0,10.706853,0.352778,0.424242,0.622763,0.375969,0.172966,0.992126,0.822835,0.255906,0.36721,1,0,0,0,0,0,0,0,0,0,0,0,0,0,0,0,0,0,0,0,0,0,0,0,0,0,0,0,0,0,0,0,1,0,0,0,0,0,0,0,0,0,0,0,1
java.lang.NumberFormatException: multiple points
linha fdp!!!!
0.172086,0.958333,0.5,0.085898,0.341085,0.09948,0.547244,0.673228,0.622040.641821,0.486111,0.333333,0.068003,0.24031,0.332022,0.889764,0.964567,0.551181,0.469957,1,0,0,0,0,0,0,0,0,0,0,0,0,0,0,0,0,0,0,0,0,0,0,0,0,1,0,0,0,0,0,0,0,0,0,0,0,0,0,0,0,0,0,0,10.641321,0.483333,0.318182,0.04796,0.239018,0.327807,0.893701,0.964567,0.551181,0.47149,1,0,0,0,0,0,0,0,0,0,0,0,0,0,0,0,0,0,0,0,0,0,0,0,0,0,0,0,0,0,0,0,1,0,0,0,0,0,0,0,0,0,0,0,1
java.lang.NumberFormatException: multiple points
linha fdp!!!!
0.657829,0.4,0.060606,0.021475,0.20.52076,0.533333,0.287879,0.136006,0.308786,0.236055,0.846457,0.988189,0.637795,0.180956,0,0,1,0,0,0,0,0,0,0,0,0,0,0,0,0,0,0,0,0,0,0,0,0,0,0,0,0,0,0,0,0,0,0,1,0,0,0,0,0,0,0,0,0,20.522261,0.552778,0.287879,0.14388,0.21447,0.231839,0.822835,0.996063,0.673228,0.184442,0,0,1,0,0,0,0,0,0,0,0,0,0,0,0,0,0,0,0,0,0,0,0,0,0,0,0,0,0,0,0,0,0,0,1,0,0,0,0,0,0,0,0,0,2
java.lang.NumberFormatException: multiple points
linha fdp!!!!
0.211106,0.644444,0.333333,0.064424,0.28553,0.189687,0.700787,0.996063,0.810.217109,0.852778,0.424242,0.137437,0.281654,0.12154,0.523622,0.826772,0.834646,0.1422,0,0,0,1,0,0,0,0,0,0,0,0,0,1,0,0,0,0,0,0,0,0,0,0,0,0,0,0,0,0,0,0,0,0,0,0,0,0,0,0,0,0,0,0,6
java.lang.NumberFormatException: multiple points
linha fdp!!!!
0.54520.648324,0.994444,0.272727,0,0.223514,0.166784,0.748031,0.807087,0.590551,0.365398,1,0,0,0,0,0,0,0,0,0,0,0,0,0,0,0,0,0,0,0,0,0,0,0,0,0,0,0,0,0,0,0,0,1,0,0,0,0,0,0,0,0,0,0,1
java.lang.NumberFormatException: multiple points
linha fdp!!!!
0.543272,0.261111,0.106061,0.021475,0.229974,0.264578,0.909449,0.905512,0.519685,0.0.554777,0.025,0.242424,0.088762,0.244186,0.173528,0.791339,0.814961,0.555118,0.059389,0,0,1,0,0,0,0,0,0,0,0,0,0,0,0,0,0,0,0,0,0,0,0,0,0,0,1,0,0,0,0,0,0,0,0,0,0,0,0,0,0,0,0,0,1
java.lang.NumberFormatException: multiple points
linha fdp!!!!
0.40.641821,0.922222,0.333333,0.154617,0.239018,0.491078,0.645669,0.814961,0.704724,0.280496,1,0,0,0,0,0,0,0,0,0,0,0,0,0,0,0,0,0,0,0,0,0,0,0,0,0,0,1,0,0,0,0,0,0,0,0,0,0,0,0,0,0,0,0,1
java.lang.NumberFormatException: multiple points
linha fdp!!!!
0.468230.496248,0.308333,0.212121,0,0.223514,0.203878,0.956693,0.88189,0.425197,0.334867,0,0,1,0,0,0,0,0,0,0,0,0,0,0,0,0,0,0,0,0,0,0,0,0,0,0,1,0,0,0,0,0,0,0,0,0,0,0,0,0,0,0,0,0,1
java.lang.NumberFormatException: multiple points
linha fdp!!!!
0.525263,0.583333,0.0.489745,0.041667,0.166667,0.107373,0.242894,0.169594,0.826772,0.850394,0.559055,0.328733,0,0,1,0,0,0,0,0,0,0,0,0,0,0,0,0,1,0,0,0,0,0,0,0,0,0,0,0,0,0,0,0,0,0,0,0,0,0,0,0,0,0,0,0,20.489245,0.016667,0.136364,0.121689,0.245478,0.167767,0.822835,0.874016,0.594488,0.325387,0,0,1,0,0,0,0,0,0,0,0,0,0,0,0,0,1,0,0,0,0,0,0,0,0,0,0,0,0,0,0,0,0,0,0,0,0,0,0,0,0,0,0,0,2
java.lang.NumberFormatException: multiple points
linha fdp!!!!
0.621311,0.927778,0.136364,0.125268,0.255814,0.305325,0.783465,0.80.409205,0.130556,0.151515,0,0.223514,0.207391,0.88189,0.854331,0.5,0.193085,0,0,1,0,0,0,0,0,0,0,0,0,0,1,0,0,0,0,0,0,0,0,0,0,0,0,0,0,0,0,0,0,0,0,0,0,0,0,0,0,0,0,0,0,5
java.lang.NumberFormatException: multiple points
linha fdp!!!!
0.64082,0.20.776888,0.172222,0.393939,0.339298,0.387597,0.282001,0.909449,0.69685,0.244094,0.228496,1,0,0,0,0,0,0,0,0,0,0,0,0,0,0,0,0,0,0,0,0,0,0,0,0,0,0,0,0,0,0,0,0,0,0,0,0,0,0,0,0,0,0,1,1
java.lang.NumberFormatException: multiple points
linha fdp!!!!
0.404202,0.155556,0.212121,0.150322,0.210594,0.25699,0.897638,0.818898,0.433071,0.0.796898,0.138889,0.106061,0.627058,0.439276,0.342139,0.88189,0.88189,0.531496,0.175659,1,0,0,0,0,0,0,0,0,0,0,0,0,0,0,0,0,0,0,0,0,0,0,0,0,0,0,0,0,0,0,0,0,0,0,0,0,0,1,0,0,0,0,0,10.795898,0.161111,0.060606,0.610594,0.436693,0.337923,0.877953,0.905512,0.562992,0.179841,1,0,0,0,0,0,0,0,0,0,0,0,0,0,0,0,0,0,0,0,0,0,0,0,0,0,0,0,0,0,0,0,0,0,0,0,0,0,0,0,0,0,0,1,1
java.lang.NumberFormatException: multiple points
linha fdp!!!!
0.469735,0.172222,0.212121,0.030064,0.223514,0.424055,0.909449,0.830709,0.42910.436718,0.013889,0.151515,0.030064,0.228682,0.41717,0.818898,0.870079,0.590551,0.12798,0,0,1,0,0,0,0,0,0,0,0,0,0,0,0,0,0,0,0,0,0,0,0,0,0,0,0,1,0,0,0,0,0,0,0,0,0,0,0,0,0,0,0,0,2
java.lang.NumberFormatException: multiple points
linha fdp!!!!
0.66033,0.661111,0.151515,0,0.223514,0.100604,0.791339,0.9800.653327,0.691667,0.136364,0.042949,0.239018,0.111283,0.791339,0.972441,0.724409,0.205075,0,0,1,0,0,0,0,0,0,0,0,0,0,0,0,0,0,0,0,0,0,0,0,0,0,0,1,0,0,0,0,0,0,0,0,0,0,0,0,0,0,0,0,0,1
java.lang.NumberFormatException: multiple points
linha fdp!!!!
0.421211,0.277778,0.10.672336,0.425,0.090909,0.720115,0.351421,0.43375,0.897638,0.944882,0.574803,0.347275,0,0,1,0,0,0,0,0,0,0,0,0,0,0,0,0,0,0,0,0,0,0,0,0,0,0,0,0,0,0,0,0,0,0,0,1,0,0,0,0,0,0,0,0,2
java.lang.NumberFormatException: multiple points
linha fdp!!!!
0.587294,0.630556,0.136364,0.194703,0.293282,0.255164,0.81490.656328,0.155556,0.106061,0.021475,0.218346,0.307433,0.885827,0.889764,0.531496,0.109438,1,0,0,0,0,0,0,0,0,0,0,0,0,0,0,0,0,0,0,0,0,0,0,0,0,0,1,0,0,0,0,0,0,0,0,0,0,0,0,0,0,0,0,0,1
java.lang.NumberFormatException: multiple points
linha fdp!!!!
0.517759,0.366667,0.378788,0.624195,0.375969,0.335113,0.984252,0.858268,0.311024,0.210.728364,0.477778,0.136364,0.343593,0.344961,0.143319,0.889764,0.964567,0.594488,0.151122,0,0,1,0,0,0,0,0,0,0,0,0,0,0,0,0,0,0,0,0,0,0,0,0,0,0,0,0,0,0,0,0,0,0,0,1,0,0,0,0,0,0,0,0,70.728364,0.480556,0.136364,0.343593,0.348837,0.145145,0.889764,0.964567,0.594488,0.155305,0,0,1,0,0,0,0,0,0,0,0,0,0,0,0,0,0,0,0,0,0,0,0,0,0,0,0,0,0,0,0,0,0,0,0,1,0,0,0,0,0,0,0,0,7
java.lang.NumberFormatException: multiple points
linha fdp!!!!
0.510255,0.588889,0.181818,0.317108,0.325581,0.324856,0.822835,0.988189,0.692913,0.0.630315,0.155556,0.424242,0.125268,0.295866,0.177884,0.885827,0.661417,0.228346,0.071518,1,0,0,0,0,0,0,0,0,0,0,0,0,0,0,0,0,0,0,0,0,0,0,0,0,1,0,0,0,0,0,0,0,0,0,0,0,0,0,0,0,0,0,0,10.622311,0.136111,0.469697,0.115963,0.276486,0.178305,0.846457,0.61811,0.216535,0.075422,1,0,0,0,0,0,0,0,0,0,0,0,0,0,0,0,0,0,0,0,0,0,0,0,0,1,0,0,0,0,0,0,0,0,0,0,0,0,0,0,0,0,0,0,1
java.lang.NumberFormatException: multiple points
linha fdp!!!!
0.67934,0.275,0.075758,0.214746,0.242894,0.354784,0.897638,0.910.549775,0.080556,0.166667,0.088762,0.24031,0.27357,0.850394,0.850394,0.527559,0.457131,0,0,1,0,0,0,0,0,0,0,0,0,0,0,0,0,0,0,0,0,0,0,0,0,0,0,0,0,0,1,0,0,0,0,0,0,0,0,0,0,0,0,0,0,1
java.lang.NumberFormatException: multiple points
linha fdp!!!!
0.682841,0.055556,0.181818,0.202577,0.251938,0.3308980.693847,0.511111,0.318182,0.128848,0.280362,0.279191,0.862205,0.980315,0.602362,0.210512,0,0,1,0,0,0,0,0,0,0,0,0,0,0,0,0,0,0,0,0,0,0,0,0,0,0,0,0,0,0,0,0,0,0,0,0,1,0,0,0,0,0,0,0,1
java.lang.NumberFormatException: multiple points
linha fdp!!!!
0.462231,0.325,0.333333,0.0.751376,0.225,0.090909,0.286328,0.273902,0.165238,0.897638,0.905512,0.535433,0.350202,0,0,1,0,0,0,0,0,0,0,0,0,0,0,0,0,0,0,0,0,0,0,0,0,0,0,0,0,0,0,0,0,0,0,0,1,0,0,0,0,0,0,0,0,7
java.lang.NumberFormatException: multiple points
linha fdp!!!!
0.60.584292,0.616667,0.212121,0.156049,0.299742,0.453702,0.795276,0.992126,0.724409,0.175798,0,0,1,0,0,0,0,0,0,0,0,0,0,0,0,0,0,0,0,0,0,0,0,0,0,0,0,0,0,0,0,0,0,0,0,1,0,0,0,0,0,0,0,0,2
java.lang.NumberFormatException: multiple points
linha fdp!!!!
0.5120.597299,0.408333,0.333333,0.184681,0.262274,0.374175,0.956693,0.913386,0.417323,0.203262,0,0,1,0,0,0,0,0,0,0,0,0,0,0,0,0,0,0,0,0,0,0,0,0,0,0,0,0,0,0,0,0,0,0,0,0,1,0,0,0,0,0,0,0,2
java.lang.NumberFormatException: multiple points
linha fdp!!!!
0.436718,0.833333,0.272727,0.130279,0.277778,0.211325,0.661417,0.90.674837,0.419444,0.151515,0.030064,0.222222,0.141352,0.917323,0.944882,0.543307,0.179562,1,0,0,0,0,0,0,0,0,0,0,0,0,0,0,0,0,0,0,0,0,0,0,0,0,0,1,0,0,0,0,0,0,0,0,0,0,0,0,0,0,0,0,0,1
java.lang.NumberFormatException: multiple points
linha fdp!!!!
0.570285,0.083333,0.19697,0.549034,0.456072,0.177462,0.850394,0.830709,0.50.581791,0.558333,0.121212,0,0.223514,0.456934,0.854331,0.972441,0.649606,0.194061,0,0,1,0,0,0,0,0,0,0,0,0,0,0,0,0,0,0,0,0,0,0,0,0,0,0,1,0,0,0,0,0,0,0,0,0,0,0,0,0,0,0,0,0,10.582291,0.561111,0.166667,0,0.223514,0.452859,0.846457,0.984252,0.661417,0.194619,0,0,1,0,0,0,0,0,0,0,0,0,0,0,0,0,0,0,0,0,0,0,0,0,0,0,1,0,0,0,0,0,0,0,0,0,0,0,0,0,0,0,0,0,1
java.lang.NumberFormatException: multiple points
linha fdp!!!!
0.704852,0.9,0.151515,0.51539,0.215762,0.30.646323,0.730556,0.136364,0.423049,0.228682,0.402276,0.775591,0.964567,0.73622,0.043078,0,0,1,0,0,0,0,0,0,0,0,0,0,0,0,0,0,0,0,0,0,0,0,0,0,0,0,0,0,0,0,0,0,0,0,1,0,0,0,0,0,0,0,0,1
java.lang.NumberFormatException: multiple points
linha fdp!!!!
0.544772,0.0.635818,0.688889,0.181818,0.279885,0.325581,0.441759,0.767717,0.980315,0.755906,0.059947,0,0,1,0,0,0,0,0,0,0,0,0,0,0,0,0,0,0,0,0,0,0,0,0,0,0,0,0,0,0,0,0,0,0,0,1,0,0,0,0,0,0,0,0,1
java.lang.NumberFormatException: multiple points
linha fdp!!!!
0.621811,0.183333,0.25750.75938,0.530556,0.287879,0.292054,0.321705,0.414782,0.850394,0.988189,0.637795,0.205911,0,0,1,0,0,0,0,0,0,0,0,0,0,0,0,0,0,0,0,0,0,0,0,0,0,0,0,0,0,0,0,0,0,0,0,1,0,0,0,0,0,0,0,0,10.761381,0.555556,0.287879,0.286328,0.294574,0.4145,0.822835,0.996063,0.677165,0.210093,0,0,1,0,0,0,0,0,0,0,0,0,0,0,0,0,0,0,0,0,0,0,0,0,0,0,0,0,0,0,0,0,0,0,0,1,0,0,0,0,0,0,0,0,1
java.lang.NumberFormatException: multiple points
linha fdp!!!!
0.617809,0.152778,0.0.611306,0.386111,0.227273,0.287759,0.294574,0.057328,0.952756,0.92126,0.46063,0.248571,1,0,0,0,0,0,0,0,0,0,0,0,0,0,0,0,0,0,0,0,0,0,0,0,0,1,0,0,0,0,0,0,0,0,0,0,0,0,0,0,0,0,0,0,1
java.lang.NumberFormatException: multiple points
linha fdp!!!!
0.50.531766,0.686111,0.424242,0.198282,0.368217,0.222566,0.598425,0.976378,0.885827,0.080441,0,0,1,0,0,0,0,0,0,0,0,0,0,0,0,0,1,0,0,0,0,0,0,0,0,0,0,0,0,0,0,0,0,0,0,0,0,0,0,0,0,0,0,0,2
java.lang.NumberFormatException: multiple points
linha fdp!!!!
0.71936,0.172222,0.272727,0.121689,0.299742,0.576928,0.9130.652326,0.808333,0.045455,0.128848,0.255814,0.343684,0.826772,0.940945,0.65748,0.125471,0,0,1,0,0,0,0,0,0,0,0,0,0,0,0,0,0,0,0,0,0,0,0,0,0,0,1,0,0,0,0,0,0,0,0,0,0,0,0,0,0,0,0,0,10.653327,0.691667,0.060606,0.130279,0.254522,0.347197,0.830709,0.952756,0.669291,0.129235,0,0,1,0,0,0,0,0,0,0,0,0,0,0,0,0,0,0,0,0,0,0,0,0,0,0,1,0,0,0,0,0,0,0,0,0,0,0,0,0,0,0,0,0,2
java.lang.NumberFormatException: multiple points
linha fdp!!!!
0.625313,0.386111,0.136364,0.107373,0.2480.626313,0.436111,0.151515,0.042949,0.223514,0.165238,0.909449,0.952756,0.559055,0.271435,1,0,0,0,0,0,0,0,0,0,0,0,0,0,0,0,0,0,0,0,0,0,0,0,0,0,1,0,0,0,0,0,0,0,0,0,0,0,0,0,0,0,0,0,10.625313,0.45,0.136364,0.04796,0.226098,0.162006,0.901575,0.956693,0.570866,0.26767,1,0,0,0,0,0,0,0,0,0,0,0,0,0,0,0,0,0,0,0,0,0,0,0,0,0,1,0,0,0,0,0,0,0,0,0,0,0,0,0,0,0,0,0,1
java.lang.NumberFormatException: multiple points
linha fdp!!!!
0.641821,0.202778,0.212121,0.336435,0.354005,0.101166,0.929134,0.834646,0.409449,0.190.725363,0.2,0.257576,0,0.223514,0.495152,0.933071,0.811024,0.374016,0.410846,0,0,1,0,0,0,0,0,0,0,0,0,0,0,0,0,0,0,0,0,0,0,0,0,0,0,0,0,0,0,0,0,0,0,0,0,0,0,0,0,0,0,1,0,7
java.lang.NumberFormatException: multiple points
linha fdp!!!!
0.706853,0.386111,0.257576,0.23622,0.215762,0.548265,0.96063,0.0.692846,0.025,0.181818,0.734431,0.516796,0.302234,0.811024,0.850394,0.574803,0.301129,0,0,1,0,0,0,0,0,0,0,0,0,0,0,0,0,0,0,0,0,0,0,0,0,0,0,0,0,0,0,0,0,0,0,0,0,0,0,0,0,0,1,0,0,70.691846,0.033333,0.181818,0.72942,0.514212,0.300548,0.814961,0.846457,0.562992,0.301826,0,0,1,0,0,0,0,0,0,0,0,0,0,0,0,0,0,0,0,0,0,0,0,0,0,0,0,0,0,0,0,0,0,0,0,0,0,0,0,0,0,1,0,0,7
java.lang.NumberFormatException: multiple points
linha fdp!!!!
0.694347,0.988889,0.227273,0.730136,0.520670.607304,0.172222,0.075758,0.107373,0.239018,0.163974,0.88189,0.905512,0.559055,0.217622,0,1,0,0,0,0,0,0,0,0,0,0,0,0,0,0,0,0,0,0,0,0,0,0,0,0,1,0,0,0,0,0,0,0,0,0,0,0,0,0,0,0,0,0,2
java.lang.NumberFormatException: multiple points
learning evaluation instances,Wall Time (Actual Time),Avg Delay (ms),outRate (inst/s),classified instances,classifications correct (percent),Kappa Statistic (percent),Kappa Temporal Statistic (percent),Kappa M Statistic (percent),F1 Score (percent),F1 Score for class 0 (percent),F1 Score for class 1 (percent),F1 Score for class 2 (percent),F1 Score for class 3 (percent),F1 Score for class 4 (percent),F1 Score for class 5 (percent),F1 Score for class 6 (percent),Precision (percent),Precision for class 0 (percent),Precision for class 1 (percent),Precision for class 2 (percent),Precision for class 3 (percent),Precision for class 4 (percent),Precision for class 5 (percent),Precision for class 6 (percent),Recall (percent),Recall for class 0 (percent),Recall for class 1 (percent),Recall for class 2 (percent),Recall for class 3 (percent),Recall for class 4 (percent),Recall for class 5 (percent),Recall for class 6 (percent),model training instances,model serialized size (bytes),ensemble size,[avg] model training instances,[err] model training instances,[avg] model serialized size (bytes),[err] model serialized size (bytes),[avg] tree size (nodes),[err] tree size (nodes),[avg] tree size (leaves),[err] tree size (leaves),[avg] active learning leaves,[err] active learning leaves,[avg] tree depth,[err] tree depth,[avg] active leaf byte size estimate,[err] active leaf byte size estimate,[avg] inactive leaf byte size estimate,[err] inactive leaf byte size estimate,[avg] byte size estimate overhead,[err] byte size estimate overhead
118500.0,600.0130004882812,1429.0,197.4957275390625,118000.0,71.12711864406779,52.804775436399545,-210.80094873198328,43.95736351224648,54.11425887606178,1.6771488469601679,63.4916825415873,79.65479585026996,62.350197056221354,78.5082992024143,46.95624091716454,35.38679691192689,57.044946095554884,1.2903225806451613,77.93202489229296,70.34006134229806,60.23310023310023,75.81182348043298,54.477332334207574,59.229957805907176,51.46998555847391,2.3952095808383236,53.56618577575297,91.81308019090575,64.6215405135045,81.40366562360303,41.25993189557321,25.23028532913952,0.0,1.0,25.0,75999.84000000001,44731.68550151746,1.0,0.0,22.959999999999994,18.930750997605276,9.6,10.132456102380443,9.6,10.132456102380443,4.079999999999999,3.9991665798430214,0.0,0.0,0.0,0.0,1.0,0.0
