Connected!
linha fdp!!!!
0.436718,0.911111,0.318182,0.154617,0.249354,0.247857,0.649606,0.830700.207104,0.463889,0.181818,0,0.223514,0.219193,0.905512,0.96063,0.570866,0.087969,0,0,0,1,0,0,1,0,0,0,0,0,0,0,0,0,0,0,0,0,0,0,0,0,0,0,0,0,0,0,0,0,0,0,0,0,0,0,0,0,0,0,0,0,4
java.lang.NumberFormatException: multiple points
linha fdp!!!!
0.604802,0.036111,0.00.362181,0.958333,0.378788,0.021475,0.24031,0.194042,0.633858,0.751969,0.641732,0.926948,1,0,0,0,0,0,0,0,0,0,0,0,0,0,0,0,0,0,0,0,0,0,0,0,0,0,0,0,0,0,0,0,1,0,0,0,0,0,0,0,0,0,0,0,20.366683,0.919444,0.424242,0.030064,0.25323,0.189827,0.559055,0.755906,0.720472,0.924578,1,0,0,0,0,0,0,0,0,0,0,0,0,0,0,0,0,0,0,0,0,0,0,0,0,0,0,0,0,0,0,0,1,0,0,0,0,0,0,0,0,0,0,0,2
java.lang.NumberFormatException: multiple points
linha fdp!!!!
0.464732,0.90.538769,0.972222,0.166667,0.107373,0.22093,0.786005,0.787402,0.870079,0.629921,0.520284,1,0,0,0,0,0,0,0,0,0,0,0,0,0,0,0,0,0,0,0,0,0,0,0,0,0,0,0,0,0,0,0,1,0,0,0,0,0,0,0,0,0,0,0,20.538769,0.988889,0.151515,0.107373,0.22093,0.78179,0.80315,0.874016,0.614173,0.524467,1,0,0,0,0,0,0,0,0,0,0,0,0,0,0,0,0,0,0,0,0,0,0,0,0,0,0,0,0,0,0,0,1,0,0,0,0,0,0,0,0,0,0,0,2
java.lang.NumberFormatException: multiple points
linha fdp!!!!
0.543272,0.963889,0.19697,0.136006,0.223514,0.83701,0.771654,0.862205,0.637795,0.471070.33917,0.011111,0.045455,0.150322,0.254522,0.104398,0.846457,0.917323,0.610236,0.747525,1,0,0,0,0,0,0,0,0,0,0,0,0,0,0,0,0,0,0,0,0,1,0,0,0,0,0,0,0,0,0,0,0,0,0,0,0,0,0,0,0,0,0,0,2
java.lang.NumberFormatException: multiple points
linha fdp!!!!
0.386693,0.269444,0.121212,0.107373,0.210594,0.144162,0.917323,0.9015750.50075,0.913889,0.151515,0,0.223514,0.692286,0.771654,0.897638,0.677165,0.627074,1,0,0,0,0,0,0,0,0,0,0,0,0,0,0,0,0,0,0,1,0,0,0,0,0,0,0,0,0,0,0,0,0,0,0,0,0,0,0,0,0,0,0,0,2
java.lang.NumberFormatException: multiple points
linha fdp!!!!
0.55978,0.35,0.212121,0.24481,0.24410.412706,0.280556,0.015152,0.292054,0.226098,0.227905,0.870079,0.933071,0.598425,0.830197,1,0,0,0,0,0,0,0,0,0,0,0,0,0,0,0,0,0,0,0,0,0,0,0,0,0,0,0,0,0,0,0,1,0,0,0,0,0,0,0,0,0,0,0,2
java.lang.NumberFormatException: multiple points
linha fdp!!!!
0.627314,0.563889,0.2120.345173,0.002778,0.181818,0.09592,0.255814,0.191654,0.795276,0.850394,0.594488,0.600446,1,0,0,0,0,0,0,0,0,0,0,0,0,0,0,0,0,0,0,0,0,1,0,0,0,0,0,0,0,0,0,0,0,0,0,0,0,0,0,0,0,0,0,0,2
java.lang.NumberFormatException: multiple points
linha fdp!!!!
0.55978,0.313889,0.106060.396198,0.133333,0.333333,0.327845,0.125323,0.192637,0.877953,0.73622,0.346457,0.566151,1,0,0,0,0,0,0,0,0,0,0,0,0,0,0,0,0,0,0,0,0,0,0,0,0,0,0,0,0,0,0,0,1,0,0,0,0,0,0,0,0,0,0,0,2
java.lang.NumberFormatException: multiple points
linha fdp!!!!
0.568284,0.5,0.227273,0.021475,0.223514,0.789237,0.88189,0.976378,0.598425,0.3570.424712,0.625,0.015152,0.137437,0.223514,0.275537,0.858268,0.940945,0.622047,0.591524,1,0,0,0,0,0,0,0,0,0,0,0,0,0,0,1,0,0,0,0,0,0,0,0,0,0,0,0,0,0,0,0,0,0,0,0,0,0,0,0,0,0,0,0,20.426213,0.763889,0.045455,0.125268,0.226098,0.271322,0.834646,0.944882,0.653543,0.588596,1,0,0,0,0,0,0,0,0,0,0,0,0,0,0,1,0,0,0,0,0,0,0,0,0,0,0,0,0,0,0,0,0,0,0,0,0,0,0,0,0,0,0,0,2
java.lang.NumberFormatException: multiple points
linha fdp!!!!
0.429215,0.130556,0.181818,0.030064,0.232558,0.367571,0.88189,0.84252,0.40.581291,0.655556,0.075758,0.577666,0.363049,0.827596,0.830709,0.96063,0.673228,0.496863,1,0,0,0,0,0,0,0,0,0,0,0,0,0,0,0,0,0,0,0,0,0,0,0,0,0,0,0,0,0,0,0,1,0,0,0,0,0,0,0,0,0,0,0,2
java.lang.NumberFormatException: multiple points
linha fdp!!!!
0.556778,0.547222,0.151515,0.151754,0.27907,0.763805,0.858268,0.980315,0.649606,0.400.684842,0.038889,0.136364,0.549034,0.494832,0.612899,0.834646,0.874016,0.57874,0.321344,1,0,0,0,0,0,0,0,0,0,0,0,0,0,0,0,0,0,0,0,0,0,0,0,0,0,0,0,0,0,0,0,1,0,0,0,0,0,0,0,0,0,0,0,1
java.lang.NumberFormatException: multiple points
linha fdp!!!!
0.618309,0.183333,0.3636360.577789,0.169444,0.363636,0.021475,0.239018,0.713222,0.909449,0.716535,0.271654,0.388819,1,0,0,0,0,0,0,0,0,0,0,0,0,0,0,0,0,0,0,0,0,0,0,0,0,0,0,0,0,0,0,0,1,0,0,0,0,0,0,0,0,0,0,0,1
java.lang.NumberFormatException: multiple points
linha fdp!!!!
0.686343,0.786111,0.19697,0.637079,0.498708,0.595195,0.728346,0.944880.572786,0.313889,0.212121,0.408733,0.333333,0.700576,0.96063,0.88189,0.42126,0.849854,1,0,0,0,0,0,0,0,0,0,0,0,0,0,0,1,0,0,0,0,0,0,0,0,0,0,0,0,0,0,0,0,0,0,0,0,0,0,0,0,0,0,0,0,2
java.lang.NumberFormatException: multiple points
linha fdp!!!!
0.482241,0.55,0.015152,0,0.223514,0.363636,0.0.445223,0.522222,0.227273,0.18325,0.284238,0.261346,0.866142,0.984252,0.625984,0.155165,1,0,0,0,0,0,0,0,0,0,0,0,0,0,0,0,0,0,0,0,0,0,0,0,0,0,0,0,0,0,0,0,1,0,0,0,0,0,0,0,0,0,0,0,20.446223,0.502778,0.242424,0.173228,0.286822,0.257131,0.88189,0.976378,0.598425,0.151122,1,0,0,0,0,0,0,0,0,0,0,0,0,0,0,0,0,0,0,0,0,0,0,0,0,0,0,0,0,0,0,0,1,0,0,0,0,0,0,0,0,0,0,0,2
java.lang.NumberFormatException: multiple points
linha fdp!!!!
0.437219,0.25,0.136364,0,0.223514,0.401012,0.0.449725,0.055556,0.19697,0.151754,0.273902,0.343122,0.826772,0.830709,0.535433,0.330685,1,0,0,0,0,0,0,0,0,0,0,0,0,0,0,0,0,0,0,0,0,0,0,0,0,0,0,0,0,0,0,0,1,0,0,0,0,0,0,0,0,0,0,0,2
java.lang.NumberFormatException: multiple points
linha fdp!!!!
0.509255,0.347222,0.393939,0.137437,0.320413,0.629610.563782,0.116667,0.106061,0.09592,0.236434,0.521709,0.874016,0.88189,0.53937,0.130908,1,0,0,0,0,0,0,0,0,0,0,0,0,0,0,0,0,0,0,0,0,0,0,0,0,0,0,0,0,0,0,0,1,0,0,0,0,0,0,0,0,0,0,0,2
java.lang.NumberFormatException: multiple points
linha fdp!!!!
0.435218,0.0944440.515758,0.05,0.121212,0.021475,0.22093,0.672474,0.846457,0.88189,0.574803,0.205772,1,0,0,0,0,0,0,0,0,0,0,0,0,0,0,0,0,0,0,0,0,0,1,0,0,0,0,0,0,0,0,0,0,0,0,0,0,0,0,0,0,0,0,0,2
java.lang.NumberFormatException: multiple points
linha fdp!!!!
0.570285,0.255556,0.2121210.55928,0.05,0.136364,0.303508,0.286822,0.525783,0.838583,0.870079,0.566929,0.218179,1,0,0,0,0,0,0,0,0,0,0,0,0,0,0,0,0,0,0,0,0,0,0,0,0,0,0,0,0,0,0,0,1,0,0,0,0,0,0,0,0,0,0,0,20.56028,0.955556,0.136364,0.319256,0.294574,0.522692,0.799213,0.889764,0.637795,0.219155,1,0,0,0,0,0,0,0,0,0,0,0,0,0,0,0,0,0,0,0,0,0,0,0,0,0,0,0,0,0,0,0,1,0,0,0,0,0,0,0,0,0,0,0,2
java.lang.NumberFormatException: multiple points
linha fdp!!!!
0.553277,0.0055560.418209,0.263889,0.212121,0.171797,0.315245,0.202473,0.948819,0.862205,0.409449,0.055068,1,0,0,0,0,0,0,0,0,0,0,0,0,0,0,0,0,0,0,0,0,0,0,0,0,0,0,0,0,0,0,0,1,0,0,0,0,0,0,0,0,0,0,0,2
java.lang.NumberFormatException: multiple points
linha fdp!!!!
0.623812,0.35,0.212121,0.151754,0.273900.563782,0.563889,0.075758,0.156049,0.262274,0.508641,0.854331,0.964567,0.645669,0.207166,1,0,0,0,0,0,0,0,0,0,0,0,0,0,0,0,0,0,0,0,0,0,0,0,0,0,0,0,0,0,0,0,1,0,0,0,0,0,0,0,0,0,0,0,20.563282,0.444444,0.106061,0.151754,0.260982,0.506253,0.897638,0.952756,0.57874,0.210093,1,0,0,0,0,0,0,0,0,0,0,0,0,0,0,0,0,0,0,0,0,0,0,0,0,0,0,0,0,0,0,0,1,0,0,0,0,0,0,0,0,0,0,0,2
java.lang.NumberFormatException: multiple points
linha fdp!!!!
0.571786,0.213889,0.19690.615808,0.986111,0.227273,0.462419,0.282946,0.521849,0.759843,0.830709,0.610236,0.383382,1,0,0,0,0,0,0,0,0,0,0,0,0,0,0,0,0,0,0,0,0,0,0,0,0,0,0,0,0,0,0,0,1,0,0,0,0,0,0,0,0,0,0,0,2
java.lang.NumberFormatException: multiple points
linha fdp!!!!
0.681341,0.875,0.181818,0.365784,0.262274,0.455529,0.730.582791,0.780556,0.166667,0.307802,0.328165,0.830406,0.748031,0.948819,0.751969,0.243134,1,0,0,0,0,0,0,0,0,0,0,0,0,0,0,0,0,0,0,0,0,0,0,0,0,0,0,0,0,0,0,0,1,0,0,0,0,0,0,0,0,0,0,0,10.585293,0.772222,0.19697,0.32713,0.342377,0.834621,0.728346,0.952756,0.775591,0.238952,1,0,0,0,0,0,0,0,0,0,0,0,0,0,0,0,0,0,0,0,0,0,0,0,0,0,0,0,0,0,0,0,1,0,0,0,0,0,0,0,0,0,0,0,1
java.lang.NumberFormatException: multiple points
linha fdp!!!!
0.5577790.610305,0.355556,0.136364,0.088762,0.23385,0.709709,0.925197,0.925197,0.515748,0.28189,1,0,0,0,0,0,0,0,0,0,0,0,0,0,0,0,0,0,0,0,0,0,0,0,0,0,0,0,0,0,0,0,1,0,0,0,0,0,0,0,0,0,0,0,2
java.lang.NumberFormatException: multiple points
linha fdp!!!!
0.602801,0.625,0.10.494747,0.222222,0.181818,0.04796,0.24031,0.177884,0.929134,0.862205,0.444882,0.237279,1,0,0,0,0,0,0,0,0,0,0,0,0,0,0,0,0,0,0,0,0,0,0,0,0,0,0,0,0,0,0,0,1,0,0,0,0,0,0,0,0,0,0,0,2
java.lang.NumberFormatException: multiple points
linha fdp!!!!
0.610805,0.983333,0.136364,0.10952,0.254522,0.575523,0.807087,0.88189,0.6180.65983,0.897222,0.075758,0.18325,0.277778,0.661093,0.818898,0.925197,0.653543,0.344068,1,0,0,0,0,0,0,0,0,0,0,0,0,0,0,0,0,0,0,0,0,0,0,0,0,0,0,0,0,0,0,0,1,0,0,0,0,0,0,0,0,0,0,0,20.65983,0.958333,0.075758,0.204009,0.281654,0.657018,0.830709,0.913386,0.629921,0.340165,1,0,0,0,0,0,0,0,0,0,0,0,0,0,0,0,0,0,0,0,0,0,0,0,0,0,0,0,0,0,0,0,1,0,0,0,0,0,0,0,0,0,0,0,2
java.lang.NumberFormatException: multiple points
linha fdp!!!!
0.633317,0.113889,0.136364,0.080.553277,0.744444,0.242424,0.312813,0.193798,0.187158,0.700787,0.96063,0.807087,0.255402,1,0,0,0,0,0,0,0,0,0,0,0,0,0,0,0,0,0,0,0,0,0,0,0,0,0,0,0,0,0,0,0,1,0,0,0,0,0,0,0,0,0,0,0,1
java.lang.NumberFormatException: multiple points
linha fdp!!!!
0.663332,0.79160.653327,0.691667,0.136364,0.136006,0.27261,0.808768,0.791339,0.972441,0.724409,0.363864,1,0,0,0,0,0,0,0,0,0,0,0,0,0,0,0,0,0,0,0,0,0,0,0,0,1,0,0,0,0,0,0,0,0,0,0,0,0,0,0,0,0,0,0,2
java.lang.NumberFormatException: multiple points
linha fdp!!!!
0.634817,0.113889,0.060606,0.060845,0.229974,0.357735,0.866140.717359,0.722222,0.106061,0.251253,0.350129,0.7128,0.799213,0.96063,0.704724,0.16576,1,0,0,0,0,0,0,0,0,0,0,0,0,0,0,0,0,0,0,0,0,0,0,0,0,0,0,0,0,0,0,0,1,0,0,0,0,0,0,0,0,0,0,0,2
java.lang.NumberFormatException: multiple points
linha fdp!!!!
0.684342,0.838889,0.060606,0.04796,0.22739,0.812561,0.814961,0.937008,0.665354,0.0.630815,0.722222,0.166667,0.107373,0.248062,0.507236,0.767717,0.968504,0.748031,0.12798,1,0,0,0,0,0,0,0,0,0,0,0,0,0,0,0,0,0,0,0,0,0,0,0,0,0,0,0,0,0,0,0,1,0,0,0,0,0,0,0,0,0,0,0,20.633817,0.716667,0.121212,0.125268,0.255814,0.503442,0.791339,0.964567,0.716535,0.128816,1,0,0,0,0,0,0,0,0,0,0,0,0,0,0,0,0,0,0,0,0,0,0,0,0,0,0,0,0,0,0,0,1,0,0,0,0,0,0,0,0,0,0,0,2
java.lang.NumberFormatException: multiple points
linha fdp!!!!
0.72036,0.286111,0.060606,0.064424,0.236434,0.6671350.626313,0.158333,0.166667,0.060845,0.224806,0.693551,0.897638,0.850394,0.472441,0.172731,1,0,0,0,0,0,0,0,0,0,0,0,0,0,0,0,0,0,0,0,0,0,0,0,0,1,0,0,0,0,0,0,0,0,0,0,0,0,0,0,0,0,0,0,10.624312,0.125,0.121212,0.04796,0.224806,0.689616,0.874016,0.877953,0.535433,0.172313,1,0,0,0,0,0,0,0,0,0,0,0,0,0,0,0,0,0,0,0,0,0,0,0,0,1,0,0,0,0,0,0,0,0,0,0,0,0,0,0,0,0,0,0,1
java.lang.NumberFormatException: multiple points
linha fdp!!!!
0.631316,0.816667,0.10.665333,0.091667,0.106061,0.125268,0.178295,0.371505,0.862205,0.889764,0.562992,0.319392,1,0,0,0,0,0,0,0,0,0,0,0,0,0,0,0,0,0,0,0,0,0,0,0,0,1,0,0,0,0,0,0,0,0,0,0,0,0,0,0,0,0,0,0,1
java.lang.NumberFormatException: multiple points
linha fdp!!!!
0.584292,0.7972220.424712,0.230556,0.424242,0.085898,0.29845,0.016861,0.964567,0.704724,0.169291,0.15154,1,0,0,0,0,0,0,0,0,0,0,0,0,0,0,0,0,0,0,0,0,0,0,0,0,0,0,0,0,0,0,0,0,1,0,0,0,0,0,0,0,0,0,0,5
java.lang.NumberFormatException: multiple points
linha fdp!!!!
0.60.415708,0.305556,0.333333,0.030064,0.232558,0.176479,0.988189,0.822835,0.291339,0.110414,0,0,1,0,0,0,0,0,0,0,0,0,0,0,0,0,1,0,0,0,0,0,0,0,0,0,0,0,0,0,0,0,0,0,0,0,0,0,0,0,0,0,0,0,2
java.lang.NumberFormatException: multiple points
linha fdp!!!!
0.51370.161081,0.233333,0.560606,0.292054,0.083979,0.071659,0.952756,0.598425,0,0.069566,0,0,0,1,1,0,0,0,0,0,0,0,0,0,0,0,0,0,0,0,0,0,0,0,0,0,0,0,0,0,0,0,0,0,0,0,0,0,0,0,0,0,0,0,3
java.lang.NumberFormatException: multiple points
linha fdp!!!!
0.513757,0.741667,0.121212,0.077309,0.24031,0.164114,0.787402,0.96063,0.720472,0.0.142571,0.136111,0.575758,0.212598,0.382429,0.08852,0.811024,0.515748,0.106299,0.093545,0,0,0,1,0,0,0,0,0,1,0,0,0,0,0,0,0,0,0,0,0,0,0,0,0,0,0,0,0,0,0,0,0,0,0,0,0,0,0,0,0,0,0,0,3
java.lang.NumberFormatException: multiple points
linha fdp!!!!
0.110055,0.166667,0.515152,0.09592,0.325581,0.00.213607,0.016667,0.5,0.279885,0.390181,0.100604,0.625984,0.610236,0.46063,0.11376,0,0,0,1,0,0,0,0,0,0,0,0,0,1,0,0,0,0,0,0,0,0,0,0,0,0,0,0,0,0,0,0,0,0,0,0,0,0,0,0,0,0,0,0,3
java.lang.NumberFormatException: multiple points
linha fdp!!!!
0.591296,0.358333,0.242424,0.068003,0.235142,0.032036,0.96063,0.901575,0.4250.255128,0.794444,0.287879,0.319256,0.430233,0.044822,0.641732,0.929134,0.830709,0.101771,0,0,0,1,0,0,0,0,0,0,0,0,0,1,0,0,0,0,0,0,0,0,0,0,0,0,0,0,0,0,0,0,0,0,0,0,0,0,0,0,0,0,0,0,3
java.lang.NumberFormatException: multiple points
linha fdp!!!!
0.53370.521261,0.047222,0.287879,0.151754,0.342377,0.030631,0.791339,0.775591,0.503937,0.077095,1,0,0,0,0,0,0,0,0,0,0,0,0,0,0,0,0,0,0,0,0,0,0,0,0,0,0,0,0,0,0,0,1,0,0,0,0,0,0,0,0,0,0,0,2
java.lang.NumberFormatException: multiple points
linha fdp!!!!
0.238619,0.783333,0.333333,0.365784,0.4790.575788,0.15,0.227273,0.042949,0.222222,0.327385,0.897638,0.814961,0.433071,0.579395,1,0,0,0,0,0,0,0,0,0,0,0,0,0,0,0,0,0,0,0,0,0,0,0,0,0,1,0,0,0,0,0,0,0,0,0,0,0,0,0,0,0,0,0,1
java.lang.NumberFormatException: multiple points
linha fdp!!!!
0.269135,0.888889,0.363636,0.115963,0.324289,0.0.261631,0.580556,0.409091,0.136006,0.368217,0.170437,0.744094,0.996063,0.728346,0.065523,0,0,0,1,1,0,0,0,0,0,0,0,0,0,0,0,0,0,0,0,0,0,0,0,0,0,0,0,0,0,0,0,0,0,0,0,0,0,0,0,0,0,0,0,6
java.lang.NumberFormatException: multiple points
linha fdp!!!!
0.283142,0.375,0.227273,0.434503,0.423773,0.108754,0.956693,0.913386,0.452756,0.10.61931,0.286111,0.19697,0.173228,0.307494,0.340312,0.952756,0.874016,0.425197,0.464241,1,0,0,0,0,0,0,0,0,0,0,0,0,0,0,0,0,0,0,0,0,0,0,0,0,0,0,0,0,0,0,0,1,0,0,0,0,0,0,0,0,0,0,0,1
java.lang.NumberFormatException: multiple points
linha fdp!!!!
0.301151,0.727778,0.30303,0.269148,0.344961,0.090.591296,0.511111,0.318182,0.151754,0.281654,0.08009,0.862205,0.980315,0.602362,0.200892,0,0,1,0,0,0,0,0,0,0,0,0,0,0,0,0,0,0,0,0,0,0,0,0,0,0,0,0,0,0,0,0,0,0,0,0,1,0,0,0,0,0,0,0,20.591796,0.530556,0.287879,0.167502,0.282946,0.08009,0.850394,0.988189,0.637795,0.204378,0,0,1,0,0,0,0,0,0,0,0,0,0,0,0,0,0,0,0,0,0,0,0,0,0,0,0,0,0,0,0,0,0,0,0,0,1,0,0,0,0,0,0,0,2
java.lang.NumberFormatException: multiple points
linha fdp!!!!
0.627314,0.055556,0.166667,0.176807,0.235142,0.260222,0.834646,0.85430.425713,0.130556,0.242424,0.211167,0.215762,0.113531,0.88189,0.799213,0.429134,0.032622,0,0,1,0,0,0,0,0,0,0,0,0,0,1,0,0,0,0,0,0,0,0,0,0,0,0,0,0,0,0,0,0,0,0,0,0,0,0,0,0,0,0,0,0,2
java.lang.NumberFormatException: multiple points
linha fdp!!!!
0.603302,0.136111,0.151515,0.370795,0.268734,0.283546,0.88189,0.8580.65983,0.169444,0.166667,0.27917,0.23385,0.278629,0.901575,0.854331,0.472441,0.129095,0,0,1,0,0,0,0,0,0,0,0,0,0,0,0,0,0,0,0,0,0,0,0,0,0,0,0,0,0,0,0,0,0,0,1,0,0,0,0,0,0,0,0,0,10.656828,0.141667,0.151515,0.287759,0.231266,0.279893,0.885827,0.858268,0.496063,0.130908,0,0,1,0,0,0,0,0,0,0,0,0,0,0,0,0,0,0,0,0,0,0,0,0,0,0,0,0,0,0,0,0,0,0,1,0,0,0,0,0,0,0,0,0,1
java.lang.NumberFormatException: multiple points
linha fdp!!!!
0.667334,0.0.8009,0.233333,0.439394,0.528275,0.515504,0.292398,0.968504,0.700787,0.161417,0.241043,1,0,0,0,0,0,0,0,0,0,0,0,0,0,0,0,0,0,0,0,0,0,0,0,0,0,0,0,0,0,0,0,0,0,0,0,0,0,0,0,0,0,0,1,10.791396,0.244444,0.530303,0.518969,0.490956,0.288183,0.968504,0.629921,0.047244,0.244249,1,0,0,0,0,0,0,0,0,0,0,0,0,0,0,0,0,0,0,0,0,0,0,0,0,0,0,0,0,0,0,0,0,0,0,0,0,0,0,0,0,0,0,1,1
java.lang.NumberFormatException: multiple points
linha fdp!!!!
0.457729,0.2,0.19697,0.125268,0.297158,0.177181,0.92126,0.846450.611306,0.886111,0.227273,0.077309,0.25323,0.214978,0.712598,0.889764,0.724409,0.438171,0,0,1,0,0,0,0,0,0,0,0,0,0,0,0,0,0,0,0,0,0,0,0,0,0,0,0,0,0,0,0,0,0,0,1,0,0,0,0,0,0,0,0,0,2
java.lang.NumberFormatException: multiple points
linha fdp!!!!
0.6070.715358,0.113889,0.212121,0.18325,0.324289,0.503021,0.870079,0.818898,0.468504,0.297226,0,0,1,0,0,0,0,0,0,0,0,0,0,0,0,0,0,0,0,0,0,0,0,0,0,0,0,0,0,0,0,0,0,0,1,0,0,0,0,0,0,0,0,0,1
java.lang.NumberFormatException: multiple points
linha fdp!!!!
0.622811,0.525,0.136360.416708,0.288889,0.575758,0.021475,0.249354,0.211466,0.988189,0.649606,0,0.146103,0,0,1,0,0,0,0,0,0,0,0,0,0,0,0,0,1,0,0,0,0,0,0,0,0,0,0,0,0,0,0,0,0,0,0,0,0,0,0,0,0,0,0,0,2
java.lang.NumberFormatException: multiple points
linha fdp!!!!
0.761881,0.563889,0.106061,0.042949,0.218346,0.399747,0.854331,0.972441,0.653543,0.0712390.70085,0.252778,0.242424,0.10952,0.258398,0.27905,0.956693,0.84252,0.38189,0.195176,1,0,0,0,0,0,0,0,0,0,0,0,0,0,0,0,0,0,0,0,0,0,0,0,0,0,1,0,0,0,0,0,0,0,0,0,0,0,0,0,0,0,0,0,7
java.lang.NumberFormatException: multiple points
linha fdp!!!!
0.517259,0.094444,0.227273,0.352183,0.346253,0.463397,0.850394,0.810.689345,0.494444,0.212121,0.451682,0.379845,0.401012,0.885827,0.972441,0.594488,0.402342,0,0,1,0,0,0,0,0,0,0,0,0,0,0,0,0,0,0,0,0,0,0,0,0,0,0,0,0,0,0,0,0,0,0,0,0,1,0,0,0,0,0,0,0,20.689845,0.525,0.212121,0.442377,0.242894,0.400871,0.866142,0.984252,0.629921,0.406524,0,0,1,0,0,0,0,0,0,0,0,0,0,0,0,0,0,0,0,0,0,0,0,0,0,0,0,0,0,0,0,0,0,0,0,0,1,0,0,0,0,0,0,0,2
java.lang.NumberFormatException: multiple points
linha fdp!!!!
0.488244,0.0.511256,0.377778,0.393939,0.128848,0.184755,0.098356,0.980315,0.866142,0.326772,0.092848,1,0,0,0,0,0,0,0,0,0,0,0,0,0,0,0,0,0,0,0,0,0,0,0,0,0,0,0,0,0,0,0,1,0,0,0,0,0,0,0,0,0,0,0,10.505253,0.375,0.484848,0.107373,0.316537,0.095405,0.984252,0.818898,0.23622,0.089502,1,0,0,0,0,0,0,0,0,0,0,0,0,0,0,0,0,0,0,0,0,0,0,0,0,0,0,0,0,0,0,0,1,0,0,0,0,0,0,0,0,0,0,0,1
java.lang.NumberFormatException: multiple points
linha fdp!!!!
0.697349,0.486111,0.151515,0.14388,0.29199,0.410.573287,0.475,0.19697,0.214746,0.257106,0.247014,0.901575,0.964567,0.574803,0.182629,1,0,0,0,0,0,0,0,0,0,0,0,0,0,0,0,0,0,0,0,0,0,0,0,0,0,1,0,0,0,0,0,0,0,0,0,0,0,0,0,0,0,0,0,2
java.lang.NumberFormatException: multiple points
linha fdp!!!!
0.426713,0.330556,0.348485,0.2310.675338,0.272222,0.227273,0.09592,0.22093,0.466348,0.956693,0.858268,0.393701,0.047679,0,0,1,0,0,0,0,0,0,0,0,0,0,0,0,0,0,0,0,0,0,0,0,0,0,1,0,0,0,0,0,0,0,0,0,0,0,0,0,0,0,0,0,0,1
java.lang.NumberFormatException: multiple points
linha fdp!!!!
0.449725,0.911111,0.30303,0.04796,0.25323,0.0.714857,0.563889,0.106061,0.171797,0.215762,0.182802,0.854331,0.972441,0.653543,0.172731,0,0,1,0,0,0,0,0,0,0,0,0,0,0,0,0,0,0,0,0,0,0,0,0,0,0,0,0,0,0,0,0,0,0,0,1,0,0,0,0,0,0,0,0,1
java.lang.NumberFormatException: multiple points
linha fdp!!!!
0.48074,0.75,0.333333,0.042949,0.25323,0.354644,0.61811,0.948819,0.87000.704852,0.025,0.075758,0.088762,0.245478,0.119994,0.846457,0.905512,0.602362,0.310888,1,0,0,0,0,0,0,0,0,0,0,0,0,0,0,0,0,0,0,0,0,0,0,0,0,0,0,0,0,0,0,0,0,0,0,0,0,0,0,0,0,1,0,0,1
java.lang.NumberFormatException: multiple points
linha fdp!!!!
0.729365,0.680556,0.257576,0.18325,0.255814,0.44580.591296,0.925,0.19697,0.021475,0.232558,0.447661,0.751969,0.877953,0.677165,0.371393,0,0,1,0,0,0,0,0,0,0,0,0,0,0,0,0,0,0,0,0,0,0,0,0,0,0,1,0,0,0,0,0,0,0,0,0,0,0,0,0,0,0,0,0,10.592796,0.894444,0.257576,0.030064,0.235142,0.443586,0.688976,0.870079,0.728346,0.37209,0,0,1,0,0,0,0,0,0,0,0,0,0,0,0,0,0,0,0,0,0,0,0,0,0,0,0,1,0,0,0,0,0,0,0,0,0,0,0,0,0,0,0,0,1
java.lang.NumberFormatException: multiple points
linha fdp!!!!
0.624812,0.888889,0.393939,0.137437,0.322997,0.41920.664332,0.5,0.212121,0.150322,0.282946,0.360967,0.885827,0.976378,0.602362,0.146103,0,0,1,0,0,0,0,0,0,0,0,0,0,0,0,0,0,0,0,0,0,0,0,0,0,0,0,0,0,0,0,0,0,0,0,1,0,0,0,0,0,0,0,0,2
java.lang.NumberFormatException: multiple points
linha fdp!!!!
0.571786,0.111111,0.378788,0.154617,0.30100.612306,0.319444,0.075758,0.154617,0.308786,0.205564,0.901575,0.925197,0.551181,0.163112,0,0,1,0,0,0,0,0,0,0,0,0,0,0,0,0,0,0,0,0,0,0,0,0,0,0,0,0,0,0,0,0,0,0,0,1,0,0,0,0,0,0,0,0,10.610305,0.286111,0.151515,0.137437,0.303618,0.203597,0.933071,0.893701,0.472441,0.167015,0,0,1,0,0,0,0,0,0,0,0,0,0,0,0,0,0,0,0,0,0,0,0,0,0,0,0,0,0,0,0,0,0,0,0,0,1,0,0,0,0,0,0,0,1
java.lang.NumberFormatException: multiple points
linha fdp!!!!
0.671836,0.144444,0.19697,0.060845,0.235142,0.601517,0.893701,0.834640.65983,0.947222,0.318182,0.258411,0.324289,0.490516,0.681102,0.807087,0.661417,0.461034,0,0,1,0,0,0,0,0,0,0,0,0,0,0,0,0,0,0,0,0,0,0,0,0,0,0,0,1,0,0,0,0,0,0,0,0,0,0,0,0,0,0,0,0,1
java.lang.NumberFormatException: multiple points
linha fdp!!!!
0.682341,0.775,0.19697,0.107373,0.255814,0.41436,0.724400.695348,0.805556,0.227273,0.171797,0.289406,0.417732,0.692913,0.933071,0.791339,0.187788,0,0,1,0,0,0,0,0,0,0,0,0,0,0,0,0,0,0,0,0,0,0,0,0,0,0,0,0,0,0,0,0,0,0,0,1,0,0,0,0,0,0,0,0,10.698349,0.811111,0.136364,0.193271,0.297158,0.420823,0.771654,0.940945,0.720472,0.188763,0,0,1,0,0,0,0,0,0,0,0,0,0,0,0,0,0,0,0,0,0,0,0,0,0,0,0,0,0,0,0,0,0,0,0,1,0,0,0,0,0,0,0,0,1
java.lang.NumberFormatException: multiple points
linha fdp!!!!
0.751376,0.525,0.272727,0.307802,0.351421,0.625123,0.858268,0.988189,0.625980.650825,0.072222,0.19697,0.453114,0.408269,0.244204,0.838583,0.830709,0.519685,0.356057,0,0,1,0,0,0,0,0,0,0,0,0,0,0,0,0,0,0,0,0,0,0,0,0,0,0,0,0,0,0,0,0,0,0,1,0,0,0,0,0,0,0,0,0,1
java.lang.NumberFormatException: multiple points
linha fdp!!!!
0.7870.715358,0.522222,0.212121,0.04796,0.22739,0.652241,0.866142,0.984252,0.629921,0.424927,0,0,1,0,0,0,0,0,0,0,0,0,0,0,0,0,0,0,0,0,0,0,0,0,0,0,0,0,0,0,0,0,0,0,0,0,1,0,0,0,0,0,0,0,1
java.lang.NumberFormatException: multiple points
linha fdp!!!!
0.60.526263,0.202778,0.090909,0.198282,0.30491,0.063229,0.893701,0.901575,0.535433,0.051025,0,0,1,0,0,0,0,0,0,0,0,0,0,0,0,0,0,0,0,0,0,0,0,0,0,0,0,0,0,0,0,0,0,0,1,0,0,0,0,0,0,0,0,0,2
java.lang.NumberFormatException: multiple points
linha fdp!!!!
0.684342,0.897222,0.0300.555278,0.880556,0.30303,0.304939,0.481912,0.083041,0.637795,0.858268,0.76378,0.175101,0,0,1,0,0,0,0,0,0,0,0,0,0,0,0,0,0,0,0,0,0,0,0,0,0,0,0,0,0,0,0,0,0,0,0,0,1,0,0,0,0,0,0,0,1
java.lang.NumberFormatException: multiple points
linha fdp!!!!
0.576788,0.380556,0.227273,0.090909,0.23900.564782,0.863889,0.424242,0.322119,0.498708,0.096108,0.531496,0.818898,0.818898,0.180399,0,0,1,0,0,0,0,0,0,0,0,0,0,0,0,0,0,0,0,0,0,0,0,0,0,0,0,0,0,0,0,0,0,0,0,0,1,0,0,0,0,0,0,0,1
java.lang.NumberFormatException: multiple points
linha fdp!!!!
0.734367,0.755556,0.333333,0.838941,0.748062,0.509765,0.622047,0.948819,0.86220.796398,0.480556,0.257576,0.068003,0.236434,0.447239,0.897638,0.968504,0.562992,0.15154,0,0,1,0,0,0,0,0,0,0,0,0,0,0,0,0,0,0,0,0,0,0,0,0,0,0,0,0,0,0,0,0,0,0,0,0,0,0,1,0,0,0,0,0,70.796398,0.466667,0.257576,0.077309,0.237726,0.443164,0.909449,0.96063,0.543307,0.147358,0,0,1,0,0,0,0,0,0,0,0,0,0,0,0,0,0,0,0,0,0,0,0,0,0,0,0,0,0,0,0,0,0,0,0,0,0,0,1,0,0,0,0,0,7
java.lang.NumberFormatException: multiple points
linha fdp!!!!
0.66033,0.938889,0.4848480.656828,0.861111,0.242424,0.531854,0.689922,0.191373,0.688976,0.897638,0.755906,0.138296,0,0,1,0,0,0,0,0,0,0,0,0,0,0,0,0,0,0,0,0,0,0,0,0,0,0,0,0,0,0,0,0,0,0,0,0,1,0,0,0,0,0,0,0,10.66033,0.944444,0.30303,0.546886,0.698966,0.191935,0.681102,0.811024,0.669291,0.138018,0,0,1,0,0,0,0,0,0,0,0,0,0,0,0,0,0,0,0,0,0,0,0,0,0,0,0,0,0,0,0,0,0,0,0,0,1,0,0,0,0,0,0,0,1
java.lang.NumberFormatException: multiple points
linha fdp!!!!
0.6678340.685343,0.088889,0.151515,0.538296,0.368217,0.153435,0.858268,0.858268,0.527559,0.285655,0,0,1,0,0,0,0,0,0,0,0,0,0,0,0,0,0,0,0,0,0,0,0,0,0,1,0,0,0,0,0,0,0,0,0,0,0,0,0,0,0,0,0,0,1
java.lang.NumberFormatException: multiple points
linha fdp!!!!
0.518259,0.208333,0.19697,0.319256,0.391473,0.217648,0.925197,0.850394,0.433071,0.0.74087,0.844444,0.242424,0.584109,0.405685,0.124491,0.688976,0.905512,0.767717,0.126446,0,1,0,0,0,0,0,0,0,0,0,0,0,0,0,0,0,0,0,0,0,0,0,0,0,0,1,0,0,0,0,0,0,0,0,0,0,0,0,0,0,0,0,0,10.744872,0.830556,0.257576,0.602004,0.416021,0.128144,0.669291,0.909449,0.787402,0.122961,0,1,0,0,0,0,0,0,0,0,0,0,0,0,0,0,0,0,0,0,0,0,0,0,0,0,1,0,0,0,0,0,0,0,0,0,0,0,0,0,0,0,0,0,1
java.lang.NumberFormatException: multiple points
linha fdp!!!!
0.712356,0.35,0.166667,0.473157,0.380.767884,0.333333,0.19697,0.04796,0.211886,0.379092,0.948819,0.901575,0.452756,0.179841,0,0,1,0,0,0,0,0,0,0,0,0,0,0,0,0,0,0,0,0,0,0,0,0,0,0,0,0,0,0,0,0,0,0,0,0,0,0,0,0,0,0,1,0,70.765383,0.35,0.151515,0.04796,0.235142,0.376001,0.937008,0.917323,0.492126,0.17998,0,0,1,0,0,0,0,0,0,0,0,0,0,0,0,0,0,0,0,0,0,0,0,0,0,0,0,0,0,0,0,0,0,0,0,0,0,0,0,0,0,0,1,0,7
java.lang.NumberFormatException: multiple points
linha fdp!!!!
0.60.635318,0.088889,0.318182,0.496063,0.149871,0.260081,0.830709,0.751969,0.425197,0.284679,0,0,1,0,0,0,0,0,0,0,0,0,0,0,0,0,0,0,0,0,0,0,0,0,0,0,0,0,0,0,0,0,0,0,0,0,1,0,0,0,0,0,0,0,1
java.lang.NumberFormatException: multiple points
linha fdp!!!!
0.661831,0.344444,0.045455,0.042949,0.224806,0.607559,0.885820.718359,0.083333,0.212121,0.068003,0.250646,0.173388,0.846457,0.818898,0.5,0.477903,0,1,0,0,0,0,0,0,0,0,0,0,0,0,0,0,0,0,0,0,0,0,0,0,0,0,0,0,0,0,0,0,0,0,0,1,0,0,0,0,0,0,0,0,20.716358,0.088889,0.227273,0.064424,0.245478,0.171561,0.850394,0.807087,0.480315,0.473721,0,1,0,0,0,0,0,0,0,0,0,0,0,0,0,0,0,0,0,0,0,0,0,0,0,0,0,0,0,0,0,0,0,0,0,1,0,0,0,0,0,0,0,0,2
java.lang.NumberFormatException: multiple points
linha fdp!!!!
0.797399,0.1880.784892,0.411111,0.136364,0.265569,0.351421,0.154981,0.913386,0.944882,0.547244,0.562387,0,1,0,0,0,0,0,0,0,0,0,0,0,0,0,0,0,0,0,0,0,0,0,0,0,0,0,0,0,0,0,0,0,0,0,0,0,0,0,0,0,1,0,0,2
java.lang.NumberFormatException: multiple points
linha fdp!!!!
0.468734,0.094444,0.075758,0.042949,0.21447,0.40.265133,0.338889,0.136364,0,0.223514,0.058733,0.929134,0.917323,0.5,0.063711,0,0,1,0,0,0,1,0,0,0,0,0,0,0,0,0,0,0,0,0,0,0,0,0,0,0,0,0,0,0,0,0,0,0,0,0,0,0,0,0,0,0,0,0,2
java.lang.NumberFormatException: multiple points
BYTES READ -1
learning evaluation instances,Wall Time (Actual Time),Avg Delay (ms),outRate (inst/s),classified instances,classifications correct (percent),Kappa Statistic (percent),Kappa Temporal Statistic (percent),Kappa M Statistic (percent),F1 Score (percent),F1 Score for class 0 (percent),F1 Score for class 1 (percent),F1 Score for class 2 (percent),F1 Score for class 3 (percent),F1 Score for class 4 (percent),F1 Score for class 5 (percent),F1 Score for class 6 (percent),Precision (percent),Precision for class 0 (percent),Precision for class 1 (percent),Precision for class 2 (percent),Precision for class 3 (percent),Precision for class 4 (percent),Precision for class 5 (percent),Precision for class 6 (percent),Recall (percent),Recall for class 0 (percent),Recall for class 1 (percent),Recall for class 2 (percent),Recall for class 3 (percent),Recall for class 4 (percent),Recall for class 5 (percent),Recall for class 6 (percent),model training instances,model serialized size (bytes),ensemble size,[avg] model training instances,[err] model training instances,[avg] model serialized size (bytes),[err] model serialized size (bytes),[avg] tree size (nodes),[err] tree size (nodes),[avg] tree size (leaves),[err] tree size (leaves),[avg] active learning leaves,[err] active learning leaves,[avg] tree depth,[err] tree depth,[avg] active leaf byte size estimate,[err] active leaf byte size estimate,[avg] inactive leaf byte size estimate,[err] inactive leaf byte size estimate,[avg] byte size estimate overhead,[err] byte size estimate overhead
116500.0,526.9099731445312,1275.0,221.1003875732422,116000.0,71.69396551724138,51.74848231820306,-411.209715086408,43.76990786724663,51.3641201865147,1.4616321559074303,70.47893426239212,77.16673111518352,63.39395291754993,75.59661277906082,35.47655068078669,23.07931570762053,56.28976697431576,0.9724473257698543,69.03808711251122,74.80604993806637,66.36299929922916,76.71875,57.05596107055961,49.074074074074076,47.23114945159328,2.941176470588235,71.98120523698736,79.68126106732404,60.679196924391285,74.50682852807283,25.740944017563116,15.087433916226109,0.0,1.0,25.0,89803.51999999999,49078.94909829807,1.0,0.0,23.64,18.218305812195236,12.239999999999998,9.15277735626369,12.239999999999998,9.15277735626369,4.840000000000001,2.8089143810376282,0.0,0.0,0.0,0.0,1.0,0.0
