Connected!
linha fdp!!!!
0.1000.524262,0.430556,0.257576,0.121689,0.25323,0.045384,0.933071,0.940945,0.496063,0.131326,0,0,1,0,0,0,0,0,0,0,0,0,0,0,0,0,1,0,0,0,0,0,0,0,0,0,0,0,0,0,0,0,0,0,0,0,0,0,0,0,0,0,0,0,5
java.lang.NumberFormatException: multiple points
linha fdp!!!!
0.28064,0.033333,0.424242,0.088762,0.307494,0.139104,0.708661,0.677165,0.46063,0.00.511256,0.091667,0.121212,0.319256,0.25323,0.159056,0.862205,0.874016,0.547244,0.377387,0,0,1,0,0,0,0,0,0,0,0,0,0,0,0,0,0,0,0,0,0,0,0,0,0,0,0,0,0,0,0,0,0,0,0,1,0,0,0,0,0,0,0,0,1
java.lang.NumberFormatException: multiple points
linha fdp!!!!
0.0.689845,0,0.257576,0.221188,0.322997,0.172826,0.76378,0.814961,0.586614,0.332079,1,0,0,0,0,0,0,0,0,0,0,0,0,0,0,0,0,0,0,0,0,0,0,0,0,0,0,0,0,0,0,0,1,0,0,0,0,0,0,0,0,0,0,0,1
java.lang.NumberFormatException: multiple points
linha fdp!!!!
0.545273,0.386111,0.212121,0.10.429715,0.308333,0.060606,0.121689,0.258398,0.293523,0.893701,0.925197,0.562992,0.924578,1,0,0,0,0,0,0,0,0,0,0,0,0,0,0,1,0,0,0,0,0,0,0,0,0,0,0,0,0,0,0,0,0,0,0,0,0,0,0,0,0,0,0,0,2
java.lang.NumberFormatException: multiple points
linha fdp!!!!
0.4657330.444222,0.425,0.166667,0.299213,0.257106,0.319095,0.917323,0.948819,0.543307,0.842883,1,0,0,0,0,0,0,0,0,0,0,0,0,0,0,1,0,0,0,0,0,0,0,0,0,0,0,0,0,0,0,0,0,0,0,0,0,0,0,0,0,0,0,0,2
java.lang.NumberFormatException: multiple points
linha fdp!!!!
0.512256,0.416667,0.363636,0.040.631316,0.155556,0.212121,0.221188,0.27261,0.682591,0.897638,0.818898,0.433071,0.373484,1,0,0,0,0,0,0,0,0,0,0,0,0,0,0,0,0,0,0,0,0,0,0,0,0,0,0,0,0,0,0,0,1,0,0,0,0,0,0,0,0,0,0,0,1
java.lang.NumberFormatException: multiple points
linha fdp!!!!
0.582791,0.561111,0.181818,0.429492,0.426357,0.821976,0.84252,0.988180.595798,0.419444,0.181818,0.375089,0.435401,0.82872,0.929134,0.944882,0.519685,0.701798,1,0,0,0,0,0,0,0,0,0,0,0,0,0,0,0,0,0,0,0,0,0,0,0,0,0,0,0,0,0,0,0,0,1,0,0,0,0,0,0,0,0,0,0,2
java.lang.NumberFormatException: multiple points
linha fdp!!!!
0.513757,0.177778,0.257576,0.2920.569785,0.894444,0.121212,0.215462,0.244186,0.686525,0.787402,0.913386,0.673228,0.728844,1,0,0,0,0,0,0,0,0,0,0,0,0,0,0,0,0,0,0,0,0,0,0,0,0,0,0,0,0,0,0,0,1,0,0,0,0,0,0,0,0,0,0,0,20.568284,0.125,0.166667,0.214746,0.24031,0.682591,0.877953,0.850394,0.496063,0.72759,1,0,0,0,0,0,0,0,0,0,0,0,0,0,0,0,0,0,0,0,0,0,0,0,0,0,0,0,0,0,0,0,1,0,0,0,0,0,0,0,0,0,0,0,2
java.lang.NumberFormatException: multiple points
linha fdp!!!!
0.449725,0.097222,0.136364,0.211167,0.249354,0.396937,0.862205,0.866142,0.535433,0.0.367184,0.25,0.015152,0,0.223514,0.222566,0.870079,0.929134,0.594488,0.160184,1,0,0,0,0,0,0,0,0,0,0,0,0,0,0,0,0,0,0,1,0,0,0,0,0,0,0,0,0,0,0,0,0,0,0,0,0,0,0,0,0,0,0,0,20.367684,0.963889,0.075758,0.021475,0.223514,0.219193,0.826772,0.909449,0.629921,0.156978,1,0,0,0,0,0,0,0,0,0,0,0,0,0,0,0,0,0,0,1,0,0,0,0,0,0,0,0,0,0,0,0,0,0,0,0,0,0,0,0,0,0,0,0,2
java.lang.NumberFormatException: multiple points
linha fdp!!!!
0.35918,0.152778,0.257576,0.328561,0.322997,0.072783,0.0.395698,0.986111,0.333333,0.021475,0.232558,0.260222,0.69685,0.76378,0.590551,0.221665,1,0,0,0,0,0,0,0,0,0,0,0,0,0,0,0,0,0,0,0,0,0,0,0,0,0,0,0,0,0,0,0,1,0,0,0,0,0,0,0,0,0,0,0,2
java.lang.NumberFormatException: multiple points
linha fdp!!!!
0.6008,0.95,0.045455,0.516106,0.30.550275,0.141667,0.19697,0.107373,0.245478,0.533792,0.889764,0.830709,0.46063,0.730238,1,0,0,0,0,0,0,0,0,0,0,0,0,0,0,0,0,0,0,0,0,0,0,0,0,0,0,0,0,0,0,0,1,0,0,0,0,0,0,0,0,0,0,0,2
java.lang.NumberFormatException: multiple points
linha fdp!!!!
0.49925,0.966667,0.242424,0.04796,0.245478,0.548967,0.70.533767,0.125,0.121212,0.380816,0.24031,0.628917,0.874016,0.877953,0.535433,0.605604,1,0,0,0,0,0,0,0,0,0,0,0,0,0,0,0,0,0,0,0,0,0,0,0,0,0,1,0,0,0,0,0,0,0,0,0,0,0,0,0,0,0,0,0,2
java.lang.NumberFormatException: multiple points
linha fdp!!!!
0.389195,0.052778,0.136364,0.151754,0.209302,0.058592,0.84252,0.874016,0.5660.414207,0.894444,0.378788,0.060845,0.267442,0.294366,0.590551,0.814961,0.755906,0.363864,1,0,0,0,0,0,0,0,0,0,0,0,0,0,0,0,0,0,0,0,0,0,0,0,0,0,0,0,0,0,0,0,1,0,0,0,0,0,0,0,0,0,0,0,2
java.lang.NumberFormatException: multiple points
linha fdp!!!!
0.536768,0.708333,0.0.431716,0.891667,0.257576,0.030064,0.241602,0.203457,0.688976,0.874016,0.732283,0.323714,1,0,0,0,0,0,0,0,0,0,0,0,0,0,0,0,0,0,0,0,0,0,0,0,0,0,0,0,0,0,0,0,1,0,0,0,0,0,0,0,0,0,0,0,2
java.lang.NumberFormatException: multiple points
linha fdp!!!!
0.5307650.43922,0.319444,0.212121,0.085898,0.228682,0.172966,0.96063,0.885827,0.42126,0.202147,1,0,0,0,0,0,0,0,0,0,0,0,0,0,0,1,0,0,0,0,0,0,0,0,0,0,0,0,0,0,0,0,0,0,0,0,0,0,0,0,0,0,0,0,2
java.lang.NumberFormatException: multiple points
linha fdp!!!!
0.449725,0.875,0.106060.607304,0.319444,0.227273,0.107373,0.270026,0.476043,0.964567,0.88189,0.409449,0.399972,1,0,0,0,0,0,0,0,0,0,0,0,0,0,0,0,0,0,0,0,0,0,0,0,0,0,0,0,0,0,0,0,0,1,0,0,0,0,0,0,0,0,0,0,1
java.lang.NumberFormatException: multiple points
linha fdp!!!!
0.509255,0.486111,0.121212,0.18325,0.280.64082,0.997222,0.136364,0.18325,0.29845,0.709569,0.811024,0.877953,0.610236,0.065105,1,0,0,0,0,0,0,0,0,0,0,0,0,0,0,0,0,0,0,0,0,0,0,0,0,0,0,0,0,0,0,0,1,0,0,0,0,0,0,0,0,0,0,0,2
java.lang.NumberFormatException: multiple points
linha fdp!!!!
0.586293,0.2720.518759,0.358333,0.257576,0.121689,0.273902,0.486581,0.968504,0.893701,0.405512,0.392862,1,0,0,0,0,0,0,0,0,0,0,0,0,0,0,0,0,0,0,0,0,0,0,0,0,0,0,0,0,0,0,0,1,0,0,0,0,0,0,0,0,0,0,0,20.514257,0.352778,0.287879,0.107373,0.26615,0.484193,0.976378,0.88189,0.377953,0.389237,1,0,0,0,0,0,0,0,0,0,0,0,0,0,0,0,0,0,0,0,0,0,0,0,0,0,0,0,0,0,0,0,1,0,0,0,0,0,0,0,0,0,0,0,2
java.lang.NumberFormatException: multiple points
linha fdp!!!!
0.472736,0.20.623312,0.788889,0.242424,0.490336,0.386305,0.883237,0.688976,0.940945,0.80315,0.202705,1,0,0,0,0,0,0,0,0,0,0,0,0,0,0,0,0,0,0,0,0,0,0,0,0,0,0,0,0,0,0,0,1,0,0,0,0,0,0,0,0,0,0,0,20.627814,0.783333,0.272727,0.510379,0.397933,0.886047,0.65748,0.937008,0.826772,0.198801,1,0,0,0,0,0,0,0,0,0,0,0,0,0,0,0,0,0,0,0,0,0,0,0,0,0,0,0,0,0,0,0,1,0,0,0,0,0,0,0,0,0,0,0,2
java.lang.NumberFormatException: multiple points
linha fdp!!!!
0.613807,0.861111,0.106061,0.021475,0.2290.576288,0.080556,0.090909,0.04796,0.228682,0.405789,0.858268,0.889764,0.566929,0.206608,1,0,0,0,0,0,0,0,0,0,0,0,0,0,0,0,0,0,0,0,0,0,0,0,0,0,0,0,0,0,0,0,1,0,0,0,0,0,0,0,0,0,0,0,2
java.lang.NumberFormatException: multiple points
linha fdp!!!!
0.668834,0.222222,0.121212,0.030064,0.22093,0.704089,0.9090.627814,0.213889,0.166667,0.09592,0.25323,0.341295,0.92126,0.866142,0.46063,0.159766,1,0,0,0,0,0,0,0,0,0,0,0,0,0,0,0,0,0,0,0,0,0,0,0,0,0,0,0,0,0,0,0,0,1,0,0,0,0,0,0,0,0,0,0,1
java.lang.NumberFormatException: multiple points
linha fdp!!!!
0.593297,0.1194440.587294,0.191667,0.136364,0.257695,0.242894,0.194183,0.905512,0.874016,0.492126,0.361634,1,0,0,0,0,0,0,0,0,0,0,0,0,0,0,0,0,0,0,0,0,0,0,0,0,0,0,0,0,0,0,0,1,0,0,0,0,0,0,0,0,0,0,0,2
java.lang.NumberFormatException: multiple points
linha fdp!!!!
0.696348,0.047222,0.19697,0.171797,0.270026,0.767177,0.0.690345,0.883333,0.181818,0.068003,0.242894,0.570044,0.744094,0.901575,0.708661,0.174683,1,0,0,0,0,0,0,0,0,0,0,0,0,0,0,0,0,0,0,0,0,0,0,0,0,0,0,0,0,0,0,0,0,0,0,0,0,0,0,0,0,0,1,0,1
java.lang.NumberFormatException: multiple points
linha fdp!!!!
0.46270.510755,0.036111,0.333333,0.257695,0.215762,0.240832,0.76378,0.751969,0.5,0.342953,0,0,1,0,0,0,0,0,0,0,0,0,0,0,0,0,0,0,0,0,0,0,0,0,0,0,0,0,0,0,0,0,0,0,0,0,1,0,0,0,0,0,0,0,2
java.lang.NumberFormatException: multiple points
linha fdp!!!!
0.692846,0.1,0.121212,0.0214750.495248,0.813889,0.545455,0.502505,0.839793,0.112407,0.385827,0.807087,0.92126,0.335564,0,0,1,0,0,0,0,0,0,0,0,0,0,0,0,0,0,0,0,0,0,0,0,0,0,0,0,0,0,0,0,0,0,0,0,0,1,0,0,0,0,0,0,0,2
java.lang.NumberFormatException: multiple points
linha fdp!!!!
0.638319,0.988889,0.151515,0.120.385193,0.158333,0.484848,0.128848,0.355297,0.109597,0.877953,0.614173,0.169291,0.115433,0,0,1,0,0,0,0,0,0,0,0,0,0,0,0,0,0,0,0,0,0,0,0,0,0,0,0,0,0,0,0,0,0,0,0,0,1,0,0,0,0,0,0,0,20.376688,0.177778,0.484848,0.107373,0.333333,0.109597,0.901575,0.614173,0.133858,0.118361,0,0,1,0,0,0,0,0,0,0,0,0,0,0,0,0,0,0,0,0,0,0,0,0,0,0,0,0,0,0,0,0,0,0,0,0,1,0,0,0,0,0,0,0,2
java.lang.NumberFormatException: multiple points
linha fdp!!!!
0.537269,0.486111,0.257576,0.2398,0.284238,0.239146,0.893701,0.972441,0.574803,0.230.551776,0.794444,0.090909,0.228346,0.249354,0.267669,0.799213,0.944882,0.692913,0.297923,0,0,1,0,0,0,0,0,0,0,0,0,0,0,0,0,0,0,0,0,0,0,0,0,0,0,0,0,0,0,0,0,0,0,0,1,0,0,0,0,0,0,0,0,2
java.lang.NumberFormatException: multiple points
linha fdp!!!!
0.030515,0.161111,0.318182,0.10952,0.29199,0.025292,0.905512,0.74800.488744,0.266667,0.378788,0.304939,0.434109,0.145567,0.984252,0.76378,0.220472,0.062178,0,0,1,0,0,0,0,0,0,0,0,0,0,0,0,0,0,0,0,0,0,0,0,0,0,0,0,1,0,0,0,0,0,0,0,0,0,0,0,0,0,0,0,0,60.48074,0.252778,0.363636,0.289191,0.403101,0.144864,0.976378,0.76378,0.23622,0.059389,0,0,1,0,0,0,0,0,0,0,0,0,0,0,0,0,0,0,0,0,0,0,0,0,0,0,0,1,0,0,0,0,0,0,0,0,0,0,0,0,0,0,0,0,6
java.lang.NumberFormatException: multiple points
linha fdp!!!!
0.104052,0.872222,0.439394,0.04796,0.26610.535768,0.372222,0.393939,0.300644,0.356589,0.13812,0.984252,0.862205,0.314961,0.078071,1,0,0,0,0,0,0,0,0,0,0,0,0,0,0,0,0,0,0,0,0,0,0,0,0,0,0,0,0,0,0,0,0,1,0,0,0,0,0,0,0,0,0,0,10.530765,0.383333,0.393939,0.27917,0.343669,0.137277,0.980315,0.866142,0.318898,0.074167,1,0,0,0,0,0,0,0,0,0,0,0,0,0,0,0,0,0,0,0,0,0,0,0,0,0,0,0,0,0,0,0,0,1,0,0,0,0,0,0,0,0,0,0,1
java.lang.NumberFormatException: multiple points
linha fdp!!!!
0.08054,0.972222,0.242424,0.26199,0.319121,0.08852,0.740157,0.826772,0.620.165583,0.702778,0.348485,0,0.223514,0.051286,0.633858,0.976378,0.866142,0.054371,0,0,0,1,0,0,0,0,0,0,0,0,0,1,0,0,0,0,0,0,0,0,0,0,0,0,0,0,0,0,0,0,0,0,0,0,0,0,0,0,0,0,0,0,30.173087,0.075,0.393939,0,0.223514,0.067444,0.779528,0.681102,0.385827,0.074167,0,0,0,1,0,0,0,0,0,0,0,0,0,1,0,0,0,0,0,0,0,0,0,0,0,0,0,0,0,0,0,0,0,0,0,0,0,0,0,0,0,0,0,0,3
java.lang.NumberFormatException: multiple points
linha fdp!!!!
0.567784,0.95,0.151515,0.228346,0.316530.590295,0.955556,0.181818,0.257695,0.360465,0.068568,0.771654,0.874016,0.645669,0.222362,0,0,1,0,0,0,0,0,0,0,0,0,0,0,0,0,0,0,0,0,0,0,0,0,0,0,0,1,0,0,0,0,0,0,0,0,0,0,0,0,0,0,0,0,1
java.lang.NumberFormatException: multiple points
linha fdp!!!!
0.223112,0.940.437719,0.041667,0.166667,0.060845,0.22739,0.188001,0.826772,0.850394,0.559055,0.090478,0,0,1,0,0,0,0,0,0,0,0,0,0,0,0,0,0,0,0,0,0,0,0,0,0,0,0,0,0,0,0,0,0,0,1,0,0,0,0,0,0,0,0,0,20.436718,0.061111,0.181818,0.064424,0.224806,0.191092,0.834646,0.84252,0.53937,0.086993,0,0,1,0,0,0,0,0,0,0,0,0,0,0,0,0,0,0,0,0,0,0,0,0,0,0,0,0,0,0,0,0,0,0,1,0,0,0,0,0,0,0,0,0,2
java.lang.NumberFormatException: multiple points
linha fdp!!!!
0.183092,0.055556,0.560606,0.068003,0.299742,0.137558,0.665354,0.547244,0.326772,0.108740.586793,0.997222,0.136364,0.115963,0.276486,0.009414,0.811024,0.877953,0.610236,0.165063,0,0,1,0,0,0,0,0,0,0,0,0,0,0,0,0,0,0,0,0,0,0,0,0,0,0,0,1,0,0,0,0,0,0,0,0,0,0,0,0,0,0,0,0,2
java.lang.NumberFormatException: multiple points
linha fdp!!!!
0.757879,0.616667,0.409091,0.464567,0.547804,0.460447,0.692913,0.0.151576,0.952778,0.333333,0.167502,0.251938,0.07742,0.669291,0.787402,0.649606,0.096612,0,0,0,1,0,0,0,0,0,0,0,0,0,1,0,0,0,0,0,0,0,0,0,0,0,0,0,0,0,0,0,0,0,0,0,0,0,0,0,0,0,0,0,0,30.153577,0.95,0.287879,0.151754,0.257106,0.075032,0.69685,0.814961,0.65748,0.100516,0,0,0,1,0,0,0,0,0,0,0,0,0,1,0,0,0,0,0,0,0,0,0,0,0,0,0,0,0,0,0,0,0,0,0,0,0,0,0,0,0,0,0,0,3
java.lang.NumberFormatException: multiple points
linha fdp!!!!
0.469235,0.319444,0.454545,0.060845,0.264858,0.102712,1,0.771654,0.181102,0.190.201601,0.894444,0.515152,0.04796,0.290698,0.122524,0.46063,0.732283,0.779528,0.084623,0,0,0,1,0,0,0,0,0,0,0,0,0,1,0,0,0,0,0,0,0,0,0,0,0,0,0,0,0,0,0,0,0,0,0,0,0,0,0,0,0,0,0,0,3
java.lang.NumberFormatException: multiple points
linha fdp!!!!
0.226613,0.050.449725,0.952778,0.287879,0.088762,0.286822,0.316004,0.708661,0.818898,0.653543,0.058692,0,0,1,0,0,0,0,0,0,0,0,0,0,0,0,0,0,0,0,0,0,0,0,0,0,0,0,0,0,0,0,0,0,0,1,0,0,0,0,0,0,0,0,0,20.451226,0.011111,0.318182,0.085898,0.282946,0.318955,0.73622,0.76378,0.547244,0.058553,0,0,1,0,0,0,0,0,0,0,0,0,0,0,0,0,0,0,0,0,0,0,0,0,0,0,0,0,0,0,0,0,0,0,1,0,0,0,0,0,0,0,0,0,2
java.lang.NumberFormatException: multiple points
linha fdp!!!!
0.135068,0.030556,0.378788,0.173228,0.348837,0.048054,0.724409,0.70860.596298,0.4,0.242424,0.269148,0.392765,0.185893,0.948819,0.925197,0.468504,0.454482,1,0,0,0,0,0,0,0,0,0,0,0,0,0,0,0,0,0,0,0,0,0,0,0,0,0,0,0,0,0,0,0,1,0,0,0,0,0,0,0,0,0,0,0,10.593797,0.4,0.257576,0.259127,0.386305,0.181678,0.952756,0.925197,0.456693,0.4503,1,0,0,0,0,0,0,0,0,0,0,0,0,0,0,0,0,0,0,0,0,0,0,0,0,0,0,0,0,0,0,0,1,0,0,0,0,0,0,0,0,0,0,0,1
java.lang.NumberFormatException: multiple points
linha fdp!!!!
0.0.586293,0.447222,0.136364,0.021475,0.215762,0.338907,0.905512,0.952756,0.566929,0.542451,1,0,0,0,0,0,0,0,0,0,0,0,0,0,0,0,0,0,0,0,0,0,0,0,0,0,1,0,0,0,0,0,0,0,0,0,0,0,0,0,0,0,0,0,1
java.lang.NumberFormatException: multiple points
linha fdp!!!!
0.252626,0.938880.543772,0.405556,0.287879,0.068003,0.257106,0.161585,0.956693,0.917323,0.437008,0.429806,1,0,0,0,0,0,0,0,0,0,0,0,0,0,0,0,0,0,0,0,0,0,0,0,0,1,0,0,0,0,0,0,0,0,0,0,0,0,0,0,0,0,0,0,10.54077,0.391667,0.30303,0.064424,0.249354,0.15751,0.964567,0.905512,0.413386,0.425763,1,0,0,0,0,0,0,0,0,0,0,0,0,0,0,0,0,0,0,0,0,0,0,0,0,1,0,0,0,0,0,0,0,0,0,0,0,0,0,0,0,0,0,0,1
java.lang.NumberFormatException: multiple points
linha fdp!!!!
0.524262,0.672222,0.121212,0.202577,0.286822,0.274835,0.807087,0.972440.267134,0.875,0.378788,0.068003,0.289406,0.153154,0.570866,0.826772,0.791339,0.158929,0,0,0,1,0,0,0,0,0,0,0,0,0,1,0,0,0,0,0,0,0,0,0,0,0,0,0,0,0,0,0,0,0,0,0,0,0,0,0,0,0,0,0,0,30.271636,0.897222,0.363636,0.088762,0.301034,0.152733,0.594488,0.811024,0.751969,0.158929,0,0,0,1,0,0,0,0,0,0,0,0,0,1,0,0,0,0,0,0,0,0,0,0,0,0,0,0,0,0,0,0,0,0,0,0,0,0,0,0,0,0,0,0,3
java.lang.NumberFormatException: multiple points
linha fdp!!!!
0.701351,0.219444,0.212121,0.121689,0.214470.294147,0.930556,0.318182,0.228346,0.24677,0.097091,0.65748,0.814961,0.692913,0.220828,0,0,0,1,0,0,0,0,0,0,0,0,0,1,0,0,0,0,0,0,0,0,0,0,0,0,0,0,0,0,0,0,0,0,0,0,0,0,0,0,0,0,0,0,30.294647,0.016667,0.333333,0.212598,0.248062,0.097372,0.73622,0.751969,0.531496,0.219155,0,0,0,1,0,0,0,0,0,0,0,0,0,1,0,0,0,0,0,0,0,0,0,0,0,0,0,0,0,0,0,0,0,0,0,0,0,0,0,0,0,0,0,0,3
java.lang.NumberFormatException: multiple points
linha fdp!!!!
0.255628,0.888889,0.3636360.702851,0.213889,0.121212,0.375089,0.275194,0.169453,0.909449,0.885827,0.5,0.301687,1,0,0,0,0,0,0,0,0,0,0,0,0,0,0,0,0,0,0,0,0,0,0,0,0,0,0,0,0,0,0,0,1,0,0,0,0,0,0,0,0,0,0,0,1
java.lang.NumberFormatException: multiple points
linha fdp!!!!
0.287644,0.988889,0.190.64082,0.411111,0.181818,0.24481,0.334625,0.079528,0.925197,0.940945,0.523622,0.107486,0,0,1,0,0,0,0,0,0,0,0,0,0,0,0,0,0,0,0,0,0,0,0,0,0,0,0,0,0,0,0,0,0,0,0,1,0,0,0,0,0,0,0,0,2
java.lang.NumberFormatException: multiple points
linha fdp!!!!
0.485743,0.219444,0.272727,0.370795,0.347545,0.042293,0.944882,0.8070.585793,0.175,0.409091,0.319256,0.527132,0.064212,0.913386,0.685039,0.228346,0.192528,1,0,0,0,0,0,0,0,0,0,0,0,0,0,0,0,0,0,0,0,0,0,0,0,0,0,0,0,0,0,0,0,0,1,0,0,0,0,0,0,0,0,0,0,20.578789,0.177778,0.409091,0.299213,0.509044,0.060419,0.913386,0.681102,0.220472,0.188345,1,0,0,0,0,0,0,0,0,0,0,0,0,0,0,0,0,0,0,0,0,0,0,0,0,0,0,0,0,0,0,0,0,1,0,0,0,0,0,0,0,0,0,0,2
java.lang.NumberFormatException: multiple points
linha fdp!!!!
0.412706,0.111111,0.121212,0.19184,0.251938,0.044822,0.870079,0.877953,0.53937,0.140.576288,0.227778,0.166667,0.365068,0.213178,0.236336,0.925197,0.866142,0.452756,0.19197,0,0,1,0,0,0,0,0,0,0,0,0,0,0,0,0,0,0,0,0,0,0,0,0,0,0,0,0,0,0,0,0,0,0,0,1,0,0,0,0,0,0,0,0,20.573787,0.125,0.090909,0.367931,0.250646,0.240551,0.874016,0.893701,0.551181,0.191552,0,0,1,0,0,0,0,0,0,0,0,0,0,0,0,0,0,0,0,0,0,0,0,0,0,0,0,0,0,0,0,0,0,0,0,1,0,0,0,0,0,0,0,0,2
java.lang.NumberFormatException: multiple points
linha fdp!!!!
0.272136,0.894444,0.272727,0.18325,0.31137,0.000.495248,0.030556,0.242424,0.125268,0.248062,0.214135,0.791339,0.807087,0.547244,0.384776,0,0,1,0,0,0,0,0,0,0,0,0,0,0,0,0,0,0,0,0,0,0,0,0,0,0,0,0,0,0,0,0,0,0,0,1,0,0,0,0,0,0,0,0,1
java.lang.NumberFormatException: multiple points
linha fdp!!!!
0.721860.574287,0.811111,0.19697,0.077309,0.239018,0.33146,0.720472,0.933071,0.76378,0.192806,0,0,1,0,0,0,0,0,0,0,0,0,0,0,0,0,0,0,0,0,0,0,0,0,0,0,0,0,0,0,0,0,0,0,1,0,0,0,0,0,0,0,0,0,2
java.lang.NumberFormatException: multiple points
linha fdp!!!!
0.501751,0.211111,0.333333,0.077309,0.3023260.517259,0.394444,0.19697,0.334288,0.276486,0.230856,0.940945,0.933071,0.492126,0.386449,0,0,1,0,0,0,0,0,0,0,0,0,0,0,0,0,0,0,0,0,0,0,0,0,0,0,0,0,0,0,0,0,0,0,1,0,0,0,0,0,0,0,0,0,2
java.lang.NumberFormatException: multiple points
linha fdp!!!!
0.843922,0.0250.488244,0.3,0.348485,0.04796,0.20155,0.013348,0.992126,0.811024,0.271654,0.146382,1,0,0,0,0,0,0,0,0,0,0,0,0,0,0,0,0,0,0,0,0,0,0,0,0,0,0,0,0,0,0,0,1,0,0,0,0,0,0,0,0,0,0,0,10.484742,0.7,0.287879,0.287759,0.496124,0.084024,0.688976,0.980315,0.826772,0.244528,0,0,1,0,0,0,0,0,0,0,0,0,0,0,0,0,0,0,0,0,0,0,0,0,0,0,0,0,0,0,0,0,0,0,0,0,1,0,0,0,0,0,0,0,2
java.lang.NumberFormatException: multiple points
linha fdp!!!!
0.468234,0.366667,0.166667,0.19320.657329,0.097222,0.181818,0.202577,0.232558,0.264016,0.862205,0.84252,0.507874,0.114178,0,0,1,0,0,0,0,0,0,0,0,0,0,0,0,0,0,0,0,0,0,0,0,0,0,0,0,0,0,0,0,0,0,0,1,0,0,0,0,0,0,0,0,0,1
java.lang.NumberFormatException: multiple points
linha fdp!!!!
0.814907,0.0.446723,0.408333,0.19697,0.064424,0.22739,0.147956,0.937008,0.937008,0.503937,0.103304,0,0,1,0,0,1,0,0,0,0,0,0,0,0,0,0,0,0,0,0,0,0,0,0,0,0,0,0,0,0,0,0,0,0,0,0,0,0,0,0,0,0,0,0,30.444722,0.413889,0.181818,0.064424,0.22739,0.146691,0.929134,0.940945,0.515748,0.099401,0,0,1,0,0,1,0,0,0,0,0,0,0,0,0,0,0,0,0,0,0,0,0,0,0,0,0,0,0,0,0,0,0,0,0,0,0,0,0,0,0,0,0,0,3
java.lang.NumberFormatException: multiple points
linha fdp!!!!
0.763382,0.094444,0.19697,0.068003,0.23385,0.475903,0.858268,0.834646,0.50.46023,0.219444,0.090909,0.04796,0.224806,0.219193,0.897638,0.901575,0.531496,0.22515,0,0,1,0,0,0,0,0,0,0,0,0,0,1,0,0,0,0,0,0,0,0,0,0,0,0,0,0,0,0,0,0,0,0,0,0,0,0,0,0,0,0,0,0,1
java.lang.NumberFormatException: multiple points
linha fdp!!!!
0.603302,0.852778,0.242424,0.271296,0.1520.611306,0.877778,0.227273,0.258411,0.173127,0.294085,0.704724,0.889764,0.73622,0.332776,0,0,1,0,0,0,0,0,0,0,0,0,0,0,0,0,0,0,0,0,0,0,0,0,0,0,0,0,0,0,0,0,0,0,0,1,0,0,0,0,0,0,0,0,2
java.lang.NumberFormatException: multiple points
linha fdp!!!!
0.662831,0.202778,0.272727,0.14388,0.206718,0.409021,0.937008,0.799213,0.350394,0.272680.350175,0.258333,0.30303,0.021475,0.222222,0.212168,0.972441,0.811024,0.314961,0.157535,0,0,1,0,0,0,0,0,0,0,0,0,0,0,0,0,0,0,0,0,1,0,0,0,0,0,0,0,0,0,0,0,0,0,0,0,0,0,0,0,0,0,0,0,3
java.lang.NumberFormatException: multiple points
linha fdp!!!!
0.631816,0,0.075758,0.064424,0.224806,0.30.773387,0.891667,0.151515,0.32713,0.289406,0.247436,0.759843,0.905512,0.692913,0.085878,0,0,1,0,0,0,0,0,0,0,0,0,0,0,0,0,0,0,0,0,0,0,0,0,0,0,0,0,0,0,0,0,0,0,0,0,0,0,0,0,0,1,0,0,7
java.lang.NumberFormatException: multiple points
linha fdp!!!!
0.0.372186,0.122222,0.333333,0.154617,0.29845,0.232823,0.862205,0.732283,0.358268,0.204935,0,0,1,0,0,0,0,0,0,0,0,0,0,1,0,0,0,0,0,0,0,0,0,0,0,0,0,0,0,0,0,0,0,0,0,0,0,0,0,0,0,0,0,0,2
java.lang.NumberFormatException: multiple points
linha fdp!!!!
0.636818,0.208333,0.19697,0.077309,0.239018,0.414641,0.925197,0.850394,0.43300.410205,0.191667,0.242424,0.064424,0.25969,0.366587,0.925197,0.811024,0.385827,0.136205,0,0,1,0,0,0,0,0,0,0,0,0,0,1,0,0,0,0,0,0,0,0,0,0,0,0,0,0,0,0,0,0,0,0,0,0,0,0,0,0,0,0,0,0,20.405203,0.216667,0.272727,0.042949,0.24677,0.365182,0.944882,0.80315,0.346457,0.140248,0,0,1,0,0,0,0,0,0,0,0,0,0,1,0,0,0,0,0,0,0,0,0,0,0,0,0,0,0,0,0,0,0,0,0,0,0,0,0,0,0,0,0,0,2
java.lang.NumberFormatException: multiple points
linha fdp!!!!
0.5897950.535768,0.055556,0.19697,0.652827,0.343669,0.339328,0.826772,0.830709,0.531496,0.14694,0,0,1,0,0,0,0,0,0,0,0,0,0,0,0,0,0,0,0,0,0,0,0,0,0,0,0,1,0,0,0,0,0,0,0,0,0,0,0,0,0,0,0,0,2
java.lang.NumberFormatException: multiple points
linha fdp!!!!
0.442721,0.905556,0.030300.451226,0.958333,0.151515,0.167502,0.282946,0.418013,0.787402,0.88189,0.641732,0.159208,0,0,1,0,0,0,0,0,0,0,0,0,0,0,0,0,0,0,0,0,0,0,0,0,0,0,0,0,0,0,0,0,0,0,0,1,0,0,0,0,0,0,0,0,20.451726,0.977778,0.136364,0.182534,0.288114,0.414782,0.807087,0.885827,0.622047,0.16339,0,0,1,0,0,0,0,0,0,0,0,0,0,0,0,0,0,0,0,0,0,0,0,0,0,0,0,0,0,0,0,0,0,0,0,1,0,0,0,0,0,0,0,0,2
java.lang.NumberFormatException: multiple points
linha fdp!!!!
0.691846,0.625,0.212121,0,0.223514,0.348742,0.7874020.570785,0.491667,0.242424,0.496063,0.29199,0.413095,0.889764,0.972441,0.582677,0.323714,0,0,1,0,0,0,0,0,0,0,0,0,0,0,0,0,0,0,0,0,0,0,0,0,0,0,0,0,0,1,0,0,0,0,0,0,0,0,0,0,0,0,0,0,2
java.lang.NumberFormatException: multiple points
linha fdp!!!!
0.688844,0.688880.649325,0.372222,0.19697,0.173228,0.276486,0.337502,0.944882,0.917323,0.472441,0.419211,0,0,1,0,0,0,0,0,0,0,0,0,0,0,0,0,0,0,0,0,0,0,0,0,0,0,0,1,0,0,0,0,0,0,0,0,0,0,0,0,0,0,0,0,1
java.lang.NumberFormatException: multiple points
linha fdp!!!!
0.682341,0.610.752376,0.983333,0.090909,0.382248,0.254522,0.118027,0.822835,0.901575,0.622047,0.322041,0,0,1,0,0,0,0,0,0,0,0,0,0,0,0,0,0,0,0,0,0,0,0,0,0,0,0,0,0,0,0,0,0,0,0,1,0,0,0,0,0,0,0,0,70.752376,0.016667,0.090909,0.399427,0.254522,0.118027,0.834646,0.893701,0.602362,0.326223,0,0,1,0,0,0,0,0,0,0,0,0,0,0,0,0,0,0,0,0,0,0,0,0,0,0,0,0,0,0,0,0,0,0,0,1,0,0,0,0,0,0,0,0,7
java.lang.NumberFormatException: multiple points
linha fdp!!!!
0.715358,0.861110.457229,0.425,0.30303,0.19184,0.316537,0.238443,0.944882,0.933071,0.464567,0.315767,0,0,1,0,0,0,0,0,0,0,0,0,0,1,0,0,0,0,0,0,0,0,0,0,0,0,0,0,0,0,0,0,0,0,0,0,0,0,0,0,0,0,0,0,2
java.lang.NumberFormatException: multiple points
linha fdp!!!!
0.57979,0.708333,0.287879,0.021475,0.231266,0.335535,0.677165,0.90.554777,0.655556,0.166667,0.09592,0.262274,0.432486,0.791339,0.984252,0.728346,0.167433,0,0,1,0,0,0,0,0,0,0,0,0,0,0,0,0,1,0,0,0,0,0,0,0,0,0,0,0,0,0,0,0,0,0,0,0,0,0,0,0,0,0,0,0,2
java.lang.NumberFormatException: multiple points
linha fdp!!!!
0.590795,0.136111,0.136364,0.27917,0.346253,0.40390.565783,0.675,0.363636,0.24481,0.472868,0.37558,0.645669,0.984252,0.854331,0.235466,0,0,1,0,0,0,0,0,0,0,0,0,0,0,0,0,0,0,0,0,0,0,0,0,0,0,0,0,0,0,0,0,0,0,0,0,1,0,0,0,0,0,0,0,1
java.lang.NumberFormatException: multiple points
linha fdp!!!!
0.783892,0.583333,0.212121,0.416607,0.341080.767384,0.611111,0.106061,0.211167,0.254522,0.40607,0.834646,0.972441,0.677165,0.264464,0,0,1,0,0,0,0,0,0,0,0,0,0,0,0,0,0,0,0,0,0,0,0,0,0,0,0,0,0,0,0,0,0,0,0,1,0,0,0,0,0,0,0,0,1
java.lang.NumberFormatException: multiple points
linha fdp!!!!
0.577789,0.125,0.030303,0.021475,0.223514,0.421666,0.866142,0.92126,0.590551,0.3170.610805,0.916667,0.409091,0.173228,0.316537,0.379935,0.574803,0.775591,0.724409,0.337795,0,0,1,0,0,0,0,0,0,0,0,0,0,0,0,0,0,0,0,0,0,0,0,0,0,0,0,1,0,0,0,0,0,0,0,0,0,0,0,0,0,0,0,0,1
java.lang.NumberFormatException: multiple points
linha fdp!!!!
0.70.686343,0.591667,0.166667,0.154617,0.249354,0.449628,0.826772,0.984252,0.688976,0.156978,0,0,1,0,0,0,0,0,0,0,0,0,0,0,0,0,0,0,0,0,0,0,0,0,0,0,1,0,0,0,0,0,0,0,0,0,0,0,0,0,0,0,0,0,2
java.lang.NumberFormatException: multiple points
linha fdp!!!!
0.629815,0.919444,0.439394,0.130279,0.3281650.64032,0.572222,0.166667,0.512527,0.647287,0.252213,0.838583,0.984252,0.673228,0.086156,0,0,1,0,0,0,0,0,0,0,0,0,0,0,0,0,1,0,0,0,0,0,0,0,0,0,0,0,0,0,0,0,0,0,0,0,0,0,0,0,0,0,0,0,2
java.lang.NumberFormatException: multiple points
linha fdp!!!!
0.650.657329,0.391667,0.136364,0.173228,0.26615,0.094281,0.92126,0.937008,0.531496,0.325247,1,0,0,0,0,0,0,0,0,0,0,0,0,0,0,0,0,0,0,0,0,0,0,0,0,1,0,0,0,0,0,0,0,0,0,0,0,0,0,0,0,0,0,0,1
java.lang.NumberFormatException: multiple points
linha fdp!!!!
0.748874,0.375,0.10.586293,0.313889,0.272727,0.060845,0.245478,0.192637,0.976378,0.858268,0.358268,0.184023,0,0,1,0,0,0,0,0,0,0,0,0,0,0,0,0,0,0,0,0,0,0,0,0,0,0,0,0,0,0,0,0,0,0,0,0,1,0,0,0,0,0,0,0,1
java.lang.NumberFormatException: multiple points
linha fdp!!!!
0.566783,0.338889,0.19697,0.19184,0.277778,0.04145,0.95270.717359,0.608333,0.257576,0.125268,0.228682,0.491078,0.783465,1,0.73622,0.23937,0,0,1,0,0,0,0,0,0,0,0,0,0,0,0,0,0,0,0,0,0,0,0,0,0,0,0,0,0,0,0,0,0,0,0,1,0,0,0,0,0,0,0,0,1
java.lang.NumberFormatException: multiple points
linha fdp!!!!
0.588794,0.905556,0.075758,0.107373,0.276486,0.17114,0.811024,0.920.526763,0.655556,0.439394,0.14388,0.354005,0.190389,0.622047,0.984252,0.858268,0.035968,0,0,1,0,0,0,0,0,0,0,0,0,0,0,0,0,1,0,0,0,0,0,0,0,0,0,0,0,0,0,0,0,0,0,0,0,0,0,0,0,0,0,0,0,2
java.lang.NumberFormatException: multiple points
linha fdp!!!!
0.665833,0.3166670.698849,0.9,0.242424,0.3801,0.465116,0.456372,0.69685,0.870079,0.716535,0.468981,0,0,1,0,0,0,0,0,0,0,0,0,0,0,0,0,0,0,0,0,0,0,0,0,0,0,0,0,0,0,0,0,0,0,0,0,0,0,0,0,0,0,0,1,2
java.lang.NumberFormatException: multiple points
linha fdp!!!!
0.60.693847,0.688889,0.136364,0.04796,0.228682,0.45862,0.787402,0.972441,0.728346,0.198662,0,0,1,0,0,0,0,0,0,0,0,0,0,0,0,0,0,0,0,0,0,0,0,0,0,0,0,0,0,0,0,0,0,0,1,0,0,0,0,0,0,0,0,0,1
java.lang.NumberFormatException: multiple points
linha fdp!!!!
0.706353,0.1,0.287879,0.128848,0.20.745373,0.530556,0.227273,0.459556,0.365633,0.621329,0.858268,0.988189,0.637795,0.331939,0,0,1,0,0,0,0,0,0,0,0,0,0,0,0,0,0,0,0,0,0,0,0,0,0,0,0,0,0,0,0,0,0,0,0,0,0,0,0,0,0,1,0,0,7
java.lang.NumberFormatException: multiple points
linha fdp!!!!
0.601801,0.819444,0.272727,0.107373,0.249354,0.22250.663832,0.283333,0.333333,0.221188,0.335917,0.204581,0.984252,0.811024,0.287402,0.328872,1,0,0,0,0,0,0,0,0,0,0,0,0,0,0,0,0,0,0,0,0,0,0,0,0,0,0,0,0,0,0,0,0,1,0,0,0,0,0,0,0,0,0,0,1
java.lang.NumberFormatException: multiple points
linha fdp!!!!
0.743372,0.666667,0.121212,0.077309,0.223514,0.636504,0.807087,0.972441,0.704724,0.0.645323,0.563889,0.151515,0.107373,0.229974,0.275818,0.846457,0.980315,0.661417,0.092848,0,0,1,0,0,0,0,0,0,0,0,0,0,0,0,0,0,0,0,0,0,0,0,0,0,0,0,0,0,0,0,0,0,0,1,0,0,0,0,0,0,0,0,0,1
java.lang.NumberFormatException: multiple points
linha fdp!!!!
0.521761,0.741667,0.242424,0.04790.554777,0.666667,0.363636,0.128848,0.267442,0.164395,0.665354,0.992126,0.84252,0.067615,0,0,1,0,0,0,0,0,0,0,0,0,0,0,0,0,0,0,0,0,0,0,0,0,0,0,0,0,0,0,0,0,0,0,0,1,0,0,0,0,0,0,0,0,20.56028,0.663889,0.409091,0.128848,0.271318,0.168329,0.633858,0.988189,0.858268,0.066081,0,0,1,0,0,0,0,0,0,0,0,0,0,0,0,0,0,0,0,0,0,0,0,0,0,0,0,0,0,0,0,0,0,0,0,1,0,0,0,0,0,0,0,0,2
java.lang.NumberFormatException: multiple points
linha fdp!!!!
0.601801,0.990.609805,0.202778,0.166667,0.286328,0.242894,0.049178,0.917323,0.866142,0.464567,0.213021,0,0,1,0,0,0,0,0,0,0,0,0,0,0,0,0,0,0,0,0,0,0,0,0,0,0,0,0,0,0,0,0,0,0,0,1,0,0,0,0,0,0,0,0,20.607804,0.25,0.136364,0.292054,0.237726,0.045525,0.917323,0.893701,0.492126,0.215949,0,0,1,0,0,0,0,0,0,0,0,0,0,0,0,0,0,0,0,0,0,0,0,0,0,0,0,0,0,0,0,0,0,0,0,1,0,0,0,0,0,0,0,0,2
java.lang.NumberFormatException: multiple points
linha fdp!!!!
0.601801,0.163889,0.060606,0,0.22350.686343,0.491667,0.181818,0.09592,0.24031,0.635942,0.889764,0.972441,0.594488,0.350202,0,0,1,0,0,0,0,0,0,0,0,0,0,0,0,0,0,0,0,0,0,0,1,0,0,0,0,0,0,0,0,0,0,0,0,0,0,0,0,0,0,0,0,0,1
java.lang.NumberFormatException: multiple points
linha fdp!!!!
0.794897,0.883333,0.181818,0.357190.683342,0.444444,0.19697,0.212598,0.268734,0.559224,0.917323,0.952756,0.53937,0.273944,0,0,1,0,0,0,0,0,0,0,0,0,0,0,0,0,0,0,0,0,0,0,0,0,0,0,0,0,0,0,0,0,0,0,0,0,1,0,0,0,0,0,0,0,10.682341,0.452778,0.19697,0.198282,0.26615,0.563299,0.913386,0.956693,0.551181,0.277987,0,0,1,0,0,0,0,0,0,0,0,0,0,0,0,0,0,0,0,0,0,0,0,0,0,0,0,0,0,0,0,0,0,0,0,0,1,0,0,0,0,0,0,0,1
java.lang.NumberFormatException: multiple points
linha fdp!!!!
0.0.608804,0.533333,0.166667,0.04796,0.232558,0.297316,0.862205,0.980315,0.637795,0.013244,0,0,1,0,0,0,0,0,0,0,0,0,0,0,0,0,0,0,0,0,0,0,0,0,0,0,0,0,0,0,0,0,0,0,1,0,0,0,0,0,0,0,0,0,1
java.lang.NumberFormatException: multiple points
linha fdp!!!!
0.60.492746,0.225,0.151515,0,0.223514,0.110299,0.917323,0.877953,0.476378,0.033738,0,0,1,0,0,0,0,0,0,0,0,0,0,0,0,0,0,0,0,0,0,0,0,0,0,0,1,0,0,0,0,0,0,0,0,0,0,0,0,0,0,0,0,0,2
java.lang.NumberFormatException: multiple points
linha fdp!!!!
0.565783,0.022222,0.30303,0.09592,0.249354,0.217500.506253,0.869444,0.515152,0.115963,0.328165,0.113812,0.440945,0.755906,0.826772,0.167991,0,0,1,0,0,0,0,0,0,0,0,0,0,0,0,0,0,0,0,0,0,0,0,0,0,0,0,0,0,0,0,0,0,0,0,0,1,0,0,0,0,0,0,0,10.514257,0.858333,0.545455,0.136006,0.348837,0.113812,0.405512,0.755906,0.850394,0.169385,0,0,1,0,0,0,0,0,0,0,0,0,0,0,0,0,0,0,0,0,0,0,0,0,0,0,0,0,0,0,0,0,0,0,0,0,1,0,0,0,0,0,0,0,1
java.lang.NumberFormatException: multiple points
linha fdp!!!!
0.49975,0.186111,0.0.683842,0.041667,0.363636,0.365068,0.350129,0.194323,0.748031,0.712598,0.468504,0.280217,0,0,1,0,0,0,0,0,0,0,0,0,0,0,0,0,0,0,0,0,0,0,0,0,0,0,1,0,0,0,0,0,0,0,0,0,0,0,0,0,0,0,0,0,2
java.lang.NumberFormatException: multiple points
linha fdp!!!!
0.570285,0.083333,0.3480.688844,0.494444,0.181818,0.335719,0.245478,0.11873,0.885827,0.972441,0.598425,0.30559,0,0,1,0,0,0,0,0,0,0,0,0,0,0,0,0,0,0,0,0,0,0,0,0,0,0,0,0,0,0,0,0,0,0,0,0,1,0,0,0,0,0,0,0,2
java.lang.NumberFormatException: multiple points
linha fdp!!!!
0.641321,0.516667,0.075758,0.395132,0.28553,0.021076,0.870079,0.90.572286,0.85,0.227273,0.021475,0.231266,0.495152,0.69685,0.905512,0.759843,0.260003,0,0,1,0,0,0,0,0,0,0,0,0,0,0,0,0,0,0,0,0,0,0,0,0,0,1,0,0,0,0,0,0,0,0,0,0,0,0,0,0,0,0,0,0,1
java.lang.NumberFormatException: multiple points
linha fdp!!!!
0.538269,0.375,0.19697,0.021475,0.210.657829,0.388889,0.181818,0.04796,0.235142,0.21259,0.937008,0.929134,0.496063,0.241322,0,1,0,0,0,0,0,0,0,0,0,0,0,0,0,0,0,0,0,0,0,0,0,0,0,0,1,0,0,0,0,0,0,0,0,0,0,0,0,0,0,0,0,0,1
java.lang.NumberFormatException: multiple points
linha fdp!!!!
0.634817,0.816667,0.242424,0.259127,0.228682,0.528734,0.688976,0.925197,0.787402,0.205910.625313,0.575,0.136364,0.399427,0.31137,0.071659,0.84252,0.976378,0.665354,0.231842,0,0,1,0,0,0,0,0,0,0,0,0,0,0,0,0,0,0,0,0,0,0,0,0,0,0,1,0,0,0,0,0,0,0,0,0,0,0,0,0,0,0,0,0,20.626813,0.597222,0.166667,0.387258,0.315245,0.075453,0.822835,0.988189,0.69685,0.232399,0,0,1,0,0,0,0,0,0,0,0,0,0,0,0,0,0,0,0,0,0,0,0,0,0,0,1,0,0,0,0,0,0,0,0,0,0,0,0,0,0,0,0,0,2
java.lang.NumberFormatException: multiple points
linha fdp!!!!
0.673337,0.075,0.19697,0.3521830.58079,0.902778,0.181818,0.088762,0.254522,0.490937,0.748031,0.893701,0.692913,0.121567,0,0,1,0,0,0,0,0,0,0,0,0,0,0,0,0,0,0,0,0,0,0,0,0,0,1,0,0,0,0,0,0,0,0,0,0,0,0,0,0,0,0,0,0,10.583792,0.877778,0.19697,0.090909,0.237726,0.492623,0.728346,0.897638,0.720472,0.124773,0,0,1,0,0,0,0,0,0,0,0,0,0,0,0,0,0,0,0,0,0,0,0,0,0,1,0,0,0,0,0,0,0,0,0,0,0,0,0,0,0,0,0,0,1
java.lang.NumberFormatException: multiple points
learning evaluation instances,Wall Time (Actual Time),Avg Delay (ms),outRate (inst/s),classified instances,classifications correct (percent),Kappa Statistic (percent),Kappa Temporal Statistic (percent),Kappa M Statistic (percent),F1 Score (percent),F1 Score for class 0 (percent),F1 Score for class 1 (percent),F1 Score for class 2 (percent),F1 Score for class 3 (percent),F1 Score for class 4 (percent),F1 Score for class 5 (percent),F1 Score for class 6 (percent),Precision (percent),Precision for class 0 (percent),Precision for class 1 (percent),Precision for class 2 (percent),Precision for class 3 (percent),Precision for class 4 (percent),Precision for class 5 (percent),Precision for class 6 (percent),Recall (percent),Recall for class 0 (percent),Recall for class 1 (percent),Recall for class 2 (percent),Recall for class 3 (percent),Recall for class 4 (percent),Recall for class 5 (percent),Recall for class 6 (percent),model training instances,model serialized size (bytes),ensemble size,[avg] model training instances,[err] model training instances,[avg] model serialized size (bytes),[err] model serialized size (bytes),[avg] tree size (nodes),[err] tree size (nodes),[avg] tree size (leaves),[err] tree size (leaves),[avg] active learning leaves,[err] active learning leaves,[avg] tree depth,[err] tree depth,[avg] active leaf byte size estimate,[err] active leaf byte size estimate,[avg] inactive leaf byte size estimate,[err] inactive leaf byte size estimate,[avg] byte size estimate overhead,[err] byte size estimate overhead
119050.0,600.0339965820312,144.0,198.40542602539062,119000.0,71.65126050420169,52.44402509002851,-431.8461295916756,46.05248428829579,48.84033888592123,0.7655502392344499,71.50874357420253,77.52562405990318,71.03953552667957,57.55287009063444,15.846994535519125,12.086981078791302,57.201942619524516,0.48192771084337355,72.99663145351634,72.33128834355828,66.76627257373002,65.80310880829016,66.15969581749049,55.87467362924282,42.611518410295965,1.8604651162790697,70.08029919700803,83.52372350034535,75.89720868409393,51.14093959731544,9.00155199172271,6.776440785307157,0.0,1.0,25.0,120980.04000000002,62647.772934265864,1.0,0.0,21.0,14.233177204452046,9.4,8.04155872120988,9.4,8.04155872120988,4.279999999999999,3.129430193075623,0.0,0.0,0.0,0.0,1.0,0.0
