Connected!
linha fdp!!!!
0.470.450225,0.288889,0.212121,0.068003,0.249354,0.059014,0.956693,0.870079,0.409449,0.050885,1,0,0,0,0,0,0,0,0,0,0,0,0,0,0,0,0,0,0,0,0,0,0,0,0,0,0,0,0,0,0,0,0,1,0,0,0,0,0,0,0,0,0,0,5
java.lang.NumberFormatException: multiple points
linha fdp!!!!
0.413207,0.361111,0.166667,0.307802,0.178295,0.094703,0.9370.764882,0.752778,0.181818,0.137437,0.254522,0.697625,0.740157,0.96063,0.767717,0.536177,0,0,1,0,0,0,0,0,0,0,0,0,0,0,0,0,0,0,0,0,0,0,0,0,0,0,0,0,0,0,0,0,0,0,0,0,0,0,0,0,0,1,0,0,70.797899,0.905556,0.151515,0.357194,0.268734,0.704791,0.767717,0.901575,0.681102,0.594591,0,0,1,0,0,0,0,0,0,0,0,0,0,0,0,0,0,0,0,0,0,0,0,0,0,0,0,0,0,0,0,0,0,0,0,0,0,0,0,0,0,1,0,0,7
java.lang.NumberFormatException: multiple points
linha fdp!!!!
0.672836,0.322220.355678,0.022222,0.378788,0.021475,0.239018,0.177041,0.720472,0.720472,0.507874,0.924578,1,0,0,0,0,0,0,0,0,0,0,0,0,0,0,0,0,0,0,0,0,0,0,0,0,0,0,0,0,0,0,0,1,0,0,0,0,0,0,0,0,0,0,0,2
java.lang.NumberFormatException: multiple points
linha fdp!!!!
0.370.381691,0.375,0.045455,0.060845,0.223514,0.107489,0.88189,0.937008,0.590551,0.84358,1,0,0,0,0,0,0,0,0,0,0,0,0,0,0,0,0,0,0,0,0,0,0,0,0,0,0,0,0,0,0,0,1,0,0,0,0,0,0,0,0,0,0,0,2
java.lang.NumberFormatException: multiple points
linha fdp!!!!
0.38019,0.233333,0.060606,0.042949,0.218346,0.0.550275,0.15,0.181818,0.060845,0.241602,0.825067,0.893701,0.84252,0.464567,0.484456,1,0,0,0,0,0,0,0,0,0,0,0,0,0,0,0,0,0,0,0,0,0,0,0,0,0,0,0,0,0,0,0,1,0,0,0,0,0,0,0,0,0,0,0,2
java.lang.NumberFormatException: multiple points
linha fdp!!!!
0.52076,0.116667,0.257576,0.00.418209,0.202778,0.136364,0.136006,0.262274,0.243501,0.905512,0.877953,0.496063,0.873972,1,0,0,0,0,0,0,0,0,0,0,0,0,0,0,1,0,0,0,0,0,0,0,0,0,0,0,0,0,0,0,0,0,0,0,0,0,0,0,0,0,0,0,0,2
java.lang.NumberFormatException: multiple points
linha fdp!!!!
0.551776,0.25,0.090909,0.176807,0.27907,0.775608,0.900.561781,0.358333,0.181818,0.250537,0.245478,0.803147,0.944882,0.917323,0.476378,0.523491,1,0,0,0,0,0,0,0,0,0,0,0,0,0,0,0,0,0,0,0,0,0,0,0,0,0,0,0,0,0,0,0,1,0,0,0,0,0,0,0,0,0,0,0,2
java.lang.NumberFormatException: multiple points
linha fdp!!!!
0.3496750.566283,0.166667,0.136364,0.27917,0.235142,0.815934,0.897638,0.870079,0.496063,0.521679,1,0,0,0,0,0,0,0,0,0,0,0,0,0,0,0,0,0,0,0,0,0,0,0,0,0,0,0,0,0,0,0,1,0,0,0,0,0,0,0,0,0,0,0,2
java.lang.NumberFormatException: multiple points
linha fdp!!!!
0.612306,0.294444,0.136360.476238,0.869444,0.393939,0.021475,0.244186,0.674722,0.559055,0.826772,0.80315,0.666527,1,0,0,0,0,0,0,0,0,0,0,0,0,0,0,0,0,0,0,0,0,0,0,0,0,0,0,0,0,0,0,0,1,0,0,0,0,0,0,0,0,0,0,0,2
java.lang.NumberFormatException: multiple points
linha fdp!!!!
0.327664,0.330556,0.166667,0.121689,0.264858,0.16861,0.940945,0.909449,0.4763780.468234,0.333333,0.075758,0.214746,0.290698,0.416608,0.901575,0.925197,0.551181,0.919978,1,0,0,0,0,0,0,0,0,0,0,0,0,0,0,0,0,0,0,0,0,0,0,0,0,0,0,0,0,0,0,0,0,1,0,0,0,0,0,0,0,0,0,0,2
java.lang.NumberFormatException: multiple points
linha fdp!!!!
0.316658,0.338889,0.0.64032,0.461111,0.151515,0.04796,0.232558,0.921175,0.901575,0.96063,0.570866,0.289837,1,0,0,0,0,0,0,0,0,0,0,0,0,0,0,0,0,0,0,0,0,0,0,0,0,0,0,0,0,0,0,0,1,0,0,0,0,0,0,0,0,0,0,0,10.641821,0.563889,0.181818,0.042949,0.236434,0.922158,0.84252,0.988189,0.669291,0.292904,1,0,0,0,0,0,0,0,0,0,0,0,0,0,0,0,0,0,0,0,0,0,0,0,0,0,0,0,0,0,0,0,1,0,0,0,0,0,0,0,0,0,0,0,2
java.lang.NumberFormatException: multiple points
linha fdp!!!!
0.396198,0.36110.335168,0.386111,0.136364,0.021475,0.218346,0.219053,0.925197,0.933071,0.523622,0.628468,1,0,0,0,0,0,0,0,0,0,0,0,0,0,0,0,0,0,0,0,0,1,0,0,0,0,0,0,0,0,0,0,0,0,0,0,0,0,0,0,0,0,0,0,2
java.lang.NumberFormatException: multiple points
linha fdp!!!!
0.525263,0.161111,0.212121,0.387258,0.374677,0.617676,0.905512,0.82280.465733,0.083333,0.136364,0.137437,0.25969,0.40045,0.858268,0.866142,0.53937,0.840792,1,0,0,0,0,0,0,0,0,0,0,0,0,0,0,1,0,0,0,0,0,0,0,0,0,0,0,0,0,0,0,0,0,0,0,0,0,0,0,0,0,0,0,0,2
java.lang.NumberFormatException: multiple points
linha fdp!!!!
0.5993,0,0.015152,0.107373,0.25323,0.950.472736,0.963889,0.19697,0,0.223514,0.484333,0.771654,0.862205,0.637795,0.906315,1,0,0,0,0,0,0,0,0,0,0,0,0,0,0,0,0,0,0,0,0,0,0,1,0,0,0,0,0,0,0,0,0,0,0,0,0,0,0,0,0,0,0,0,2
java.lang.NumberFormatException: multiple points
linha fdp!!!!
0.628814,0.586111,0.318182,0.021475,0.22739,0.883659,0.7830.5993,0.411111,0.060606,0.171797,0.25323,0.944499,0.889764,0.940945,0.582677,0.46201,1,0,0,0,0,0,0,0,0,0,0,0,0,0,0,0,0,0,0,0,0,0,0,0,0,0,0,0,0,0,0,0,1,0,0,0,0,0,0,0,0,0,0,0,2
java.lang.NumberFormatException: multiple points
linha fdp!!!!
0.435218,0.380556,0.257576,0.060845,0.255814,0.343825,0.960.54027,0.236111,0.166667,0.423765,0.27907,0.660391,0.929134,0.870079,0.448819,0.743622,1,0,0,0,0,0,0,0,0,0,0,0,0,0,0,1,0,0,0,0,0,0,0,0,0,0,0,0,0,0,0,0,0,0,0,0,0,0,0,0,0,0,0,0,2
java.lang.NumberFormatException: multiple points
linha fdp!!!!
0.462231,0.205556,0.151515,0.09592,0.25969,0.411971,0.913386,0.874010.535268,0.177778,0.106061,0.258411,0.282946,0.633413,0.893701,0.889764,0.523622,0.777917,1,0,0,0,0,0,0,0,0,0,0,0,0,0,0,1,0,0,0,0,0,0,0,0,0,0,0,0,0,0,0,0,0,0,0,0,0,0,0,0,0,0,0,0,1
java.lang.NumberFormatException: multiple points
linha fdp!!!!
0.577789,0.625,0.136364,0.221188,0.273902,0.796825,0.818898,0.9803150.577789,0.125,0.19697,0.347173,0.320413,0.877055,0.877953,0.826772,0.468504,0.543148,1,0,0,0,0,0,0,0,0,0,0,0,0,0,0,0,0,0,0,0,0,0,0,0,0,0,0,0,0,0,0,0,1,0,0,0,0,0,0,0,0,0,0,0,2
java.lang.NumberFormatException: multiple points
linha fdp!!!!
0.6008,0.15,0.30303,0.030064,0.248062,0.713503,0.8937010.325663,0.3,0.121212,0.319256,0.264858,0.106365,0.925197,0.909449,0.503937,0.521121,1,0,0,0,0,0,0,0,0,0,0,0,0,0,0,0,0,0,0,0,0,1,0,0,0,0,0,0,0,0,0,0,0,0,0,0,0,0,0,0,0,0,0,0,2
java.lang.NumberFormatException: multiple points
linha fdp!!!!
0.536768,0.155556,0.190.449725,0.147222,0.075758,0.021475,0.224806,0.41169,0.877953,0.901575,0.559055,0.768855,1,0,0,0,0,0,0,0,0,0,0,0,0,0,0,0,0,0,0,0,0,0,0,1,0,0,0,0,0,0,0,0,0,0,0,0,0,0,0,0,0,0,0,0,20.446723,0.172222,0.060606,0,0.223514,0.40888,0.877953,0.913386,0.570866,0.76551,1,0,0,0,0,0,0,0,0,0,0,0,0,0,0,0,0,0,0,0,0,0,0,1,0,0,0,0,0,0,0,0,0,0,0,0,0,0,0,0,0,0,0,0,2
java.lang.NumberFormatException: multiple points
linha fdp!!!!
0.604302,0.4,0.1360.453227,0.1,0.106061,0.136006,0.245478,0.402276,0.866142,0.885827,0.555118,0.738045,1,0,0,0,0,0,0,0,0,0,0,0,0,0,0,1,0,0,0,0,0,0,0,0,0,0,0,0,0,0,0,0,0,0,0,0,0,0,0,0,0,0,0,0,2
java.lang.NumberFormatException: multiple points
linha fdp!!!!
0.67984,0.516667,0.060600.533767,0,0.181818,0.304939,0.282946,0.542363,0.795276,0.854331,0.598425,0.757563,1,0,0,0,0,0,0,0,0,0,0,0,0,0,0,0,0,0,0,0,0,0,0,0,0,0,0,0,0,0,0,0,1,0,0,0,0,0,0,0,0,0,0,0,2
java.lang.NumberFormatException: multiple points
linha fdp!!!!
0.538769,0.616667,0.10.341171,0.138889,0.30303,0.259127,0.251938,0.042153,0.885827,0.76378,0.374016,0.347972,1,0,0,0,0,0,0,0,0,0,0,0,0,0,0,0,0,0,0,0,0,0,0,0,0,0,0,0,0,0,0,0,1,0,0,0,0,0,0,0,0,0,0,0,2
java.lang.NumberFormatException: multiple points
linha fdp!!!!
0.5330.478739,0.2,0.287879,0.19184,0.24677,0.374175,0.937008,0.791339,0.34252,0.58525,1,0,0,0,0,0,0,0,0,0,0,0,0,0,0,1,0,0,0,0,0,0,0,0,0,0,0,0,0,0,0,0,0,0,0,0,0,0,0,0,0,0,0,0,2
java.lang.NumberFormatException: multiple points
linha fdp!!!!
0.646823,0.152778,0.121212,0,0.223514,0.48883,0.885827,0.80.564282,0.75,0.121212,0.319256,0.289406,0.601377,0.787402,0.956693,0.716535,0.681863,1,0,0,0,0,0,0,0,0,0,0,0,0,0,0,1,0,0,0,0,0,0,0,0,0,0,0,0,0,0,0,0,0,0,0,0,0,0,0,0,0,0,0,0,2
java.lang.NumberFormatException: multiple points
linha fdp!!!!
0.523762,0.305556,0.121212,0.211167,0.24031,0.7909230.617309,0.316667,0.136364,0,0.223514,0.501756,0.925197,0.913386,0.503937,0.710721,1,0,0,0,0,0,0,0,0,0,0,0,0,0,0,0,0,0,0,0,0,0,0,0,0,0,0,0,0,0,0,0,0,1,0,0,0,0,0,0,0,0,0,0,1
java.lang.NumberFormatException: multiple points
linha fdp!!!!
0.503252,0.469444,0.166667,0.060.581291,0.175,0.106061,0.23121,0.262274,0.770409,0.889764,0.889764,0.527559,0.711278,1,0,0,0,0,0,0,0,0,0,0,0,0,0,0,0,0,0,0,0,0,0,0,0,0,0,0,0,0,0,0,0,1,0,0,0,0,0,0,0,0,0,0,0,1
java.lang.NumberFormatException: multiple points
linha fdp!!!!
0.558279,0.325,0.257576,0.1430.504752,0.055556,0.106061,0.154617,0.24677,0.473936,0.846457,0.885827,0.57874,0.439704,1,0,0,0,0,0,0,0,0,0,0,0,0,0,0,1,0,0,0,0,0,0,0,0,0,0,0,0,0,0,0,0,0,0,0,0,0,0,0,0,0,0,0,0,2
java.lang.NumberFormatException: multiple points
linha fdp!!!!
0.513757,0.386111,0.060606,0.413028,0.31130.57979,0.711111,0.348485,0.442377,0.375969,0.808627,0.625984,0.972441,0.870079,0.582323,1,0,0,0,0,0,0,0,0,0,0,0,0,0,0,0,0,0,0,0,0,0,0,0,0,0,0,0,0,0,0,0,1,0,0,0,0,0,0,0,0,0,0,0,2
java.lang.NumberFormatException: multiple points
linha fdp!!!!
0.367684,0.125,0.272727,0.107373,0.284238,0.017423,0.874016,0.779528,0.4090.397699,0.916667,0.212121,0.14388,0.338501,0.092876,0.728346,0.874016,0.692913,0.286909,1,0,0,0,0,0,0,0,0,0,0,0,0,0,0,0,0,0,0,0,0,0,0,0,0,0,0,0,0,0,0,0,1,0,0,0,0,0,0,0,0,0,0,0,2
java.lang.NumberFormatException: multiple points
linha fdp!!!!
0.452226,0.280556,0.227273,0.042949,0.229974,0.288324,0.96063,0.858268,0.30.406203,0.336111,0.409091,0.04796,0.223514,0.26795,0.996063,0.814961,0.248031,0.394814,1,0,0,0,0,0,0,0,0,0,0,0,0,0,0,0,0,0,0,0,0,0,0,0,0,0,0,0,0,0,0,0,0,1,0,0,0,0,0,0,0,0,0,0,2
java.lang.NumberFormatException: multiple points
linha fdp!!!!
0.5012510.458729,0.141667,0.151515,0,0.223514,0.265421,0.885827,0.858268,0.496063,0.379339,1,0,0,0,0,0,0,0,0,0,0,0,0,0,0,0,0,0,0,0,0,0,0,0,0,0,1,0,0,0,0,0,0,0,0,0,0,0,0,0,0,0,0,0,5
java.lang.NumberFormatException: multiple points
linha fdp!!!!
0.50.596798,0.038889,0.030303,0.34932,0.330749,0.764929,0.854331,0.925197,0.610236,0.149589,1,0,0,0,0,0,0,0,0,0,0,0,0,0,0,0,0,0,0,0,0,0,0,0,0,0,0,0,0,0,0,0,1,0,0,0,0,0,0,0,0,0,0,0,2
java.lang.NumberFormatException: multiple points
linha fdp!!!!
0.492246,0.163889,0.181818,0.021475,0.22093,0.362372,0.901575,0.846457,0.46060.553277,0.205556,0.272727,0.27917,0.286822,0.648307,0.940945,0.795276,0.346457,0.292904,1,0,0,0,0,0,0,0,0,0,0,0,0,0,0,0,0,0,0,0,0,0,0,0,0,0,0,0,0,0,0,0,1,0,0,0,0,0,0,0,0,0,0,0,2
java.lang.NumberFormatException: multiple points
linha fdp!!!!
0.512756,0.988889,0.060606,0.327840.338169,0.355556,0.121212,0.150322,0.21447,0.064353,0.917323,0.925197,0.527559,0.160045,1,0,0,0,0,0,0,0,0,0,0,0,1,0,0,0,0,0,0,0,0,0,0,0,0,0,0,0,0,0,0,0,0,0,0,0,0,0,0,0,0,0,0,0,2
java.lang.NumberFormatException: multiple points
linha fdp!!!!
0.474737,0.96110.41921,0.977778,0.045455,0.042949,0.22739,0.114655,0.84252,0.917323,0.622047,0.2133,1,0,0,0,0,0,0,0,0,0,0,0,0,0,0,1,0,0,0,0,0,0,0,0,0,0,0,0,0,0,0,0,0,0,0,0,0,0,0,0,0,0,0,0,10.41971,0.094444,0.075758,0.030064,0.232558,0.111283,0.862205,0.897638,0.574803,0.210093,1,0,0,0,0,0,0,0,0,0,0,0,0,0,0,1,0,0,0,0,0,0,0,0,0,0,0,0,0,0,0,0,0,0,0,0,0,0,0,0,0,0,0,0,1
java.lang.NumberFormatException: multiple points
linha fdp!!!!
0.523262,0.85,0.166667,0.04796,0.2460.553777,0.936111,0.348485,0.167502,0.210594,0.626107,0.641732,0.791339,0.681102,0.03792,1,0,0,0,0,0,0,0,0,0,0,0,0,0,0,0,0,0,0,0,0,0,0,0,0,0,0,0,0,0,0,0,1,0,0,0,0,0,0,0,0,0,0,0,20.556278,0.961111,0.333333,0.151754,0.217054,0.622875,0.681102,0.787402,0.637795,0.037641,1,0,0,0,0,0,0,0,0,0,0,0,0,0,0,0,0,0,0,0,0,0,0,0,0,0,0,0,0,0,0,0,1,0,0,0,0,0,0,0,0,0,0,0,1
java.lang.NumberFormatException: multiple points
linha fdp!!!!
0.589295,0.275,0.15150.636818,0.4,0.212121,0.042949,0.223514,0.445974,0.940945,0.929134,0.484252,0.456573,1,0,0,0,0,0,0,0,0,0,0,0,0,0,0,0,0,0,0,0,0,0,0,0,0,0,0,0,0,0,0,0,0,0,0,0,0,0,0,0,0,0,1,0,1
java.lang.NumberFormatException: multiple points
linha fdp!!!!
0.548274,0.219444,0.09090.455228,0.861111,0.181818,0.068003,0.231266,0.24322,0.740157,0.913386,0.724409,0.277987,1,0,0,0,0,0,0,0,0,0,0,0,0,0,0,0,0,0,0,0,0,0,0,0,0,0,0,0,0,0,0,0,1,0,0,0,0,0,0,0,0,0,0,0,2
java.lang.NumberFormatException: multiple points
linha fdp!!!!
0.64032,0.05,0.0.594297,0.147222,0.136364,0.182534,0.280362,0.626669,0.889764,0.866142,0.503937,0.139551,1,0,0,0,0,0,0,0,0,0,0,0,0,0,0,0,0,0,0,0,0,0,0,0,0,0,0,0,0,0,0,0,1,0,0,0,0,0,0,0,0,0,0,0,2
java.lang.NumberFormatException: multiple points
linha fdp!!!!
0.603302,0.190.503252,0.241667,0.212121,0.107373,0.258398,0.40326,0.944882,0.850394,0.409449,0.37209,1,0,0,0,0,0,0,0,0,0,0,0,0,0,0,1,0,0,0,0,0,0,0,0,0,0,0,0,0,0,0,0,0,0,0,0,0,0,0,0,0,0,0,0,2
java.lang.NumberFormatException: multiple points
linha fdp!!!!
0.49925,0.427778,0.121212,0.121689,0.241602,0.423353,0.905512,0.948819,0.5620.502751,0.208333,0.227273,0.236936,0.29845,0.37853,0.933071,0.834646,0.405512,0.238394,1,0,0,0,0,0,0,0,0,0,0,0,0,0,0,0,0,0,0,0,0,0,0,0,0,0,0,0,0,0,0,0,1,0,0,0,0,0,0,0,0,0,0,0,2
java.lang.NumberFormatException: multiple points
linha fdp!!!!
0.502251,0.311111,0.287879,0.04796,0.248062,0.457215,0.980315,0.850394,0.34252,0.35740.590295,0.930556,0.19697,0.068003,0.235142,0.662498,0.751969,0.877953,0.673228,0.118361,1,0,0,0,0,0,0,0,0,0,0,0,0,0,0,0,0,0,0,0,0,0,0,0,0,0,0,0,0,0,0,0,1,0,0,0,0,0,0,0,0,0,0,0,1
java.lang.NumberFormatException: multiple points
linha fdp!!!!
0.502251,0.866667,0.19697,0.115963,0.0.410705,0.244444,0.166667,0,0.223514,0.181116,0.929134,0.874016,0.456693,0.278545,1,0,0,0,0,0,0,0,0,0,0,0,0,0,0,0,0,0,0,0,0,0,0,0,0,0,0,0,0,0,0,0,1,0,0,0,0,0,0,0,0,0,0,0,20.407704,0.241667,0.151515,0,0.223514,0.177181,0.929134,0.877953,0.464567,0.279242,1,0,0,0,0,0,0,0,0,0,0,0,0,0,0,0,0,0,0,0,0,0,0,0,0,0,0,0,0,0,0,0,1,0,0,0,0,0,0,0,0,0,0,0,2
java.lang.NumberFormatException: multiple points
linha fdp!!!!
0.477739,0.2333330.558779,0.238889,0.151515,0.042949,0.22739,0.640157,0.92126,0.88189,0.472441,0.273944,1,0,0,0,0,0,0,0,0,0,0,0,0,0,0,0,0,0,0,0,0,0,0,0,0,0,0,0,0,0,0,0,1,0,0,0,0,0,0,0,0,0,0,0,1
java.lang.NumberFormatException: multiple points
linha fdp!!!!
0.621311,0.169444,0.151515,0.335719,0.2810.571786,0.266667,0.19697,0.198282,0.271318,0.568217,0.948819,0.866142,0.42126,0.353827,1,0,0,0,0,0,0,0,0,0,0,0,0,0,0,0,0,0,0,0,0,0,0,0,0,0,0,0,0,0,0,0,1,0,0,0,0,0,0,0,0,0,0,0,2
java.lang.NumberFormatException: multiple points
linha fdp!!!!
0.623812,0.058333,0.16660.615308,0.036111,0.121212,0.021475,0.226098,0.524097,0.834646,0.877953,0.582677,0.22041,1,0,0,0,0,0,0,0,0,0,0,0,0,0,0,0,0,0,0,0,0,0,0,0,0,0,1,0,0,0,0,0,0,0,0,0,0,0,0,0,0,0,0,0,10.615308,0.038889,0.121212,0.030064,0.228682,0.520022,0.838583,0.88189,0.582677,0.216925,1,0,0,0,0,0,0,0,0,0,0,0,0,0,0,0,0,0,0,0,0,0,0,0,0,0,1,0,0,0,0,0,0,0,0,0,0,0,0,0,0,0,0,0,1
java.lang.NumberFormatException: multiple points
linha fdp!!!!
0.66033,0.60.551776,0.230556,0.19697,0.125268,0.250646,0.252916,0.937008,0.850394,0.417323,0.146801,1,0,0,0,0,0,0,0,0,0,0,0,0,0,0,0,0,0,0,0,0,0,0,0,0,0,0,0,0,0,0,0,0,1,0,0,0,0,0,0,0,0,0,0,2
java.lang.NumberFormatException: multiple points
linha fdp!!!!
0.591296,0.088889,0.045455,0,0.0.548274,0.094444,0.348485,0.154617,0.223514,0.211747,0.826772,0.724409,0.393701,0.214833,1,0,0,0,0,0,0,0,0,0,0,0,0,0,0,0,0,0,0,0,0,0,0,0,0,0,0,0,0,0,0,0,1,0,0,0,0,0,0,0,0,0,0,0,10.545273,0.069444,0.333333,0.173228,0.20801,0.208796,0.795276,0.732283,0.440945,0.218876,1,0,0,0,0,0,0,0,0,0,0,0,0,0,0,0,0,0,0,0,0,0,0,0,0,0,0,0,0,0,0,0,1,0,0,0,0,0,0,0,0,0,0,0,1
java.lang.NumberFormatException: multiple points
linha fdp!!!!
0.587794,0.9,0.10.669835,0.211111,0.060606,0.346457,0.242894,0.75973,0.885827,0.913386,0.562992,0.31047,1,0,0,0,0,0,0,0,0,0,0,0,0,0,0,0,0,0,0,0,0,0,1,0,0,0,0,0,0,0,0,0,0,0,0,0,0,0,0,0,0,0,0,0,1
java.lang.NumberFormatException: multiple points
linha fdp!!!!
0.0.613807,0.011111,0.151515,0.125268,0.280362,0.254461,0.814961,0.866142,0.594488,0.283982,1,0,0,0,0,0,0,0,0,0,0,0,0,0,0,0,0,0,0,0,0,0,0,0,0,0,0,0,0,0,0,0,1,0,0,0,0,0,0,0,0,0,0,0,1
java.lang.NumberFormatException: multiple points
linha fdp!!!!
0.65933,0.45,0.318182,0.182534,0.334625,0.70.603802,0.252778,0.151515,0.42806,0.275194,0.226219,0.929134,0.88189,0.468504,0.342535,1,0,0,0,0,0,0,0,0,0,0,0,0,0,0,0,0,0,0,0,0,0,0,0,0,0,0,0,0,0,0,0,1,0,0,0,0,0,0,0,0,0,0,0,2
java.lang.NumberFormatException: multiple points
linha fdp!!!!
0.712356,0.19160.582791,0.202778,0.106061,0.060845,0.231266,0.178586,0.901575,0.889764,0.515748,0.358149,1,0,0,0,0,0,0,0,0,0,0,0,0,0,0,0,0,0,0,0,0,0,0,0,0,0,0,0,0,0,0,0,1,0,0,0,0,0,0,0,0,0,0,0,2
java.lang.NumberFormatException: multiple points
linha fdp!!!!
0.650825,0.783333,0.121212,0.18325,0.22350.651826,0.230556,0.166667,0,0.223514,0.728397,0.925197,0.870079,0.456693,0.149449,1,0,0,0,0,0,0,0,0,0,0,0,0,0,0,0,0,0,0,0,0,0,0,0,0,0,0,0,0,0,0,0,1,0,0,0,0,0,0,0,0,0,0,0,1
java.lang.NumberFormatException: multiple points
linha fdp!!!!
0.697849,0.897222,0.212121,0.090909,0.254522,0.7968250.672336,0.569444,0.242424,0.021475,0.223514,0.698749,0.822835,0.996063,0.688976,0.047261,1,0,0,0,0,0,0,0,0,0,0,0,0,0,0,0,0,0,0,0,0,0,0,0,0,0,0,0,0,0,0,0,0,0,0,0,0,0,0,0,0,1,0,0,1
java.lang.NumberFormatException: multiple points
linha fdp!!!!
0.593797,0.919444,0.075758,0.060845,0.232558,0.147956,0.818898,0.92126,0.0.64082,0.9,0.030303,0.021475,0.224806,0.301813,0.84252,0.929134,0.629921,0.361634,1,0,0,0,0,0,0,0,0,0,0,0,0,0,0,0,0,0,0,0,0,0,0,0,0,0,0,0,0,0,0,0,1,0,0,0,0,0,0,0,0,0,0,0,7
java.lang.NumberFormatException: multiple points
linha fdp!!!!
0.3231620.744872,0.802778,0.287879,0.375089,0.257106,0.489111,0.641732,0.92126,0.826772,0.219016,1,0,0,0,0,0,0,0,0,0,0,0,0,0,0,0,0,0,0,0,0,0,0,0,0,0,0,0,0,0,0,0,0,0,0,0,0,0,0,0,0,0,1,0,1
java.lang.NumberFormatException: multiple points
linha fdp!!!!
0.725363,0.125,0.106061,0.128848,0.248062,0.452438,0.874016,0.885827,0.543307,0.267530.752876,0.766667,0.439394,0.042949,0.24677,0.707742,0.519685,0.913386,0.917323,0.133835,1,0,0,0,0,0,0,0,0,0,0,0,0,0,0,0,0,0,0,0,0,0,0,0,0,0,0,0,0,0,0,0,0,0,0,0,0,0,0,0,0,0,1,0,1
java.lang.NumberFormatException: multiple points
linha fdp!!!!
0.545773,0.18330.585293,0.138889,0.121212,0.387258,0.463824,0.293523,0.88189,0.877953,0.527559,0.396487,0,0,1,0,0,0,0,0,0,0,0,0,0,0,0,0,0,0,0,0,0,0,0,0,0,0,0,0,0,0,0,0,0,0,0,1,0,0,0,0,0,0,0,0,20.583292,0.180556,0.075758,0.380816,0.458656,0.291134,0.885827,0.905512,0.551181,0.399275,0,0,1,0,0,0,0,0,0,0,0,0,0,0,0,0,0,0,0,0,0,0,0,0,0,0,0,0,0,0,0,0,0,0,0,1,0,0,0,0,0,0,0,0,2
java.lang.NumberFormatException: multiple points
linha fdp!!!!
0.503752,0.691667,0.484840.355678,0.033333,0.272727,0,0.223514,0.169594,0.779528,0.787402,0.531496,0.262791,0,0,1,0,0,0,0,0,0,0,0,0,0,0,0,0,1,0,0,0,0,0,0,0,0,0,0,0,0,0,0,0,0,0,0,0,0,0,0,0,0,0,0,0,50.354677,0.966667,0.257576,0.021475,0.236434,0.165941,0.732283,0.826772,0.633858,0.261815,0,0,1,0,0,0,0,0,0,0,0,0,0,0,0,0,1,0,0,0,0,0,0,0,0,0,0,0,0,0,0,0,0,0,0,0,0,0,0,0,0,0,0,0,2
java.lang.NumberFormatException: multiple points
linha fdp!!!!
0.490245,0.647222,0.5,0.440945,0.630491,0.0.650825,0.172222,0.121212,0.060845,0.224806,0.286497,0.893701,0.877953,0.511811,0.296389,1,0,0,0,0,0,0,0,0,0,0,0,0,0,0,0,0,0,0,0,0,0,0,0,0,0,0,0,0,0,0,0,1,0,0,0,0,0,0,0,0,0,0,0,1
java.lang.NumberFormatException: multiple points
linha fdp!!!!
0.425213,0.144444,0.340.515758,0.6,0.272727,0.214746,0.395349,0.227202,0.783465,1,0.732283,0.207584,0,0,1,0,0,0,0,0,0,0,0,0,0,0,0,0,0,0,0,0,0,0,0,0,0,0,0,0,0,0,0,0,0,0,0,0,1,0,0,0,0,0,0,0,2
java.lang.NumberFormatException: multiple points
linha fdp!!!!
0.6310.513757,0.425,0.060606,0,0.223514,0.277364,0.885827,0.944882,0.590551,0.207305,0,0,1,0,0,0,0,0,0,0,0,0,0,0,0,0,0,0,0,0,0,0,0,0,0,0,1,0,0,0,0,0,0,0,0,0,0,0,0,0,0,0,0,0,5
java.lang.NumberFormatException: multiple points
linha fdp!!!!
0.454227,0.911111,0.3333330.047524,0.208333,0.409091,0.150322,0.335917,0.033722,0.948819,0.69685,0.192913,0.138018,0,0,0,1,0,0,1,0,0,0,0,0,0,0,0,0,0,0,0,0,0,0,0,0,0,0,0,0,0,0,0,0,0,0,0,0,0,0,0,0,0,0,0,0,3
java.lang.NumberFormatException: multiple points
linha fdp!!!!
0.477739,0.355556,0.393939,0.060845,0.20.468734,0.333333,0.30303,0.125268,0.29845,0.154981,0.984252,0.858268,0.34252,0.075422,0,0,1,0,0,0,0,0,0,0,0,0,0,0,0,0,0,0,0,0,0,0,0,0,0,0,0,0,0,0,0,0,0,0,0,1,0,0,0,0,0,0,0,0,20.463732,0.336111,0.333333,0.115963,0.299742,0.156667,0.988189,0.850394,0.314961,0.078907,0,0,1,0,0,0,0,0,0,0,0,0,0,0,0,0,0,0,0,0,0,0,0,0,0,0,0,0,0,0,0,0,0,0,0,1,0,0,0,0,0,0,0,0,2
java.lang.NumberFormatException: multiple points
linha fdp!!!!
0.426713,0.316667,0.287879,0.030064,0.20801,0.042996,0.980315,0.85430.388694,0.788889,0.242424,0.042949,0.228682,0.203878,0.677165,0.937008,0.807087,0.117245,0,0,1,0,0,0,0,0,0,0,0,0,0,0,0,0,0,0,0,0,0,0,0,0,0,0,0,0,0,0,0,0,0,0,0,0,1,0,0,0,0,0,0,0,20.393197,0.769444,0.257576,0.030064,0.21447,0.207531,0.681102,0.948819,0.814961,0.117106,0,0,1,0,0,0,0,0,0,0,0,0,0,0,0,0,0,0,0,0,0,0,0,0,0,0,0,0,0,0,0,0,0,0,0,0,1,0,0,0,0,0,0,0,2
java.lang.NumberFormatException: multiple points
linha fdp!!!!
0.425713,0.0.563282,0.330556,0.348485,0.34932,0.492248,0.12702,0.992126,0.838583,0.30315,0.119058,1,0,0,0,0,0,0,0,0,0,0,0,0,0,0,0,0,0,0,0,0,0,0,0,0,0,0,0,0,0,0,0,0,1,0,0,0,0,0,0,0,0,0,0,20.557279,0.327778,0.333333,0.346457,0.476744,0.126739,0.988189,0.84252,0.307087,0.115015,1,0,0,0,0,0,0,0,0,0,0,0,0,0,0,0,0,0,0,0,0,0,0,0,0,0,0,0,0,0,0,0,0,1,0,0,0,0,0,0,0,0,0,0,2
java.lang.NumberFormatException: multiple points
linha fdp!!!!
0.133567,0.841667,0.651515,0.215462,0.357881,0.043979,0.283465,0.70860.09905,0.644444,0.409091,0.030064,0.248062,0.071659,0.65748,0.992126,0.834646,0.099819,0,0,0,1,0,0,0,0,0,1,0,0,0,0,0,0,0,0,0,0,0,0,0,0,0,0,0,0,0,0,0,0,0,0,0,0,0,0,0,0,0,0,0,0,30.105553,0.605556,0.409091,0.04796,0.264858,0.068006,0.712598,0.996063,0.771654,0.097588,0,0,0,1,0,0,0,0,0,1,0,0,0,0,0,0,0,0,0,0,0,0,0,0,0,0,0,0,0,0,0,0,0,0,0,0,0,0,0,0,0,0,0,0,3
java.lang.NumberFormatException: multiple points
linha fdp!!!!
0.402201,0.113889,0.242424,0.042949,0.24031,0.2290.065033,0.452778,0.287879,0,0.223514,0.043417,0.92126,0.948819,0.507874,0.0711,0,0,0,1,0,0,0,0,0,0,0,0,0,0,0,0,0,1,0,0,0,0,0,0,0,0,0,0,0,0,0,0,0,0,0,0,0,0,0,0,0,0,0,0,3
java.lang.NumberFormatException: multiple points
linha fdp!!!!
0.50075,0.572222,0.106061,0.064420.041521,0.952778,0.212121,0,0.223514,0.021076,0.751969,0.858268,0.649606,0.075422,0,0,0,1,0,0,0,0,0,0,0,0,0,1,0,0,0,0,0,0,0,0,0,0,0,0,0,0,0,0,0,0,0,0,0,0,0,0,0,0,0,0,0,0,30.047024,0.838889,0.393939,0.021475,0.24677,0.021498,0.543307,0.854331,0.846457,0.071936,0,0,0,1,0,0,0,0,0,0,0,0,0,1,0,0,0,0,0,0,0,0,0,0,0,0,0,0,0,0,0,0,0,0,0,0,0,0,0,0,0,0,0,0,3
java.lang.NumberFormatException: multiple points
linha fdp!!!!
0.546273,0.041667,0.318182,0.021475,0.22739,0.0.757879,0.633333,0.454545,0.375805,0.547804,0.445693,0.637795,0.988189,0.830709,0.40987,1,0,0,0,0,0,0,0,0,0,0,0,0,0,0,0,0,0,0,0,0,0,0,0,0,0,0,0,0,0,0,0,0,0,0,0,0,0,0,0,0,0,1,0,1
java.lang.NumberFormatException: multiple points
learning evaluation instances,Wall Time (Actual Time),Avg Delay (ms),outRate (inst/s),classified instances,classifications correct (percent),Kappa Statistic (percent),Kappa Temporal Statistic (percent),Kappa M Statistic (percent),F1 Score (percent),F1 Score for class 0 (percent),F1 Score for class 1 (percent),F1 Score for class 2 (percent),F1 Score for class 3 (percent),F1 Score for class 4 (percent),F1 Score for class 5 (percent),F1 Score for class 6 (percent),Precision (percent),Precision for class 0 (percent),Precision for class 1 (percent),Precision for class 2 (percent),Precision for class 3 (percent),Precision for class 4 (percent),Precision for class 5 (percent),Precision for class 6 (percent),Recall (percent),Recall for class 0 (percent),Recall for class 1 (percent),Recall for class 2 (percent),Recall for class 3 (percent),Recall for class 4 (percent),Recall for class 5 (percent),Recall for class 6 (percent),model training instances,model serialized size (bytes),ensemble size,[avg] model training instances,[err] model training instances,[avg] model serialized size (bytes),[err] model serialized size (bytes),[avg] tree size (nodes),[err] tree size (nodes),[avg] tree size (leaves),[err] tree size (leaves),[avg] active learning leaves,[err] active learning leaves,[avg] tree depth,[err] tree depth,[avg] active leaf byte size estimate,[err] active leaf byte size estimate,[avg] inactive leaf byte size estimate,[err] inactive leaf byte size estimate,[avg] byte size estimate overhead,[err] byte size estimate overhead
100300.0,600.0250244140625,81.0,167.15969848632812,100275.0,72.22139117427075,58.6880262872569,-222.5825130283727,47.27427597955707,54.591182078888444,1.0738255033557047,64.23534320884623,81.49977908985018,77.72966182936099,74.69162058698427,46.83092608326253,18.602894902454377,56.95048095153069,0.7462686567164178,66.95663520508025,77.82380240095118,67.73245765641202,76.74825174825175,51.84349134687734,56.80245964642583,52.41958551055258,1.9138755980861244,61.72661293556278,85.54023860714135,91.18901729620724,72.74233637116818,42.702200185931204,11.122817579771223,0.0,1.0,25.0,188927.31999999998,268866.0773891778,1.0,0.0,19.439999999999994,14.201173660417414,9.92,7.365007354601442,9.92,7.365007354601442,4.88,2.4378952670968728,0.0,0.0,0.0,0.0,1.0,0.0
