Connected!
linha fdp!!!!
0.55978,0.725,0.0.471736,0.163889,0.424242,0.060845,0.215762,0.032036,0.897638,0.673228,0.228346,0.223059,1,0,0,0,0,0,0,0,0,0,0,0,0,0,0,0,0,0,0,0,0,0,0,0,0,0,0,0,0,0,0,0,0,1,0,0,0,0,0,0,0,0,0,0,20.637319,0.055556,0.439394,0.151754,0.312661,0.567936,0.728346,0.649606,0.401575,0.112226,1,0,0,0,0,0,0,0,0,0,0,0,0,0,0,0,0,0,0,0,0,0,0,0,0,0,0,0,0,0,0,0,1,0,0,0,0,0,0,0,0,0,0,0,1
java.lang.NumberFormatException: multiple points
linha fdp!!!!
0.4520.06053,0.025,0.560606,0.021475,0.242894,0.012646,0.606299,0.555118,0.405512,0.030392,0,0,0,1,0,0,0,0,0,0,0,0,0,1,0,0,0,0,0,0,0,0,0,0,0,0,0,0,0,0,0,0,0,0,0,0,0,0,0,0,0,0,0,0,3
java.lang.NumberFormatException: multiple points
linha fdp!!!!
0.0.430715,0.063889,0.181818,0.269148,0.277778,0.337502,0.838583,0.84252,0.535433,0.242855,0,0,1,0,0,0,0,0,0,0,0,0,0,0,0,0,0,0,0,0,0,0,0,0,0,0,0,0,0,0,0,0,0,0,0,1,0,0,0,0,0,0,0,0,6
java.lang.NumberFormatException: multiple points
linha fdp!!!!
0.672336,0.841667,0.151515,0.448103,0.295866,0.376001,0.759843,0.929134,0.716535,0.00.752876,0.144444,0.166667,0.184681,0.277778,0.289448,0.889764,0.854331,0.488189,0.482783,1,0,0,0,0,0,0,0,0,0,0,0,0,0,0,0,0,0,0,0,0,0,0,0,0,0,0,0,0,0,0,0,0,0,0,0,0,0,0,0,0,1,0,0,7
java.lang.NumberFormatException: multiple points
linha fdp!!!!
0.348674,0.030556,0.363636,0.150322,0.310078,0.286638,0.73622,0.724409,0.496063,0.1006550.551776,0.488889,0.151515,0.064424,0.236434,0.627793,0.889764,0.968504,0.598425,0.756727,1,0,0,0,0,0,0,0,0,0,0,0,0,0,0,0,0,0,0,0,0,0,0,0,0,0,0,0,0,0,0,0,0,1,0,0,0,0,0,0,0,0,0,0,20.51926,0.2,0.19697,0.107373,0.245478,0.46958,0.92126,0.846457,0.437008,0.589851,1,0,0,0,0,0,0,0,0,0,0,0,0,0,0,0,0,0,0,0,0,0,0,0,0,0,1,0,0,0,0,0,0,0,0,0,0,0,0,0,0,0,0,0,2
java.lang.NumberFormatException: multiple points
linha fdp!!!!
0.398699,0.95,0.348485,0.136006,0.29199,0.227062,0.653543,0.7830.637819,0.902778,0.227273,0.085898,0.267442,0.227624,0.716535,0.877953,0.708661,0.320229,0,0,1,0,0,0,0,0,0,0,0,0,0,0,0,0,0,0,0,0,0,0,0,0,0,0,0,1,0,0,0,0,0,0,0,0,0,0,0,0,0,0,0,0,2
java.lang.NumberFormatException: multiple points
linha fdp!!!!
0.332166,0.583333,0.454545,0.136006,0.377261,0.21259,0.716535,0.988189,0.736220.387694,0.283333,0.484848,0.042949,0.24031,0.370943,0.996063,0.704724,0.106299,0.928621,1,0,0,0,0,0,0,0,0,0,0,0,0,0,0,0,0,0,0,0,0,0,0,0,0,0,0,0,0,0,0,0,0,1,0,0,0,0,0,0,0,0,0,0,2
java.lang.NumberFormatException: multiple points
linha fdp!!!!
0.436718,0.369444,0.363636,0.10952,0.312661,0.39216,0.984252,0.862205,0.322835,0.90750.367684,0.169444,0.030303,0.068003,0.22093,0.056203,0.870079,0.92126,0.586614,0.852921,1,0,0,0,0,0,0,0,0,0,0,0,0,0,0,0,0,0,0,0,0,0,0,0,0,0,0,0,0,0,0,0,1,0,0,0,0,0,0,0,0,0,0,0,2
java.lang.NumberFormatException: multiple points
linha fdp!!!!
0.42071,0.325,0.12120.504252,0.169444,0.121212,0.060845,0.24031,0.701841,0.893701,0.877953,0.507874,0.603653,1,0,0,0,0,0,0,0,0,0,0,0,0,0,0,0,0,0,0,1,0,0,0,0,0,0,0,0,0,0,0,0,0,0,0,0,0,0,0,0,0,0,0,0,2
java.lang.NumberFormatException: multiple points
linha fdp!!!!
0.381691,0.863889,0.075758,0.030064,0.22093,0.10.535268,0.469444,0.181818,0.064424,0.232558,0.761416,0.901575,0.964567,0.570866,0.546076,1,0,0,0,0,0,0,0,0,0,0,0,0,0,0,0,0,0,0,0,0,0,0,0,0,0,0,0,0,0,0,0,1,0,0,0,0,0,0,0,0,0,0,0,2
java.lang.NumberFormatException: multiple points
linha fdp!!!!
0.511756,0.411111,0.106061,0.1360060.454727,0.141667,0.090909,0.202577,0.275194,0.366587,0.877953,0.889764,0.543307,0.949394,1,0,0,0,0,0,0,0,0,0,0,0,0,0,0,1,0,0,0,0,0,0,0,0,0,0,0,0,0,0,0,0,0,0,0,0,0,0,0,0,0,0,0,0,20.451726,0.219444,0.181818,0.184681,0.273902,0.362653,0.929134,0.858268,0.440945,0.946327,1,0,0,0,0,0,0,0,0,0,0,0,0,0,0,1,0,0,0,0,0,0,0,0,0,0,0,0,0,0,0,0,0,0,0,0,0,0,0,0,0,0,0,0,2
java.lang.NumberFormatException: multiple points
linha fdp!!!!
0.587794,0.030556,0.181818,0.173228,0.244186,0.909793,0.814961,0.84252,0.50.429715,0.319444,0.060606,0.151754,0.250646,0.27905,0.893701,0.929134,0.566929,0.867977,1,0,0,0,0,0,0,0,0,0,0,0,0,0,0,1,0,0,0,0,0,0,0,0,0,0,0,0,0,0,0,0,0,0,0,0,0,0,0,0,0,0,0,0,2
java.lang.NumberFormatException: multiple points
linha fdp!!!!
0.467734,0.977778,0.181818,0,0.223514,0.634115,0.783465,0.80.403202,0.936111,0.151515,0.193271,0.218346,0.211747,0.783465,0.893701,0.65748,0.79632,1,0,0,0,0,0,0,0,0,0,0,0,0,0,0,0,0,0,0,0,0,0,0,0,0,0,0,0,0,0,0,0,1,0,0,0,0,0,0,0,0,0,0,0,2
java.lang.NumberFormatException: multiple points
linha fdp!!!!
0.5040.617309,0.394444,0.121212,0.085898,0.24031,0.984263,0.913386,0.937008,0.543307,0.368604,1,0,0,0,0,0,0,0,0,0,0,0,0,0,0,0,0,0,0,0,0,0,0,0,0,0,0,0,0,0,0,0,1,0,0,0,0,0,0,0,0,0,0,0,2
java.lang.NumberFormatException: multiple points
linha fdp!!!!
0.517259,0.438889,0.333333,0.06800.468234,0.375,0,0.219041,0.25323,0.427989,0.862205,0.937008,0.614173,0.921093,1,0,0,0,0,0,0,0,0,0,0,0,0,0,0,1,0,0,0,0,0,0,0,0,0,0,0,0,0,0,0,0,0,0,0,0,0,0,0,0,0,0,0,0,2
java.lang.NumberFormatException: multiple points
linha fdp!!!!
0.352676,0.966667,0.212121,0.171797,0.244186,0.193902,0.759843,0.850394,0.0.338669,0.119444,0.166667,0.259127,0.244186,0.156808,0.874016,0.850394,0.5,0.569078,1,0,0,0,0,0,0,0,0,0,0,0,0,0,0,0,0,0,0,0,0,1,0,0,0,0,0,0,0,0,0,0,0,0,0,0,0,0,0,0,0,0,0,0,2
java.lang.NumberFormatException: multiple points
linha fdp!!!!
0.582791,0.469444,0.19697,0.171797,0.236434,0.76120.489245,0.747222,0.454545,0.030064,0.236434,0.744555,0.503937,0.92126,0.933071,0.65635,1,0,0,0,0,0,0,0,0,0,0,0,0,0,0,0,0,0,0,0,0,0,0,0,0,0,0,1,0,0,0,0,0,0,0,0,0,0,0,0,0,0,0,0,2
java.lang.NumberFormatException: multiple points
linha fdp!!!!
0.536768,0.188889,0.136364,0.221188,0.277778,0.639033,0.901575,0.877953,0.4960.409705,0.041667,0.227273,0.121689,0.284238,0.265421,0.807087,0.814961,0.535433,0.621776,1,0,0,0,0,0,0,0,0,0,0,0,0,0,0,0,0,0,0,0,0,0,0,0,0,0,0,0,0,0,0,0,1,0,0,0,0,0,0,0,0,0,0,0,20.408204,0.072222,0.212121,0.130279,0.29199,0.261487,0.838583,0.822835,0.511811,0.619267,1,0,0,0,0,0,0,0,0,0,0,0,0,0,0,0,0,0,0,0,0,0,0,0,0,0,0,0,0,0,0,0,1,0,0,0,0,0,0,0,0,0,0,0,2
java.lang.NumberFormatException: multiple points
linha fdp!!!!
0.44022,0.919444,0.181818,0.042949,0.231266,0.377828,0.748031,0.88189,0.60.666333,0.227778,0.075758,0.319256,0.248062,0.659267,0.893701,0.909449,0.543307,0.229332,1,0,0,0,0,0,0,0,0,0,0,0,0,0,0,0,0,0,0,0,0,0,0,0,0,0,0,0,0,0,0,0,1,0,0,0,0,0,0,0,0,0,0,0,10.663332,0.2,0.106061,0.334288,0.24031,0.661515,0.897638,0.893701,0.523622,0.230308,1,0,0,0,0,0,0,0,0,0,0,0,0,0,0,0,0,0,0,0,0,0,0,0,0,0,0,0,0,0,0,0,1,0,0,0,0,0,0,0,0,0,0,0,1
java.lang.NumberFormatException: multiple points
linha fdp!!!!
0.358179,0.222222,0.19697,0.430208,0.286822,0.149642,0.9330710.641821,0.330556,0.287879,0.258411,0.333333,0.673458,0.980315,0.866142,0.362205,0.243831,1,0,0,0,0,0,0,0,0,0,0,0,0,0,0,0,0,0,0,0,0,0,0,0,0,0,0,0,0,0,0,0,1,0,0,0,0,0,0,0,0,0,0,0,1
java.lang.NumberFormatException: multiple points
linha fdp!!!!
0.525263,0.238880.673337,0.25,0.166667,0.408733,0.26615,0.605592,0.933071,0.877953,0.456693,0.259863,1,0,0,0,0,0,0,0,0,0,0,0,0,0,0,0,0,0,0,0,0,0,0,0,0,0,0,0,0,0,0,0,1,0,0,0,0,0,0,0,0,0,0,0,10.669835,0.25,0.136364,0.410165,0.257106,0.607559,0.925197,0.885827,0.476378,0.260142,1,0,0,0,0,0,0,0,0,0,0,0,0,0,0,0,0,0,0,0,0,0,0,0,0,0,0,0,0,0,0,0,1,0,0,0,0,0,0,0,0,0,0,0,1
java.lang.NumberFormatException: multiple points
linha fdp!!!!
0.432216,0.561111,0.075758,0.04796,0.218346,0.225938,0.858268,0.96063,0.641732,0.560.641821,0.086111,0.227273,0.298497,0.383721,0.665589,0.846457,0.807087,0.484252,0.306845,1,0,0,0,0,0,0,0,0,0,0,0,0,0,0,0,0,0,0,0,0,0,0,0,0,0,0,0,0,0,0,0,1,0,0,0,0,0,0,0,0,0,0,0,10.64032,0.061111,0.212121,0.287759,0.379845,0.668259,0.826772,0.818898,0.519685,0.308797,1,0,0,0,0,0,0,0,0,0,0,0,0,0,0,0,0,0,0,0,0,0,0,0,0,0,0,0,0,0,0,0,1,0,0,0,0,0,0,0,0,0,0,0,1
java.lang.NumberFormatException: multiple points
linha fdp!!!!
0.581291,0.5,0.1810.563282,0.494444,0.136364,0.400859,0.338501,0.779823,0.88189,0.968504,0.606299,0.600725,1,0,0,0,0,0,0,0,0,0,0,0,0,0,0,0,0,0,0,0,0,0,0,0,0,0,0,0,0,0,0,0,1,0,0,0,0,0,0,0,0,0,0,0,2
java.lang.NumberFormatException: multiple points
linha fdp!!!!
0.564782,0.733333,0.212121,0.56335,0.342377,0.844035,0.728346,0.968504,0.783465,0.80.475238,0.288889,0.121212,0.021475,0.217054,0.37853,0.92126,0.905512,0.507874,0.557507,1,0,0,0,0,0,0,0,0,0,0,0,0,0,0,0,0,0,0,0,0,0,0,0,0,0,0,0,0,0,0,0,0,1,0,0,0,0,0,0,0,0,0,0,20.472236,0.3,0.181818,0.021475,0.213178,0.374596,0.944882,0.889764,0.452756,0.553743,1,0,0,0,0,0,0,0,0,0,0,0,0,0,0,0,0,0,0,0,0,0,0,0,0,0,0,0,0,0,0,0,0,1,0,0,0,0,0,0,0,0,0,0,2
java.lang.NumberFormatException: multiple points
linha fdp!!!!
0.574787,0.947222,0.13630.569785,0.65,0.090909,0.464567,0.355297,0.840382,0.826772,0.968504,0.681102,0.890004,1,0,0,0,0,0,0,0,0,0,0,0,0,0,0,0,0,0,0,0,0,0,0,0,0,0,0,0,0,0,0,0,1,0,0,0,0,0,0,0,0,0,0,0,20.571286,0.675,0.106061,0.482462,0.359173,0.836307,0.814961,0.968504,0.692913,0.893211,1,0,0,0,0,0,0,0,0,0,0,0,0,0,0,0,0,0,0,0,0,0,0,0,0,0,0,0,0,0,0,0,1,0,0,0,0,0,0,0,0,0,0,0,2
java.lang.NumberFormatException: multiple points
linha fdp!!!!
0.651826,0.05,0.075758,0.0210.543272,0.072222,0.242424,0.021475,0.223514,0.5966,0.830709,0.80315,0.492126,0.759654,1,0,0,0,0,0,0,0,0,0,0,0,0,0,0,0,0,0,0,0,0,0,0,1,0,0,0,0,0,0,0,0,0,0,0,0,0,0,0,0,0,0,0,0,2
java.lang.NumberFormatException: multiple points
linha fdp!!!!
0.348674,0.95,0.045455,0.150.507754,0.263889,0.181818,0.154617,0.28553,0.377828,0.940945,0.874016,0.440945,0.409034,1,0,0,0,0,0,0,0,0,0,0,0,0,0,0,0,0,0,0,0,0,0,0,0,0,0,0,0,0,0,0,0,1,0,0,0,0,0,0,0,0,0,0,0,20.504752,0.222222,0.19697,0.14388,0.281654,0.374596,0.933071,0.854331,0.429134,0.404991,1,0,0,0,0,0,0,0,0,0,0,0,0,0,0,0,0,0,0,0,0,0,0,0,0,0,0,0,0,0,0,0,1,0,0,0,0,0,0,0,0,0,0,0,2
java.lang.NumberFormatException: multiple points
linha fdp!!!!
0.502751,0.336111,0.181818,0.068003,0.20.572786,0,0,0.121689,0.251938,0.741745,0.858268,0.937008,0.614173,0.703611,1,0,0,0,0,0,0,0,0,0,0,0,0,0,0,0,0,0,0,0,0,0,0,0,0,0,0,0,0,0,0,0,1,0,0,0,0,0,0,0,0,0,0,0,1
java.lang.NumberFormatException: multiple points
linha fdp!!!!
0.50970.487744,0.330556,0.121212,0.219041,0.24677,0.416187,0.925197,0.917323,0.507874,0.36498,1,0,0,0,0,0,0,0,0,0,0,0,0,0,0,1,0,0,0,0,0,0,0,0,0,0,0,0,0,0,0,0,0,0,0,0,0,0,0,0,0,0,0,0,2
java.lang.NumberFormatException: multiple points
linha fdp!!!!
0.524262,0.222222,0.060606,0.273443,0.262274,0.557398,0.885827,0.0.586293,0.280556,0.151515,0.204009,0.299742,0.730645,0.929134,0.893701,0.476378,0.586087,1,0,0,0,0,0,0,0,0,0,0,0,0,0,0,0,0,0,0,0,0,0,0,0,0,0,0,0,0,0,0,0,1,0,0,0,0,0,0,0,0,0,0,0,2
java.lang.NumberFormatException: multiple points
linha fdp!!!!
0.445223,0.375,0.106060.605803,0.727778,0.075758,0.242663,0.308786,0.810454,0.814961,0.952756,0.681102,0.613551,1,0,0,0,0,0,0,0,0,0,0,0,0,0,0,0,0,0,0,0,0,0,0,0,0,0,0,0,0,0,0,0,1,0,0,0,0,0,0,0,0,0,0,0,2
java.lang.NumberFormatException: multiple points
linha fdp!!!!
0.476238,0.205556,0.22720.548274,0.138889,0.181818,0.107373,0.244186,0.489392,0.885827,0.84252,0.476378,0.866862,1,0,0,0,0,0,0,0,0,0,0,0,0,0,0,0,0,0,0,0,0,0,0,0,0,0,0,0,0,0,0,0,1,0,0,0,0,0,0,0,0,0,0,0,2
java.lang.NumberFormatException: multiple points
linha fdp!!!!
0.541771,0.655556,0.333333,0.265569,0.277778,0.775046,0.69685,0.996063,0.818898,0.5821830.564782,0.969444,0.106061,0.375089,0.222222,0.46677,0.814961,0.897638,0.629921,0.801617,1,0,0,0,0,0,0,0,0,0,0,0,0,0,0,0,0,0,0,0,0,0,0,0,0,0,0,0,0,0,0,0,1,0,0,0,0,0,0,0,0,0,0,0,10.564782,0.15,0.090909,0.367215,0.222222,0.470704,0.88189,0.893701,0.543307,0.798132,1,0,0,0,0,0,0,0,0,0,0,0,0,0,0,0,0,0,0,0,0,0,0,0,0,0,0,0,0,0,0,0,1,0,0,0,0,0,0,0,0,0,0,0,1
java.lang.NumberFormatException: multiple points
linha fdp!!!!
0.531766,0.358333,0.136364,0.085898,0.220.609305,0.25,0.060606,0.380816,0.324289,0.769144,0.889764,0.917323,0.562992,0.46215,1,0,0,0,0,0,0,0,0,0,0,0,0,0,0,0,0,0,0,0,0,0,0,0,0,0,0,0,0,0,0,0,1,0,0,0,0,0,0,0,0,0,0,0,2
java.lang.NumberFormatException: multiple points
linha fdp!!!!
0.506753,0.333330.453727,0.122222,0.287879,0.307802,0.308786,0.297457,0.870079,0.771654,0.405512,0.311725,1,0,0,0,0,0,0,0,0,0,0,0,0,0,0,0,0,0,0,0,0,0,0,0,0,0,0,0,0,0,0,0,1,0,0,0,0,0,0,0,0,0,0,0,2
java.lang.NumberFormatException: multiple points
linha fdp!!!!
0.554777,0.644444,0.227273,0.3640.583792,0.958333,0.19697,0.09592,0.224806,0.458058,0.76378,0.862205,0.641732,0.76314,1,0,0,0,0,0,0,0,0,0,0,0,0,0,0,0,0,0,0,0,0,0,0,0,0,0,0,0,0,0,0,0,1,0,0,0,0,0,0,0,0,0,0,0,2
java.lang.NumberFormatException: multiple points
linha fdp!!!!
0.514257,0.338889,0.090909,0,0.223514,0.590558,0.905512,0.925197,0.540.478239,0.875,0.166667,0.115963,0.22739,0.446958,0.751969,0.909449,0.708661,0.391468,1,0,0,0,0,0,0,0,0,0,0,0,0,0,0,1,0,0,0,0,0,0,0,0,0,0,0,0,0,0,0,0,0,0,0,0,0,0,0,0,0,0,0,0,2
java.lang.NumberFormatException: multiple points
linha fdp!!!!
0.37969,0.908333,0.166667,0.212598,0.301034,0.060419,0.755906,0.893701,0.685030.549275,0.533333,0.151515,0.14388,0.249354,0.555852,0.862205,0.976378,0.637795,0.301547,1,0,0,0,0,0,0,0,0,0,0,0,0,0,0,1,0,0,0,0,0,0,0,0,0,0,0,0,0,0,0,0,0,0,0,0,0,0,0,0,0,0,0,0,2
java.lang.NumberFormatException: multiple points
linha fdp!!!!
0.397699,0.933333,0.045455,0.156049,0.229974,0.066039,0.838583,0.925190.595798,0.208333,0.19697,0.154617,0.282946,0.562597,0.925197,0.850394,0.433071,0.574237,1,0,0,0,0,0,0,0,0,0,0,0,0,0,0,0,0,0,0,0,0,0,0,0,0,0,0,0,0,0,0,0,1,0,0,0,0,0,0,0,0,0,0,0,1
java.lang.NumberFormatException: multiple points
linha fdp!!!!
0.549775,0.65,0.121212,0.257695,0.330749,0.595335,0.811024,0.976378,0.7040.56078,0.233333,0.227273,0.27917,0.359173,0.637347,0.944882,0.838583,0.393701,0.240485,1,0,0,0,0,0,0,0,0,0,0,0,0,0,0,0,0,0,0,0,0,0,0,0,0,0,0,0,0,0,0,0,1,0,0,0,0,0,0,0,0,0,0,0,2
java.lang.NumberFormatException: multiple points
linha fdp!!!!
0.413207,0.986111,0.045455,0,0.223514,0.3771250.441221,0.675,0.015152,0.021475,0.226098,0.195307,0.850394,0.940945,0.629921,0.354942,1,0,0,0,0,0,0,0,0,0,0,0,0,0,0,0,0,0,0,0,0,0,0,0,0,0,1,0,0,0,0,0,0,0,0,0,0,0,0,0,0,0,0,0,20.44022,0.05,0.015152,0.030064,0.224806,0.193059,0.858268,0.929134,0.614173,0.351039,1,0,0,0,0,0,0,0,0,0,0,0,0,0,0,0,0,0,0,0,0,0,0,0,0,0,0,0,0,0,0,0,1,0,0,0,0,0,0,0,0,0,0,0,2
java.lang.NumberFormatException: multiple points
linha fdp!!!!
0.561781,0.594444,0.045455,0.482462,0.231266,0.753548,0.850394,0.956693,0.60.441721,0.344444,0.393939,0.042949,0.24031,0.449487,0.992126,0.834646,0.275591,0.243692,1,0,0,0,0,0,0,0,0,0,0,0,0,0,0,0,0,0,0,0,0,0,0,0,0,0,0,0,0,0,0,0,1,0,0,0,0,0,0,0,0,0,0,0,2
java.lang.NumberFormatException: multiple points
linha fdp!!!!
0.478239,0.4940.604302,0.197222,0.151515,0.26199,0.232558,0.559927,0.909449,0.870079,0.476378,0.498815,1,0,0,0,0,0,0,0,0,0,0,0,0,0,0,0,0,0,0,0,0,0,0,0,0,0,0,0,0,0,0,0,1,0,0,0,0,0,0,0,0,0,0,0,20.6008,0.227778,0.19697,0.274875,0.236434,0.563861,0.933071,0.858268,0.429134,0.494911,1,0,0,0,0,0,0,0,0,0,0,0,0,0,0,0,0,0,0,0,0,0,0,0,0,0,0,0,0,0,0,0,1,0,0,0,0,0,0,0,0,0,0,0,2
java.lang.NumberFormatException: multiple points
linha fdp!!!!
0.671336,0.025,0.075758,0.365784,0.299742,0.397499,0.846457,0.905512,0.6023620.482241,0.011111,0.227273,0.137437,0.270026,0.298019,0.783465,0.826772,0.57874,0.347553,1,0,0,0,0,0,0,0,0,0,0,0,0,0,0,0,0,0,0,0,0,0,0,0,0,0,0,0,0,0,0,0,1,0,0,0,0,0,0,0,0,0,0,0,20.482741,0.011111,0.257576,0.125268,0.271318,0.295068,0.771654,0.811024,0.570866,0.35076,1,0,0,0,0,0,0,0,0,0,0,0,0,0,0,0,0,0,0,0,0,0,0,0,0,0,0,0,0,0,0,0,1,0,0,0,0,0,0,0,0,0,0,0,2
java.lang.NumberFormatException: multiple points
linha fdp!!!!
0.668334,0.063889,0.212121,0.259120.664832,0.127778,0.212121,0.214746,0.282946,0.418856,0.88189,0.822835,0.456693,0.621079,1,0,0,0,0,0,0,0,0,0,0,0,0,0,0,0,0,0,0,0,0,0,0,0,0,0,1,0,0,0,0,0,0,0,0,0,0,0,0,0,0,0,0,0,10.663332,0.138889,0.181818,0.198282,0.27907,0.422509,0.885827,0.84252,0.476378,0.616897,1,0,0,0,0,0,0,0,0,0,0,0,0,0,0,0,0,0,0,0,0,0,0,0,0,0,1,0,0,0,0,0,0,0,0,0,0,0,0,0,0,0,0,0,1
java.lang.NumberFormatException: multiple points
linha fdp!!!!
0.449725,0.280556,0.257576,0.03000.52026,0.069444,0.272727,0.463851,0.288114,0.367571,0.818898,0.779528,0.480315,0.277987,1,0,0,0,0,0,0,0,0,0,0,0,0,0,0,0,0,0,0,0,0,0,0,0,0,0,0,0,0,0,0,0,1,0,0,0,0,0,0,0,0,0,0,0,2
java.lang.NumberFormatException: multiple points
linha fdp!!!!
0.476738,0.869444,0.19697,0.021475,0.228682,0.30392,0.730.446723,0.072222,0.242424,0.137437,0.284238,0.175917,0.830709,0.799213,0.488189,0.307542,1,0,0,0,0,0,0,0,0,0,0,0,0,0,0,1,0,0,0,0,0,0,0,0,0,0,0,0,0,0,0,0,0,0,0,0,0,0,0,0,0,0,0,0,2
java.lang.NumberFormatException: multiple points
linha fdp!!!!
0.668334,0.052778,0.151515,0.516106,0.329457,0.47430.648324,0.2,0.212121,0.14388,0.277778,0.52761,0.929134,0.830709,0.405512,0.441099,1,0,0,0,0,0,0,0,0,0,0,0,0,0,0,0,0,0,0,0,0,0,0,0,0,0,0,0,0,0,0,0,1,0,0,0,0,0,0,0,0,0,0,0,1
java.lang.NumberFormatException: multiple points
linha fdp!!!!
0.55978,0.338889,0.060606,0.292054,0.248062,0.492483,0.897638,0.0.498749,0.683333,0.318182,0.030064,0.244186,0.584656,0.677165,0.988189,0.834646,0.093963,1,0,0,0,0,0,0,0,0,0,0,0,0,0,0,0,0,0,0,0,0,0,0,0,0,0,0,0,0,0,0,0,1,0,0,0,0,0,0,0,0,0,0,0,20.503252,0.705556,0.333333,0.04796,0.255814,0.581144,0.649606,0.976378,0.858268,0.097867,1,0,0,0,0,0,0,0,0,0,0,0,0,0,0,0,0,0,0,0,0,0,0,0,0,0,0,0,0,0,0,0,1,0,0,0,0,0,0,0,0,0,0,0,2
java.lang.NumberFormatException: multiple points
linha fdp!!!!
0.395198,0.361111,0.060606,0.021475,0.22480.582791,0.077778,0.121212,0.130279,0.260982,0.574961,0.854331,0.877953,0.555118,0.351596,1,0,0,0,0,0,0,0,0,0,0,0,0,0,0,0,0,0,0,0,0,0,0,0,0,0,0,0,0,0,0,0,1,0,0,0,0,0,0,0,0,0,0,0,1
java.lang.NumberFormatException: multiple points
linha fdp!!!!
0.533767,0.583333,0.227273,0.10952,0.26615,0.716313,0.814961,0.996063,0.700787,0.160.532266,0.158333,0.19697,0.154617,0.297158,0.426303,0.897638,0.838583,0.456693,0.290534,1,0,0,0,0,0,0,0,0,0,0,0,0,0,0,0,0,0,0,0,0,0,0,0,0,0,0,0,0,0,0,0,1,0,0,0,0,0,0,0,0,0,0,0,2
java.lang.NumberFormatException: multiple points
linha fdp!!!!
0.52026,0.95,0.075758,0.021475,0.22739,0.464803,0.826772,0.917323,0.633858,0.240.556778,0.141667,0.333333,0.171797,0.356589,0.76788,0.88189,0.73622,0.338583,0.15154,1,0,0,0,0,0,0,0,0,0,0,0,0,0,0,0,0,0,0,0,0,0,0,0,0,0,0,0,0,0,0,0,0,1,0,0,0,0,0,0,0,0,0,0,2
java.lang.NumberFormatException: multiple points
linha fdp!!!!
0.596298,0.155556,0.287879,0.198282,0.270026,0.640017,0.901575,0.775591,0.374010.518759,0.269444,0.272727,0.042949,0.248062,0.435998,0.968504,0.830709,0.346457,0.288722,1,0,0,0,0,0,0,0,0,0,0,0,0,0,0,0,0,0,0,0,0,0,0,0,0,0,1,0,0,0,0,0,0,0,0,0,0,0,0,0,0,0,0,0,2
java.lang.NumberFormatException: multiple points
linha fdp!!!!
0.49975,0.061111,0.121212,0.279885,0.301034,0.302234,0.0.596298,0.094444,0.106061,0.021475,0.231266,0.658986,0.862205,0.885827,0.559055,0.15391,1,0,0,0,0,0,0,0,0,0,0,0,0,0,0,0,0,0,0,0,0,0,0,0,0,0,1,0,0,0,0,0,0,0,0,0,0,0,0,0,0,0,0,0,2
java.lang.NumberFormatException: multiple points
linha fdp!!!!
0.5790.635318,0.016667,0.106061,0.154617,0.25323,0.385556,0.830709,0.889764,0.598425,0.493796,1,0,0,0,0,0,0,0,0,0,0,0,0,0,0,0,0,0,0,0,0,0,0,0,0,0,0,0,0,0,0,0,0,1,0,0,0,0,0,0,0,0,0,0,1
java.lang.NumberFormatException: multiple points
linha fdp!!!!
0.605803,0.0.607304,0.047222,0.242424,0.407301,0.260982,0.515105,0.811024,0.811024,0.527559,0.384776,1,0,0,0,0,0,0,0,0,0,0,0,0,0,0,0,0,0,0,0,0,0,0,0,0,0,0,0,0,0,0,0,1,0,0,0,0,0,0,0,0,0,0,0,2
java.lang.NumberFormatException: multiple points
linha fdp!!!!
0.555770.57979,0,0.030303,0.04796,0.223514,0.575523,0.850394,0.925197,0.614173,0.155305,1,0,0,0,0,0,0,0,0,0,0,0,0,0,0,0,0,0,0,0,0,0,1,0,0,0,0,0,0,0,0,0,0,0,0,0,0,0,0,0,0,0,0,0,2
java.lang.NumberFormatException: multiple points
linha fdp!!!!
0.548274,0.263889,0.19697,0.04796,0.236434,0.542644,0.948819,0.866140.686343,0,0.106061,0.375805,0.275194,0.446958,0.826772,0.897638,0.610236,0.48585,1,0,0,0,0,0,0,0,0,0,0,0,0,0,0,0,0,0,0,0,0,0,0,0,0,0,0,0,0,0,0,0,0,0,0,0,0,0,0,0,0,0,0,1,10.684842,0.05,0.060606,0.357194,0.271318,0.451173,0.854331,0.909449,0.598425,0.482783,1,0,0,0,0,0,0,0,0,0,0,0,0,0,0,0,0,0,0,0,0,0,0,0,0,0,0,0,0,0,0,0,0,0,0,0,0,0,0,0,0,0,0,1,1
java.lang.NumberFormatException: multiple points
linha fdp!!!!
0.608804,0.005556,0.090909,0.150322,0.273902,0.6806240.638819,0.95,0.272727,0.14388,0.275194,0.612196,0.708661,0.826772,0.65748,0.41712,1,0,0,0,0,0,0,0,0,0,0,0,0,0,0,0,0,0,0,0,0,0,0,0,0,0,0,0,0,0,0,0,1,0,0,0,0,0,0,0,0,0,0,0,1
java.lang.NumberFormatException: multiple points
linha fdp!!!!
0.488244,0.90.581791,0.361111,0.166667,0.215462,0.294574,0.623015,0.940945,0.92126,0.484252,0.255681,1,0,0,0,0,0,0,0,0,0,0,0,0,0,0,0,0,0,0,0,0,0,0,0,0,0,0,0,0,0,0,0,1,0,0,0,0,0,0,0,0,0,0,0,20.578789,0.316667,0.121212,0.219041,0.286822,0.620065,0.925197,0.913386,0.507874,0.259724,1,0,0,0,0,0,0,0,0,0,0,0,0,0,0,0,0,0,0,0,0,0,0,0,0,0,0,0,0,0,0,0,1,0,0,0,0,0,0,0,0,0,0,0,2
java.lang.NumberFormatException: multiple points
learning evaluation instances,Wall Time (Actual Time),Avg Delay (ms),outRate (inst/s),classified instances,classifications correct (percent),Kappa Statistic (percent),Kappa Temporal Statistic (percent),Kappa M Statistic (percent),F1 Score (percent),F1 Score for class 0 (percent),F1 Score for class 1 (percent),F1 Score for class 2 (percent),F1 Score for class 3 (percent),F1 Score for class 4 (percent),F1 Score for class 5 (percent),F1 Score for class 6 (percent),Precision (percent),Precision for class 0 (percent),Precision for class 1 (percent),Precision for class 2 (percent),Precision for class 3 (percent),Precision for class 4 (percent),Precision for class 5 (percent),Precision for class 6 (percent),Recall (percent),Recall for class 0 (percent),Recall for class 1 (percent),Recall for class 2 (percent),Recall for class 3 (percent),Recall for class 4 (percent),Recall for class 5 (percent),Recall for class 6 (percent),model training instances,model serialized size (bytes)
90850.0,600.02197265625,203.0,151.41111755371094,90800.0,89.73127753303964,75.26007083919637,-59.76696367374921,64.98554207818543,65.84210414936197,?,79.90039893973065,93.8665790534789,65.78366445916114,85.25695029486099,62.590850790936294,68.52764094143406,68.92686941035049,0.0,92.54481175959809,90.10809415947473,71.63461538461539,76.4928193499622,76.01246105919003,75.69528415961307,63.02162331293432,0.0,70.29586356355412,97.95225034285002,60.816326530612244,96.28924833491912,53.19767441860465,62.6,0.0,1.0
