Connected!
linha fdp!!!!
0.530265,0.211111,0.060606,0.163207,0.231266,0.690459,0.885827,0.913386,0.562992,0.38390.371186,0.133333,0.166667,0.115963,0.200258,0.174652,0.88189,0.850394,0.488189,0.047679,1,0,0,0,0,0,0,0,0,0,0,0,0,0,0,0,0,0,0,0,0,0,0,0,0,1,0,0,0,0,0,0,0,0,0,0,0,0,0,0,0,0,0,0,20.477739,0.013889,0.136364,0.14388,0.28553,0.25699,0.822835,0.877953,0.598425,0.262652,1,0,0,0,0,0,0,0,0,0,0,0,0,0,0,1,0,0,0,0,0,0,0,0,0,0,0,0,0,0,0,0,0,0,0,0,0,0,0,0,0,0,0,0,2
java.lang.NumberFormatException: multiple points
linha fdp!!!!
0.426713,0.2,0.181818,0.2790.544772,0.219444,0.227273,0.085898,0.254522,0.771814,0.940945,0.830709,0.389764,0.224174,1,0,0,0,0,0,0,0,0,0,0,0,0,0,0,0,0,0,0,0,0,0,0,0,0,0,0,0,0,0,0,0,0,1,0,0,0,0,0,0,0,0,0,0,10.496248,0.897222,0.166667,0.121689,0.229974,0.40888,0.751969,0.897638,0.69685,0.351039,1,0,0,0,0,0,0,0,0,0,0,0,0,0,0,0,0,0,0,0,0,0,0,0,0,0,1,0,0,0,0,0,0,0,0,0,0,0,0,0,0,0,0,0,1
java.lang.NumberFormatException: multiple points
linha fdp!!!!
0.650325,0.961111,0.181818,0.459550.546773,0.15,0.060606,0.060845,0.223514,0.647604,0.874016,0.909449,0.566929,0.319253,1,0,0,0,0,0,0,0,0,0,0,0,0,0,0,0,0,0,0,0,0,0,0,0,0,0,1,0,0,0,0,0,0,0,0,0,0,0,0,0,0,0,0,0,50.545773,0.911111,0.136364,0.021475,0.23385,0.664465,0.779528,0.905512,0.673228,0.310749,1,0,0,0,0,0,0,0,0,0,0,0,0,0,0,0,0,0,0,0,0,0,0,0,0,0,1,0,0,0,0,0,0,0,0,0,0,0,0,0,0,0,0,0,5
java.lang.NumberFormatException: multiple points
linha fdp!!!!
0.631316,0.877778,0.242424,0.090909,0.249354,0.7330.629815,0.488889,0.19697,0.304939,0.25323,0.744977,0.889764,0.972441,0.590551,0.199219,1,0,0,0,0,0,0,0,0,0,0,0,0,0,0,0,0,0,0,0,0,0,0,0,0,0,0,0,0,0,0,0,1,0,0,0,0,0,0,0,0,0,0,0,10.58079,0.055556,0.272727,0.214746,0.324289,0.547,0.80315,0.779528,0.496063,0.361076,1,0,0,0,0,0,0,0,0,0,0,0,0,0,0,0,0,0,0,0,0,0,0,0,0,0,0,0,0,0,0,0,1,0,0,0,0,0,0,0,0,0,0,0,2
java.lang.NumberFormatException: multiple points
linha fdp!!!!
0.673837,0.725,0.075758,0.319256,0.268734,0.0.472236,0.205556,0.69697,0.125268,0.405685,0.026697,0.88189,0.437008,0,0.192249,1,0,0,0,0,0,0,0,0,0,0,0,0,0,0,0,0,0,0,0,0,0,0,0,0,0,0,0,0,0,0,0,0,1,0,0,0,0,0,0,0,0,0,0,50.691346,0.086111,0.348485,0.163207,0.290698,0.781369,0.814961,0.720472,0.401575,0.179702,1,0,0,0,0,0,0,0,0,0,0,0,0,0,0,0,0,0,0,0,0,0,0,0,0,0,0,0,0,0,0,0,1,0,0,0,0,0,0,0,0,0,0,0,2
java.lang.NumberFormatException: multiple points
linha fdp!!!!
0.665833,0.477778,0.0.674837,0.288889,0.212121,0.021475,0.229974,0.344949,0.956693,0.870079,0.409449,0.369023,1,0,0,0,0,0,0,0,0,0,0,0,0,0,0,0,0,0,0,0,0,0,0,0,0,0,0,0,0,0,0,0,1,0,0,0,0,0,0,0,0,0,0,0,1
java.lang.NumberFormatException: multiple points
linha fdp!!!!
0.410205,0.569444,0.106061,0.068003,0.25323,0.265842,0.850394,0.9680.723362,0.447222,0.242424,0.319256,0.257106,0.569201,0.92126,0.952756,0.523622,0.280496,0,0,1,0,0,0,0,0,0,0,0,0,0,0,0,0,0,0,0,0,0,0,0,0,0,0,0,0,0,0,0,0,0,0,0,0,0,0,0,0,0,1,0,0,7
java.lang.NumberFormatException: multiple points
linha fdp!!!!
0.705353,0.441660.472736,0.202778,0.484848,0.150322,0.076227,0.045384,0.933071,0.633858,0.11811,0.288303,1,0,0,0,0,0,0,0,0,0,0,0,0,0,0,0,0,0,0,0,0,0,0,0,0,0,0,0,0,0,0,0,0,1,0,0,0,0,0,0,0,0,0,0,5
java.lang.NumberFormatException: multiple points
linha fdp!!!!
0.709355,0.255556,0.212121,0.088762,0.23385,0.383448,0.0.646323,0.413889,0.19697,0.198282,0.317829,0.029788,0.929134,0.940945,0.511811,0.308518,0,1,0,0,0,0,0,0,0,0,0,0,0,0,0,0,0,0,0,0,0,0,0,0,0,0,0,0,0,0,0,0,0,0,0,1,0,0,0,0,0,0,0,0,1
java.lang.NumberFormatException: multiple points
linha fdp!!!!
0.538769,0.027778,0.272727,0.10952,0.22093,0.819868,0.775591,0.0.415708,0.316667,0.136364,0.068003,0.258398,0.25151,0.925197,0.913386,0.503937,0.916353,1,0,0,0,0,0,0,0,0,0,0,0,0,0,0,1,0,0,0,0,0,0,0,0,0,0,0,0,0,0,0,0,0,0,0,0,0,0,0,0,0,0,0,0,2
java.lang.NumberFormatException: multiple points
linha fdp!!!!
0.451726,0.602778,0.030303,0.0.3997,0.308333,0.121212,0,0.223514,0.241394,0.92126,0.909449,0.507874,0.901994,1,0,0,0,0,0,0,0,0,0,0,0,0,0,0,0,0,0,0,1,0,0,0,0,0,0,0,0,0,0,0,0,0,0,0,0,0,0,0,0,0,0,0,0,20.397199,0.172222,0.075758,0,0.223514,0.23746,0.88189,0.905512,0.559055,0.899484,1,0,0,0,0,0,0,0,0,0,0,0,0,0,0,0,0,0,0,1,0,0,0,0,0,0,0,0,0,0,0,0,0,0,0,0,0,0,0,0,0,0,0,0,2
java.lang.NumberFormatException: multiple points
linha fdp!!!!
0.641821,0.338889,0.287879,0.24481,0.215762,0.855136,0.9760.456228,0.730556,0.121212,0.085898,0.25969,0.364479,0.791339,0.96063,0.716535,0.876063,1,0,0,0,0,0,0,0,0,0,0,0,0,0,0,0,0,0,0,0,0,0,0,0,0,0,0,0,0,0,0,0,1,0,0,0,0,0,0,0,0,0,0,0,2
java.lang.NumberFormatException: multiple points
linha fdp!!!!
0.494247,0.894444,0.287879,0.0210.513757,0.125,0.106061,0.211167,0.25323,0.562597,0.874016,0.885827,0.543307,0.895859,1,0,0,0,0,0,0,0,0,0,0,0,0,0,0,1,0,0,0,0,0,0,0,0,0,0,0,0,0,0,0,0,0,0,0,0,0,0,0,0,0,0,0,0,2
java.lang.NumberFormatException: multiple points
linha fdp!!!!
0.431216,0.744444,0.121212,0.021475,0.237726,0.254602,0.787402,0.0.494247,0.358333,0.136364,0.060845,0.223514,0.497822,0.925197,0.925197,0.511811,0.792695,1,0,0,0,0,0,0,0,0,0,0,0,0,0,0,0,0,0,0,0,0,0,0,0,0,0,0,0,0,0,0,0,0,1,0,0,0,0,0,0,0,0,0,0,2
java.lang.NumberFormatException: multiple points
linha fdp!!!!
0.548274,0.063889,0.090909,0.204009,0.270026,0.658564,0.850394,0.80.577289,0.102778,0.424242,0.107373,0.237726,0.702684,0.814961,0.661417,0.318898,0.40987,1,0,0,0,0,0,0,0,0,0,0,0,0,0,0,0,0,0,0,0,0,0,0,0,0,0,0,0,0,0,0,0,1,0,0,0,0,0,0,0,0,0,0,0,10.572786,0.086111,0.378788,0.115963,0.239018,0.703667,0.80315,0.692913,0.374016,0.410846,1,0,0,0,0,0,0,0,0,0,0,0,0,0,0,0,0,0,0,0,0,0,0,0,0,0,0,0,0,0,0,0,1,0,0,0,0,0,0,0,0,0,0,0,1
java.lang.NumberFormatException: multiple points
linha fdp!!!!
0.684842,0.052778,0.166667,0.726557,0.29199,0.56906,0.834646,0.854331,0.555118,0.3410.697849,0.075,0.212121,0.505369,0.30491,0.514683,0.838583,0.822835,0.507874,0.351317,1,0,0,0,0,0,0,0,0,0,0,0,0,0,0,0,0,0,0,0,0,0,0,0,0,0,0,0,0,0,0,0,0,0,0,0,0,0,0,0,0,1,0,0,1
java.lang.NumberFormatException: multiple points
linha fdp!!!!
0.529765,0.3,0.121212,0.270.535268,0.527778,0.075758,0.26199,0.26615,0.820289,0.866142,0.96063,0.625984,0.822947,1,0,0,0,0,0,0,0,0,0,0,0,0,0,0,0,0,0,0,0,0,0,0,0,0,0,0,0,0,0,0,0,1,0,0,0,0,0,0,0,0,0,0,0,10.535268,0.566667,0.136364,0.279885,0.26615,0.823381,0.846457,0.980315,0.661417,0.826014,1,0,0,0,0,0,0,0,0,0,0,0,0,0,0,0,0,0,0,0,0,0,0,0,0,0,0,0,0,0,0,0,1,0,0,0,0,0,0,0,0,0,0,0,1
java.lang.NumberFormatException: multiple points
linha fdp!!!!
0.535268,0.197222,0.166667,0.300644,0.24410.467734,0.133333,0.090909,0.23622,0.27261,0.275959,0.877953,0.889764,0.547244,0.277708,1,0,0,0,0,0,0,0,0,0,0,0,0,0,0,1,0,0,0,0,0,0,0,0,0,0,0,0,0,0,0,0,0,0,0,0,0,0,0,0,0,0,0,0,20.465233,0.158333,0.166667,0.214746,0.26615,0.27357,0.897638,0.854331,0.476378,0.273805,1,0,0,0,0,0,0,0,0,0,0,0,0,0,0,1,0,0,0,0,0,0,0,0,0,0,0,0,0,0,0,0,0,0,0,0,0,0,0,0,0,0,0,0,2
java.lang.NumberFormatException: multiple points
linha fdp!!!!
0.586293,0.925,0.045455,0.130279,0.232558,0.48883,0.834646,0.925197,0.630.515258,0.069444,0.19697,0.021475,0.224806,0.5581,0.838583,0.834646,0.523622,0.548306,1,0,0,0,0,0,0,0,0,0,0,0,0,0,0,0,0,0,0,0,0,0,0,0,0,0,1,0,0,0,0,0,0,0,0,0,0,0,0,0,0,0,0,0,2
java.lang.NumberFormatException: multiple points
linha fdp!!!!
0.432216,0.219444,0.121212,0.042949,0.236434,0.295068,0.900.567284,0.375,0.19697,0.163207,0.249354,0.654911,0.944882,0.92126,0.480315,0.482643,1,0,0,0,0,0,0,0,0,0,0,0,0,0,0,0,0,0,0,0,0,0,0,0,0,0,0,0,0,0,0,0,1,0,0,0,0,0,0,0,0,0,0,0,2
java.lang.NumberFormatException: multiple points
linha fdp!!!!
0.46023,0.019444,0.227273,0.173228,0.29710.541771,0.125,0.19697,0.405154,0.24031,0.603906,0.877953,0.834646,0.476378,0.62568,1,0,0,0,0,0,0,0,0,0,0,0,0,0,0,0,0,0,0,0,0,0,0,0,0,0,0,0,0,0,0,0,1,0,0,0,0,0,0,0,0,0,0,0,2
java.lang.NumberFormatException: multiple points
linha fdp!!!!
0.535268,0.113889,0.151515,0.064424,0.244186,0.672755,0.870079,0.0.548274,0.891667,0.242424,0.107373,0.280362,0.625966,0.692913,0.874016,0.728346,0.318416,1,0,0,0,0,0,0,0,0,0,0,0,0,0,0,0,0,0,0,0,0,0,0,0,0,0,0,0,0,0,0,0,0,1,0,0,0,0,0,0,0,0,0,0,20.551276,0.905556,0.227273,0.125268,0.286822,0.621751,0.712598,0.870079,0.708661,0.317719,1,0,0,0,0,0,0,0,0,0,0,0,0,0,0,0,0,0,0,0,0,0,0,0,0,0,0,0,0,0,0,0,0,1,0,0,0,0,0,0,0,0,0,0,2
java.lang.NumberFormatException: multiple points
linha fdp!!!!
0.531766,0.869444,0.121212,0.04796,0.231266,0.660812,0.783465,0.920.392696,0.911111,0.045455,0.030064,0.22093,0.088942,0.834646,0.929134,0.637795,0.220131,1,0,0,0,0,0,0,0,0,0,0,0,0,0,0,1,0,0,0,0,0,0,0,0,0,0,0,0,0,0,0,0,0,0,0,0,0,0,0,0,0,0,0,0,2
java.lang.NumberFormatException: multiple points
linha fdp!!!!
0.53977,0.444444,0.090909,0.211167,0.25969,0.558241,0.893701,0.90.413207,0.336111,0.106061,0.279885,0.223514,0.143178,0.913386,0.92126,0.531496,0.264046,1,0,0,0,0,0,0,0,0,0,0,0,0,0,0,1,0,0,0,0,0,0,0,0,0,0,0,0,0,0,0,0,0,0,0,0,0,0,0,0,0,0,0,0,20.410705,0.291667,0.166667,0.27917,0.217054,0.139104,0.940945,0.889764,0.456693,0.260421,1,0,0,0,0,0,0,0,0,0,0,0,0,0,0,1,0,0,0,0,0,0,0,0,0,0,0,0,0,0,0,0,0,0,0,0,0,0,0,0,0,0,0,0,2
java.lang.NumberFormatException: multiple points
linha fdp!!!!
0.481241,0.011111,0.257576,0.10952,0.0.465233,0.166667,0.333333,0.224052,0.293282,0.220599,0.909449,0.740157,0.307087,0.346856,1,0,0,0,0,0,0,0,0,0,0,0,0,0,0,0,0,0,0,0,0,0,0,0,0,0,0,0,0,0,0,0,1,0,0,0,0,0,0,0,0,0,0,0,2
java.lang.NumberFormatException: multiple points
linha fdp!!!!
0.506253,0.875,0.333333,0.173228,0.267442,0.361529,0.622040.357179,0.163889,0.015152,0.115963,0.25323,0.037656,0.866142,0.925197,0.598425,0.194619,1,0,0,0,0,0,0,0,0,0,0,0,1,0,0,0,0,0,0,0,0,0,0,0,0,0,0,0,0,0,0,0,0,0,0,0,0,0,0,0,0,0,0,0,1
java.lang.NumberFormatException: multiple points
linha fdp!!!!
0.0.365683,0.2,0.045455,0.194703,0.286822,0.109878,0.877953,0.917323,0.574803,0.117245,1,0,0,0,0,0,0,0,0,0,0,0,0,0,0,0,0,0,0,0,0,0,0,0,0,1,0,0,0,0,0,0,0,0,0,0,0,0,0,0,0,0,0,0,2
java.lang.NumberFormatException: multiple points
linha fdp!!!!
0.537269,0.780556,0.363636,0.228346,0.374677,0.60.497249,0.808333,0.166667,0,0.223514,0.377266,0.748031,0.937008,0.740157,0.334588,1,0,0,0,0,0,0,0,0,0,0,0,0,0,0,0,0,0,0,0,0,0,0,0,0,0,1,0,0,0,0,0,0,0,0,0,0,0,0,0,0,0,0,0,10.502251,0.811111,0.212121,0,0.223514,0.374596,0.712598,0.933071,0.771654,0.337097,1,0,0,0,0,0,0,0,0,0,0,0,0,0,0,0,0,0,0,0,0,0,0,0,0,0,1,0,0,0,0,0,0,0,0,0,0,0,0,0,0,0,0,0,1
java.lang.NumberFormatException: multiple points
linha fdp!!!!
0.561281,0.797222,0.30303,0.346457,0.228682,0.0.46073,0.897222,0.166667,0.042949,0.241602,0.25966,0.751969,0.897638,0.69685,0.282169,1,0,0,0,0,0,0,0,0,0,0,0,0,0,0,0,0,0,0,0,0,0,0,0,0,0,0,0,0,0,0,0,1,0,0,0,0,0,0,0,0,0,0,0,1
java.lang.NumberFormatException: multiple points
linha fdp!!!!
0.4980.389695,0.188889,0.121212,0.085898,0.24677,0.171983,0.901575,0.877953,0.5,0.051025,1,0,0,0,0,0,0,0,0,0,0,0,1,0,0,0,0,0,0,0,0,0,0,0,0,0,0,0,0,0,0,0,0,0,0,0,0,0,0,0,0,0,0,0,2
java.lang.NumberFormatException: multiple points
linha fdp!!!!
0.574787,0.986111,0.212121,0.04796,0.236434,0.50.492746,0.897222,0.136364,0.154617,0.276486,0.307011,0.771654,0.905512,0.685039,0.2844,1,0,0,0,0,0,0,0,0,0,0,0,0,0,0,0,0,0,0,0,0,0,0,0,0,0,0,0,0,0,0,0,1,0,0,0,0,0,0,0,0,0,0,0,2
java.lang.NumberFormatException: multiple points
linha fdp!!!!
0.392196,0.158333,0.257576,0.300644,0.2196380.561781,0.997222,0.227273,0.077309,0.24031,0.576226,0.775591,0.834646,0.594488,0.1422,1,0,0,0,0,0,0,0,0,0,0,0,0,0,0,0,0,0,0,0,0,0,0,0,0,0,0,0,0,0,0,0,1,0,0,0,0,0,0,0,0,0,0,0,2
java.lang.NumberFormatException: multiple points
linha fdp!!!!
0.576788,0.188889,0.121212,0.176807,0.276486,0.614023,0.901575,0.877953,0.5,0.120.477739,0.45,0.075758,0.214746,0.262274,0.274835,0.885827,0.948819,0.590551,0.169525,1,0,0,0,0,0,0,0,0,0,0,0,0,0,0,0,0,0,0,0,0,0,0,0,0,0,0,0,0,0,0,0,0,1,0,0,0,0,0,0,0,0,0,0,2
java.lang.NumberFormatException: multiple points
linha fdp!!!!
0.571786,0.233333,0.090909,0.136006,0.21447,0.577491,0.901575,0.90150.629815,0.322222,0.106061,0.23622,0.273902,0.733455,0.917323,0.917323,0.523622,0.152238,1,0,0,0,0,0,0,0,0,0,0,0,0,0,0,0,0,0,0,0,0,0,0,0,0,0,0,0,0,0,0,0,1,0,0,0,0,0,0,0,0,0,0,0,2
java.lang.NumberFormatException: multiple points
linha fdp!!!!
0.0.435218,0.125,0.015152,0.274875,0.187339,0.211466,0.862205,0.929134,0.610236,0.193503,1,0,0,0,0,0,0,0,0,0,0,0,0,0,0,0,0,0,0,0,0,0,0,0,0,0,0,0,0,0,0,0,1,0,0,0,0,0,0,0,0,0,0,0,2
java.lang.NumberFormatException: multiple points
linha fdp!!!!
0.713857,0.202778,0.090909,0.56470.541771,0.119444,0.121212,0.021475,0.226098,0.257271,0.874016,0.874016,0.531496,0.224871,1,0,0,0,0,0,0,0,0,0,0,0,0,0,0,0,0,0,0,0,0,0,0,0,0,0,1,0,0,0,0,0,0,0,0,0,0,0,0,0,0,0,0,0,1
java.lang.NumberFormatException: multiple points
linha fdp!!!!
0.432710.648824,0.1,0.212121,0.271296,0.335917,0.701419,0.858268,0.818898,0.484252,0.429527,1,0,0,0,0,0,0,0,0,0,0,0,0,0,0,0,0,0,0,0,0,0,0,0,0,0,0,0,0,0,0,0,0,1,0,0,0,0,0,0,0,0,0,0,1
java.lang.NumberFormatException: multiple points
linha fdp!!!!
0.582791,0.341667,0.242424,0.042949,0.22090.525763,0.366667,0.181818,0.021475,0.229974,0.211606,0.944882,0.917323,0.476378,0.195873,1,0,0,0,0,0,0,0,0,0,0,0,0,0,0,0,0,0,0,0,0,0,0,0,0,0,0,0,0,0,0,0,1,0,0,0,0,0,0,0,0,0,0,0,2
java.lang.NumberFormatException: multiple points
linha fdp!!!!
0.671836,0.777778,0.363636,0.128848,0.28553,0.643249,0.582677,0.925197,0.877953,0.4790190.656828,0.077778,0.363636,0.23121,0.301034,0.713222,0.799213,0.704724,0.401575,0.41712,1,0,0,0,0,0,0,0,0,0,0,0,0,0,0,0,0,0,0,0,0,0,0,0,0,1,0,0,0,0,0,0,0,0,0,0,0,0,0,0,0,0,0,0,2
java.lang.NumberFormatException: multiple points
linha fdp!!!!
0.634817,0.436111,0.106061,0.064424,0.228682,0.592525,0.8970.666833,0.219444,0.121212,0.215462,0.248062,0.770549,0.909449,0.889764,0.503937,0.384916,1,0,0,0,0,0,0,0,0,0,0,0,0,0,0,0,0,0,0,0,0,0,0,0,0,0,1,0,0,0,0,0,0,0,0,0,0,0,0,0,0,0,0,0,2
java.lang.NumberFormatException: multiple points
linha fdp!!!!
0.567284,0.219444,0.151515,0.130279,0.262274,0.210763,0.9173230.573787,0.311111,0.136364,0.030064,0.229974,0.384853,0.925197,0.909449,0.5,0.082811,1,0,0,0,0,0,0,0,0,0,0,0,0,0,0,0,0,0,0,0,0,0,0,0,0,0,0,0,0,0,0,0,1,0,0,0,0,0,0,0,0,0,0,0,10.571286,0.311111,0.136364,0.021475,0.223514,0.381762,0.933071,0.905512,0.488189,0.085878,1,0,0,0,0,0,0,0,0,0,0,0,0,0,0,0,0,0,0,0,0,0,0,0,0,0,0,0,0,0,0,0,1,0,0,0,0,0,0,0,0,0,0,0,1
java.lang.NumberFormatException: multiple points
linha fdp!!!!
0.48820.623312,0.472222,0.181818,0.212598,0.284238,0.51946,0.901575,0.964567,0.57874,0.103583,1,0,0,0,0,0,0,0,0,0,0,0,0,0,0,0,0,0,0,0,0,0,0,0,0,0,0,0,0,0,0,0,1,0,0,0,0,0,0,0,0,0,0,0,2
java.lang.NumberFormatException: multiple points
linha fdp!!!!
0.651826,0.4027780.678839,0.647222,0.075758,0.136006,0.249354,0.853309,0.834646,0.96063,0.665354,0.218179,1,0,0,0,0,0,0,0,0,0,0,0,0,0,0,0,0,0,0,0,0,0,0,0,0,1,0,0,0,0,0,0,0,0,0,0,0,0,0,0,0,0,0,0,1
java.lang.NumberFormatException: multiple points
linha fdp!!!!
0.60.63982,0.094444,0.045455,0.18325,0.22739,0.404665,0.862205,0.913386,0.586614,0.125471,1,0,0,0,0,0,0,0,0,0,0,0,0,0,0,0,0,0,0,0,0,0,0,0,0,0,1,0,0,0,0,0,0,0,0,0,0,0,0,0,0,0,0,0,2
java.lang.NumberFormatException: multiple points
linha fdp!!!!
0.698849,0.691667,0.378788,0.021475,0.24031,0.0.512756,0.222222,0.318182,0.064424,0.179587,0.066601,0.956693,0.775591,0.291339,0.309912,1,0,0,0,0,0,0,0,0,0,0,0,0,0,0,0,0,0,0,0,0,0,0,0,0,0,0,0,0,0,0,0,0,1,0,0,0,0,0,0,0,0,0,0,2
java.lang.NumberFormatException: multiple points
linha fdp!!!!
0.696848,0.144444,0.166667,0.09592,0.26615,0.40045,0.889764,0.850394,0.484252,0.30.607804,0.211111,0.060606,0.202577,0.281654,0.198117,0.885827,0.913386,0.562992,0.385473,1,0,0,0,0,0,0,0,0,0,0,0,0,0,0,0,0,0,0,0,0,0,0,0,0,0,0,0,0,0,0,0,1,0,0,0,0,0,0,0,0,0,0,0,1
java.lang.NumberFormatException: multiple points
linha fdp!!!!
0.693847,0.861111,0.106061,0,0.0.783892,0.861111,0.287879,0.335719,0.326873,0.701419,0.645669,0.877953,0.779528,0.091733,1,0,0,0,0,0,0,0,0,0,0,0,0,0,0,0,0,0,0,0,0,0,0,0,0,0,0,0,0,0,0,0,0,0,0,0,0,0,0,0,0,0,0,1,10.788394,0.855556,0.333333,0.352183,0.338501,0.698047,0.610236,0.866142,0.799213,0.088945,1,0,0,0,0,0,0,0,0,0,0,0,0,0,0,0,0,0,0,0,0,0,0,0,0,0,0,0,0,0,0,0,0,0,0,0,0,0,0,0,0,0,0,1,1
java.lang.NumberFormatException: multiple points
linha fdp!!!!
0.341671,0.133333,0.409091,0.150322,0.30.654827,0.941667,0.30303,0.04796,0.250646,0.343263,0.681102,0.814961,0.673228,0.331242,1,0,0,0,0,0,0,0,0,0,0,0,0,0,0,0,0,0,0,0,0,0,0,0,0,0,0,0,0,0,0,0,0,1,0,0,0,0,0,0,0,0,0,0,10.656328,0.972222,0.30303,0.068003,0.258398,0.341577,0.704724,0.795276,0.61811,0.327478,1,0,0,0,0,0,0,0,0,0,0,0,0,0,0,0,0,0,0,0,0,0,0,0,0,0,0,0,0,0,0,0,0,1,0,0,0,0,0,0,0,0,0,0,1
java.lang.NumberFormatException: multiple points
linha fdp!!!!
0.405703,0.922222,0.333333,0.064424,0.276486,0.209217,0.64960.503252,0.630556,0.348485,0.193271,0.363049,0.225095,0.708661,1,0.795276,0.200195,0,0,1,0,0,0,0,0,0,0,0,0,0,0,0,0,0,0,0,0,0,0,0,0,0,0,0,0,0,0,0,0,0,0,0,0,1,0,0,0,0,0,0,0,2
java.lang.NumberFormatException: multiple points
linha fdp!!!!
0.72036,0.05,0.136364,0.182534,0.270026,0.27905,0.838583,0.870079,0.0.464732,0.925,0.287879,0.09592,0.226098,0.188422,0.681102,0.834646,0.692913,0.27241,0,0,1,0,0,0,0,0,0,0,0,0,0,0,0,0,1,0,0,0,0,0,0,0,0,0,0,0,0,0,0,0,0,0,0,0,0,0,0,0,0,0,0,0,6
java.lang.NumberFormatException: multiple points
linha fdp!!!!
0.518759,0.944444,0.3780.564782,0.016667,0.19697,0.289191,0.275194,0.122945,0.799213,0.84252,0.57874,0.108881,0,0,1,0,0,0,0,0,0,0,0,0,0,0,0,0,0,0,0,0,0,0,0,0,0,0,0,0,0,0,0,0,0,0,1,0,0,0,0,0,0,0,0,0,20.565783,0.997222,0.181818,0.303508,0.25969,0.122524,0.791339,0.854331,0.602362,0.104698,0,0,1,0,0,0,0,0,0,0,0,0,0,0,0,0,0,0,0,0,0,0,0,0,0,0,0,0,0,0,0,0,0,0,1,0,0,0,0,0,0,0,0,0,2
java.lang.NumberFormatException: multiple points
linha fdp!!!!
0.438719,0.144444,0.166667,0.115963,0.229974,0.15340.494747,0.677778,0.378788,0.154617,0.356589,0.224814,0.641732,0.984252,0.858268,0.238533,0,0,1,0,0,0,0,1,0,0,0,0,0,0,0,0,0,0,0,0,0,0,0,0,0,0,0,0,0,0,0,0,0,0,0,0,0,0,0,0,0,0,0,0,20.50025,0.655556,0.348485,0.163207,0.351421,0.224392,0.685039,0.996063,0.822835,0.242716,0,0,1,0,0,0,0,1,0,0,0,0,0,0,0,0,0,0,0,0,0,0,0,0,0,0,0,0,0,0,0,0,0,0,0,0,0,0,0,0,0,0,0,0,2
java.lang.NumberFormatException: multiple points
linha fdp!!!!
0.418209,0.869444,0.363636,0.085898,0.270026,0.053955,0.582677,0.84252,0.795276,0.080.531766,0.727778,0.181818,0.060845,0.241602,0.262049,0.751969,0.968504,0.76378,0.167433,0,0,1,0,0,0,0,0,0,0,0,0,0,0,0,0,0,0,0,0,0,0,0,0,0,0,0,0,0,0,0,0,0,0,0,0,1,0,0,0,0,0,0,0,2
java.lang.NumberFormatException: multiple points
linha fdp!!!!
0.123562,0.741667,0.409091,0.064424,0.267442,0.173809,0.562992,0.940945,0.0.521761,0.911111,0.19697,0.068003,0.25969,0.150625,0.73622,0.88189,0.692913,0.291092,0,0,1,0,0,0,0,0,0,0,0,0,0,0,0,0,0,0,0,0,0,0,0,0,0,0,0,0,0,0,0,0,0,0,1,0,0,0,0,0,0,0,0,0,2
java.lang.NumberFormatException: multiple points
linha fdp!!!!
0.688344,0.130556,0.287879,0.060845,0.23380.683842,0.5,0.409091,0.115963,0.288114,0.480961,0.862205,0.96063,0.551181,0.427436,1,0,0,0,0,0,0,0,0,0,0,0,0,0,0,0,0,0,0,0,0,0,0,0,0,1,0,0,0,0,0,0,0,0,0,0,0,0,0,0,0,0,0,0,1
java.lang.NumberFormatException: multiple points
linha fdp!!!!
0.150.538269,0.694444,0.242424,0.021475,0.236434,0.03583,0.728346,0.984252,0.795276,0.172313,0,0,1,0,0,0,0,0,0,0,0,0,0,0,0,0,0,0,0,0,0,0,0,0,0,0,0,0,0,0,0,0,0,0,0,1,0,0,0,0,0,0,0,0,2
java.lang.NumberFormatException: multiple points
linha fdp!!!!
0.201101,0.911111,0.393939,0.182534,0.333333,0.156800.262631,0.038889,0.166667,0,0.223514,0.164395,0.826772,0.854331,0.566929,0.1422,0,0,0,1,0,0,0,0,0,0,0,0,0,1,0,0,0,0,0,0,0,0,0,0,0,0,0,0,0,0,0,0,0,0,0,0,0,0,0,0,0,0,0,0,3
java.lang.NumberFormatException: multiple points
linha fdp!!!!
0.281141,0.913889,0.378788,0.303508,0.0.527264,0.652778,0.121212,0.211167,0.310078,0.27357,0.814961,0.972441,0.700787,0.16353,0,0,1,0,0,0,0,0,0,0,0,0,0,0,0,0,0,0,0,0,0,0,0,0,0,0,0,0,0,0,0,0,0,0,0,1,0,0,0,0,0,0,0,0,2
java.lang.NumberFormatException: multiple points
linha fdp!!!!
0.51926,0.983333,0.181818,0.090909,0.241602,0.267669,0.787402,0.858268,0.6140.550775,0.852778,0.212121,0.125268,0.264858,0.194323,0.712598,0.909449,0.748031,0.445002,1,0,0,0,0,0,0,0,0,0,0,0,0,0,0,0,0,0,0,0,0,0,0,0,0,1,0,0,0,0,0,0,0,0,0,0,0,0,0,0,0,0,0,0,1
java.lang.NumberFormatException: multiple points
linha fdp!!!!
0.51976,0.238889,0.20.544772,0.919444,0.393939,0.151754,0.343669,0.375158,0.598425,0.779528,0.712598,0.052837,0,0,1,0,0,0,0,0,0,0,0,0,0,0,0,0,0,0,0,0,0,0,0,0,0,0,0,0,0,0,0,0,0,0,0,0,1,0,0,0,0,0,0,0,2
java.lang.NumberFormatException: multiple points
linha fdp!!!!
0.291146,0.016667,0.227273,0.387258,0.348837,0.114515,0.787402,0.822835,0.5660.304652,0.336111,0.166667,0.085898,0.254522,0.069833,0.937008,0.909449,0.480315,0.195873,0,0,0,1,0,0,0,0,0,1,0,0,0,0,0,0,0,0,0,0,0,0,0,0,0,0,0,0,0,0,0,0,0,0,0,0,0,0,0,0,0,0,0,0,6
java.lang.NumberFormatException: multiple points
linha fdp!!!!
0.553277,0.394444,0.348485,0.299213,0.0.647824,0.277778,0.166667,0.339298,0.352713,0.072081,0.937008,0.885827,0.456693,0.100655,0,0,1,0,0,0,0,0,0,0,0,0,0,0,0,0,0,0,0,0,0,0,0,0,0,0,0,0,0,0,0,0,0,0,0,1,0,0,0,0,0,0,0,0,1
java.lang.NumberFormatException: multiple points
linha fdp!!!!
0.56078,0.513889,0.363636,0.064424,0.236434,0.1340.510255,0.475,0.242424,0.042949,0.235142,0.151749,0.901575,0.968504,0.566929,0.273107,0,0,1,0,0,0,0,0,0,0,0,0,0,0,0,0,0,0,0,0,0,0,0,0,0,0,0,0,0,0,0,0,0,0,0,0,1,0,0,0,0,0,0,0,20.509755,0.475,0.257576,0.042949,0.236434,0.151749,0.905512,0.964567,0.555118,0.276314,0,0,1,0,0,0,0,0,0,0,0,0,0,0,0,0,0,0,0,0,0,0,0,0,0,0,0,0,0,0,0,0,0,0,0,0,1,0,0,0,0,0,0,0,2
java.lang.NumberFormatException: multiple points
linha fdp!!!!
0.291146,0.166660.491746,0.419444,0.212121,0.150322,0.303618,0.113953,0.933071,0.940945,0.507874,0.416702,0,0,1,0,0,0,0,0,0,0,0,0,0,0,1,0,0,0,0,0,0,0,0,0,0,0,0,0,0,0,0,0,0,0,0,0,0,0,0,0,0,0,0,0,20.489745,0.391667,0.227273,0.151754,0.299742,0.109737,0.944882,0.925197,0.476378,0.412659,0,0,1,0,0,0,0,0,0,0,0,0,0,0,1,0,0,0,0,0,0,0,0,0,0,0,0,0,0,0,0,0,0,0,0,0,0,0,0,0,0,0,0,0,2
java.lang.NumberFormatException: multiple points
linha fdp!!!!
0.546273,0.180556,0.348485,0.204009,0.419897,0.04145,0.92126,0.732283,0.279528,0.0.487244,0.238889,0.227273,0.455261,0.351421,0.059154,0.948819,0.84252,0.389764,0.153492,0,0,1,0,0,0,0,0,0,0,0,0,0,0,1,0,0,0,0,0,0,0,0,0,0,0,0,0,0,0,0,0,0,0,0,0,0,0,0,0,0,0,0,0,2
java.lang.NumberFormatException: multiple points
linha fdp!!!!
0.5200.626813,0.777778,0.19697,0.021475,0.218346,0.522833,0.728346,0.948819,0.771654,0.272271,1,0,0,0,0,0,0,0,0,0,0,0,0,0,0,0,0,0,0,0,0,0,0,0,0,0,1,0,0,0,0,0,0,0,0,0,0,0,0,0,0,0,0,0,1
java.lang.NumberFormatException: multiple points
linha fdp!!!!
0.563782,0.502778,0.136364,0.387258,0.10.467734,0.577778,0.242424,0.250537,0.351421,0.124491,0.814961,0.996063,0.69685,0.269343,0,0,1,0,0,0,0,1,0,0,0,0,0,0,0,0,0,0,0,0,0,0,0,0,0,0,0,0,0,0,0,0,0,0,0,0,0,0,0,0,0,0,0,0,5
java.lang.NumberFormatException: multiple points
linha fdp!!!!
0.542771,0.227778,0.212121,0.060840.42021,0.230556,0.090909,0.287759,0.341085,0.073627,0.897638,0.905512,0.53937,0.012547,0,0,1,0,0,0,0,0,0,0,0,0,0,1,0,0,0,0,0,0,0,0,0,0,0,0,0,0,0,0,0,0,0,0,0,0,0,0,0,0,0,0,0,0,3
java.lang.NumberFormatException: multiple points
linha fdp!!!!
0.441221,0.35,0.090909,0.064424,0.210.403202,0.069444,0.060606,0,0.223514,0.211184,0.858268,0.909449,0.590551,0.192806,0,0,1,0,0,0,0,0,0,0,0,0,0,0,0,0,0,0,0,0,1,0,0,0,0,0,0,0,0,0,0,0,0,0,0,0,0,0,0,0,0,0,0,0,20.403202,0,0.015152,0,0.223514,0.213011,0.854331,0.929134,0.614173,0.19197,0,0,1,0,0,0,0,0,0,0,0,0,0,0,0,0,0,0,0,0,1,0,0,0,0,0,0,0,0,0,0,0,0,0,0,0,0,0,0,0,0,0,0,0,1
java.lang.NumberFormatException: multiple points
linha fdp!!!!
0.513257,0.736111,0.19697,0.355760.623312,0.108333,0.090909,0.115963,0.262274,0.227343,0.866142,0.893701,0.559055,0.433152,0,0,1,0,0,0,0,0,0,0,0,0,0,0,0,0,0,0,0,0,0,0,0,0,0,0,1,0,0,0,0,0,0,0,0,0,0,0,0,0,0,0,0,0,10.621811,0.188889,0.121212,0.09592,0.258398,0.22664,0.901575,0.877953,0.5,0.434267,0,0,1,0,0,0,0,0,0,0,0,0,0,0,0,0,0,0,0,0,0,0,0,0,0,0,1,0,0,0,0,0,0,0,0,0,0,0,0,0,0,0,0,0,1
java.lang.NumberFormatException: multiple points
linha fdp!!!!
0.391196,0.691667,0.287879,0,0.223514,0.137277,0.690.344672,0.155556,0.318182,0.04796,0.242894,0.050724,0.897638,0.751969,0.34252,0.229332,0,0,1,0,0,0,0,0,0,0,0,0,0,1,0,0,0,0,0,0,0,0,0,0,0,0,0,0,0,0,0,0,0,0,0,0,0,0,0,0,0,0,0,0,60.34017,0.155556,0.287879,0.030064,0.237726,0.051286,0.901575,0.775591,0.374016,0.226683,0,0,1,0,0,0,0,0,0,0,0,0,0,1,0,0,0,0,0,0,0,0,0,0,0,0,0,0,0,0,0,0,0,0,0,0,0,0,0,0,0,0,0,0,6
java.lang.NumberFormatException: multiple points
linha fdp!!!!
0.592296,0.627778,0.333333,0.410165,0.677003,0.320.526763,0.063889,0.212121,0.365784,0.370801,0.397639,0.830709,0.822835,0.515748,0.046703,0,0,1,0,0,0,0,0,0,0,0,0,0,0,0,0,0,0,0,0,0,0,0,0,0,0,0,0,0,0,0,0,0,0,0,1,0,0,0,0,0,0,0,0,1
java.lang.NumberFormatException: multiple points
linha fdp!!!!
0.650325,0.008333,0.242424,0.837509,0.598191,0.404805,0.77160.714857,0.972222,0.106061,0.211167,0.307494,0.438387,0.818898,0.897638,0.625984,0.430922,0,0,1,0,0,0,0,0,0,0,0,0,0,0,0,0,0,0,0,0,0,0,0,0,0,0,0,1,0,0,0,0,0,0,0,0,0,0,0,0,0,0,0,0,20.715358,0.972222,0.151515,0.204009,0.308786,0.438387,0.795276,0.88189,0.625984,0.435104,0,0,1,0,0,0,0,0,0,0,0,0,0,0,0,0,0,0,0,0,0,0,0,0,0,0,0,1,0,0,0,0,0,0,0,0,0,0,0,0,0,0,0,0,2
java.lang.NumberFormatException: multiple points
linha fdp!!!!
0.364682,0.286111,0.166667,0.060845,0.22739,0.279191,0.9409450.695348,0.294444,0.121212,0.14388,0.21447,0.410285,0.917323,0.909449,0.511811,0.124355,1,0,0,0,0,0,0,0,0,0,0,0,0,0,0,0,0,0,0,0,0,0,0,0,0,0,1,0,0,0,0,0,0,0,0,0,0,0,0,0,0,0,0,0,10.693347,0.316667,0.121212,0.163207,0.210594,0.408037,0.917323,0.917323,0.515748,0.122961,1,0,0,0,0,0,0,0,0,0,0,0,0,0,0,0,0,0,0,0,0,0,0,0,0,0,1,0,0,0,0,0,0,0,0,0,0,0,0,0,0,0,0,0,1
java.lang.NumberFormatException: multiple points
linha fdp!!!!
0.740.671336,0.308333,0.106061,0.09592,0.217054,0.336237,0.913386,0.917323,0.527559,0.146382,1,0,0,0,0,0,0,0,0,0,0,0,0,0,0,0,0,0,0,0,0,0,0,0,0,1,0,0,0,0,0,0,0,0,0,0,0,0,0,0,0,0,0,0,1
java.lang.NumberFormatException: multiple points
linha fdp!!!!
0.570.341171,0.163889,0.106061,0.298497,0.27261,0.139104,0.889764,0.889764,0.527559,0.192528,0,0,1,0,0,0,0,0,0,0,0,0,0,0,1,0,0,0,0,0,0,0,0,0,0,0,0,0,0,0,0,0,0,0,0,0,0,0,0,0,0,0,0,0,5
java.lang.NumberFormatException: multiple points
linha fdp!!!!
0.731360.726363,0.5,0.212121,0.476736,0.364341,0.39792,0.885827,0.976378,0.602362,0.159208,0,0,1,0,0,0,0,0,0,0,0,0,0,0,0,0,0,0,0,0,0,0,0,0,0,0,0,0,0,0,0,0,0,0,0,0,1,0,0,0,0,0,0,0,1
java.lang.NumberFormatException: multiple points
linha fdp!!!!
0.652826,0.202778,0.090909,0.090909,0.22739,0.275678,0.893701,0.901575,0.535433,0.077090.489245,0.408333,0.242424,0.516106,0.361757,0.401714,0.940945,0.933071,0.484252,0.251777,0,0,1,0,0,0,0,0,0,0,0,0,0,1,0,0,0,0,0,0,0,0,0,0,0,0,0,0,0,0,0,0,0,0,0,0,0,0,0,0,0,0,0,0,2
java.lang.NumberFormatException: multiple points
linha fdp!!!!
0.763382,0.527778,0.242424,0.455261,0.484496,0.324294,0.858268,0.988189,0.633858,0.132850.421711,0.383333,0.272727,0.18325,0.31137,0.345932,0.96063,0.909449,0.425197,0.316465,0,0,1,0,0,0,0,1,0,0,0,0,0,0,0,0,0,0,0,0,0,0,0,0,0,0,0,0,0,0,0,0,0,0,0,0,0,0,0,0,0,0,0,0,3
java.lang.NumberFormatException: multiple points
linha fdp!!!!
0.402201,0.283333,0.363636,0.060845,0.262274,0.337923,0.992126,0.0.6008,0.2,0.015152,0.365068,0.30491,0.412814,0.862205,0.933071,0.606299,0.109438,0,0,1,0,0,0,0,0,0,0,0,0,0,0,0,0,0,0,0,0,0,0,0,0,0,0,0,0,0,0,0,0,0,0,0,1,0,0,0,0,0,0,0,0,20.601301,0.102778,0.075758,0.355762,0.306202,0.409021,0.866142,0.901575,0.570866,0.112366,0,0,1,0,0,0,0,0,0,0,0,0,0,0,0,0,0,0,0,0,0,0,0,0,0,0,0,0,0,0,0,0,0,0,0,1,0,0,0,0,0,0,0,0,2
java.lang.NumberFormatException: multiple points
linha fdp!!!!
0.552276,0.197222,0.257576,0.282749,0.321705,0.2630.478239,0.275,0.045455,0.021475,0.222222,0.268934,0.88189,0.925197,0.574803,0.346856,0,0,1,0,0,0,0,0,0,0,0,0,0,0,0,0,0,0,0,0,0,0,0,0,0,0,0,0,0,1,0,0,0,0,0,0,0,0,0,0,0,0,0,0,5
java.lang.NumberFormatException: multiple points
linha fdp!!!!
0.598299,0.102778,0.212121,0.695777,0.198966,0.190811,0.862205,0.814961,0.476378,0.350.516758,0.538889,0.318182,0.125268,0.24031,0.238584,0.830709,0.992126,0.649606,0.33417,0,0,1,0,0,0,0,0,0,0,0,0,0,0,0,0,0,0,0,0,0,0,0,0,0,0,0,0,0,0,0,0,0,0,0,0,1,0,0,0,0,0,0,0,20.518759,0.572222,0.363636,0.130279,0.248062,0.234649,0.775591,0.996063,0.708661,0.337237,0,0,1,0,0,0,0,0,0,0,0,0,0,0,0,0,0,0,0,0,0,0,0,0,0,0,0,0,0,0,0,0,0,0,0,0,1,0,0,0,0,0,0,0,2
java.lang.NumberFormatException: multiple points
linha fdp!!!!
0.66083,0.147222,0.2270.564282,0.844444,0.378788,0.215462,0.302326,0.273149,0.566929,0.858268,0.830709,0.205911,0,0,1,0,0,0,0,0,0,0,0,0,0,0,0,0,0,0,0,0,0,0,0,0,0,0,0,0,0,0,0,0,0,0,0,0,1,0,0,0,0,0,0,0,20.570785,0.85,0.439394,0.219041,0.319121,0.275818,0.511811,0.826772,0.84252,0.209675,0,0,1,0,0,0,0,0,0,0,0,0,0,0,0,0,0,0,0,0,0,0,0,0,0,0,0,0,0,0,0,0,0,0,0,0,1,0,0,0,0,0,0,0,2
java.lang.NumberFormatException: multiple points
linha fdp!!!!
0.558779,0.080556,0.30303,0.167502,0.374677,0.190249,0.822835,0.0.61981,0.844444,0.393939,0.193271,0.322997,0.394689,0.547244,0.850394,0.838583,0.359264,0,0,1,0,0,0,0,0,0,0,0,0,0,0,0,0,0,0,0,0,0,0,0,0,0,0,0,0,0,0,0,0,0,0,0,0,1,0,0,0,0,0,0,0,1
java.lang.NumberFormatException: multiple points
linha fdp!!!!
0.565783,0.563889,0.0.590795,0.997222,0.318182,0.215462,0.457364,0.103695,0.724409,0.775591,0.574803,0.43608,0,0,1,0,0,0,0,0,0,0,0,0,0,0,0,0,0,0,0,0,0,0,0,0,0,0,0,1,0,0,0,0,0,0,0,0,0,0,0,0,0,0,0,0,2
java.lang.NumberFormatException: multiple points
linha fdp!!!!
0.648824,0.8970.747374,0.3,0.181818,0.265569,0.276486,0.166924,0.944882,0.889764,0.448819,0.389795,1,0,0,0,0,0,0,0,0,0,0,0,0,0,0,0,0,0,0,0,0,0,0,0,0,0,0,0,0,0,0,0,0,0,0,0,0,0,0,0,0,1,0,0,1
java.lang.NumberFormatException: multiple points
linha fdp!!!!
0.622811,0.016667,0.257576,0.0.685343,0.230556,0.121212,0.455261,0.47416,0.38401,0.909449,0.893701,0.503937,0.430085,0,0,1,0,0,0,0,0,0,0,0,0,0,0,0,0,0,0,0,0,0,0,0,0,0,0,0,0,0,0,0,0,0,0,1,0,0,0,0,0,0,0,0,0,1
java.lang.NumberFormatException: multiple points
linha fdp!!!!
0.650.67984,0.477778,0.272727,0.042949,0.236434,0.58002,0.901575,0.964567,0.555118,0.445839,0,0,1,0,0,0,0,0,0,0,0,0,0,0,0,0,0,0,0,0,0,0,0,0,0,1,0,0,0,0,0,0,0,0,0,0,0,0,0,0,0,0,0,0,1
java.lang.NumberFormatException: multiple points
linha fdp!!!!
0.673337,0.75,0.166667,0.09592,0.244186,0.422228,0.755906,0.9600.623312,0.233333,0.030303,0,0.223514,0.540818,0.874016,0.925197,0.586614,0.440123,0,0,1,0,0,0,0,0,0,0,0,0,0,0,0,0,0,0,0,0,0,0,0,0,0,1,0,0,0,0,0,0,0,0,0,0,0,0,0,0,0,0,0,0,1
java.lang.NumberFormatException: multiple points
linha fdp!!!!
0.481241,0.630556,0.333333,0.042949,0.230.684342,0.144444,0.378788,0.077309,0.241602,0.600815,0.88189,0.700787,0.291339,0.47637,0,0,1,0,0,0,0,0,0,0,0,0,0,0,0,0,0,0,0,0,0,0,0,0,0,1,0,0,0,0,0,0,0,0,0,0,0,0,0,0,0,0,0,0,1
java.lang.NumberFormatException: multiple points
linha fdp!!!!
0.515258,0.647222,0.484848,0.125268,0.324289,0.182942,0.598425,0.976378,0.858268,0.00.605303,0.233333,0.075758,0,0.223514,0.193902,0.893701,0.909449,0.547244,0.444026,0,0,1,0,0,0,0,0,0,0,0,0,0,0,0,0,0,0,0,0,0,0,0,0,0,0,1,0,0,0,0,0,0,0,0,0,0,0,0,0,0,0,0,0,1
java.lang.NumberFormatException: multiple points
linha fdp!!!!
0.650325,0.386111,0.212121,0.077309,0.20.670835,0.886111,0.363636,0.259127,0.346253,0.516088,0.590551,0.826772,0.771654,0.476927,0,0,1,0,0,0,0,0,0,0,0,0,0,0,0,0,0,0,0,0,0,0,0,0,0,0,0,0,0,0,0,0,0,0,0,0,0,0,0,0,0,0,0,1,10.674337,0.916667,0.333333,0.27917,0.355297,0.512154,0.641732,0.818898,0.716535,0.476927,0,0,1,0,0,0,0,0,0,0,0,0,0,0,0,0,0,0,0,0,0,0,0,0,0,0,0,0,0,0,0,0,0,0,0,0,0,0,0,0,0,0,0,1,1
java.lang.NumberFormatException: multiple points
linha fdp!!!!
0.722361,0.225,0.166667,0.085898,0.183463,0.2801740.555278,0.363889,0.19697,0.021475,0.232558,0.029788,0.948819,0.913386,0.468504,0.132023,1,0,0,0,0,0,0,0,0,0,0,0,0,0,0,0,0,0,0,0,0,0,0,0,0,0,1,0,0,0,0,0,0,0,0,0,0,0,0,0,0,0,0,0,1
java.lang.NumberFormatException: multiple points
linha fdp!!!!
0.0.672336,0.191667,0.19697,0.10952,0.202842,0.227765,0.917323,0.84252,0.433071,0.34128,1,0,0,0,0,0,0,0,0,0,0,0,0,0,0,0,0,0,0,0,0,0,0,0,0,1,0,0,0,0,0,0,0,0,0,0,0,0,0,0,0,0,0,0,1
java.lang.NumberFormatException: multiple points
linha fdp!!!!
0.669335,0.958333,0.257576,0.021475,0.232558,0.390614,0.720472,0.826772,0.641730.635318,0.325,0.257576,0.259127,0.337209,0.118027,0.968504,0.874016,0.389764,0.215949,0,0,1,0,0,0,0,0,0,0,0,0,0,0,0,0,0,0,0,0,0,0,0,0,0,0,0,0,0,0,0,0,0,0,0,1,0,0,0,0,0,0,0,0,2
java.lang.NumberFormatException: multiple points
linha fdp!!!!
0.707854,0.513889,0.166667,0.259127,0.280362,0.621891,0.874016,0.976378,0.61810.5993,0.986111,0.19697,0.115963,0.26615,0.013348,0.783465,0.858268,0.614173,0.120452,1,0,0,0,0,0,0,0,0,0,0,0,0,0,0,0,0,0,0,0,0,0,0,0,0,1,0,0,0,0,0,0,0,0,0,0,0,0,0,0,0,0,0,0,20.6008,0.991667,0.151515,0.125268,0.27261,0.012646,0.80315,0.870079,0.610236,0.116548,1,0,0,0,0,0,0,0,0,0,0,0,0,0,0,0,0,0,0,0,0,0,0,0,0,1,0,0,0,0,0,0,0,0,0,0,0,0,0,0,0,0,0,0,2
java.lang.NumberFormatException: multiple points
linha fdp!!!!
0.61931,0.477770.706853,0.875,0.136364,0.042949,0.235142,0.677392,0.771654,0.917323,0.692913,0.421302,0,0,1,0,0,0,0,0,0,0,0,0,0,0,0,0,0,0,0,0,0,0,0,0,0,0,0,0,0,0,0,0,0,0,0,1,0,0,0,0,0,0,0,0,1
java.lang.NumberFormatException: multiple points
linha fdp!!!!
0.684842,0.308333,0.287879,0.198282,0.320413,0.211747,0.980315,0.850394,0.34250.790895,0.738889,0.227273,0.068003,0.250646,0.741183,0.708661,0.964567,0.80315,0.55221,0,0,1,0,0,0,0,0,0,0,0,0,0,0,0,0,0,0,0,0,0,0,0,0,0,0,0,0,0,0,0,0,0,0,0,0,0,0,0,0,0,1,0,0,7
java.lang.NumberFormatException: multiple points
linha fdp!!!!
0.653827,0.619444,0.166667,0.04796,0.218346,0.415063,0.807087,0.9880.906453,0.963889,0.19697,0.809592,0.631783,0.747225,0.771654,0.862205,0.637795,0.52614,0,0,1,0,0,0,0,0,0,0,0,0,0,0,0,0,0,0,0,0,0,0,0,0,0,0,0,0,0,0,0,0,0,0,0,0,0,0,0,0,0,0,0,1,70.907454,0.977778,0.19697,0.817466,0.634367,0.743572,0.771654,0.854331,0.622047,0.522376,0,0,1,0,0,0,0,0,0,0,0,0,0,0,0,0,0,0,0,0,0,0,0,0,0,0,0,0,0,0,0,0,0,0,0,0,0,0,0,0,0,0,0,1,7
java.lang.NumberFormatException: multiple points
linha fdp!!!!
0.624812,0.944444,0.075758,0.292054,0.250.595798,0.875,0.121212,0,0.223514,0.011943,0.779528,0.917323,0.688976,0.063293,0,1,0,0,0,0,0,0,0,0,0,0,0,0,0,0,0,0,0,0,0,0,0,0,0,1,0,0,0,0,0,0,0,0,0,0,0,0,0,0,0,0,0,0,10.597299,0.875,0.136364,0,0.223514,0.015175,0.767717,0.917323,0.69685,0.06399,0,1,0,0,0,0,0,0,0,0,0,0,0,0,0,0,0,0,0,0,0,0,0,0,0,1,0,0,0,0,0,0,0,0,0,0,0,0,0,0,0,0,0,0,1
java.lang.NumberFormatException: multiple points
linha fdp!!!!
0.502251,0.016667,0.257576,0.04796,0.24677,0.080933,0.70.615308,0.916667,0.121212,0.163207,0.228682,0.056765,0.795276,0.909449,0.661417,0.101073,0,1,0,0,0,0,0,0,0,0,0,0,0,0,0,0,0,0,0,0,0,0,0,0,0,0,1,0,0,0,0,0,0,0,0,0,0,0,0,0,0,0,0,0,1
java.lang.NumberFormatException: multiple points
linha fdp!!!!
0.527264,0.313889,0.0600.936468,0.925,0.212121,0.67287,0.591731,0.746241,0.732283,0.870079,0.685039,0.477485,0,0,1,0,0,0,0,0,0,0,0,0,0,0,0,0,0,0,0,0,0,0,0,0,0,0,0,0,0,0,0,0,0,0,0,0,0,0,0,0,0,0,0,1,7
java.lang.NumberFormatException: multiple points
linha fdp!!!!
0.656828,0.2220.76038,0.827778,0.30303,0.626342,0.534884,0.573556,0.629921,0.901575,0.814961,0.340862,0,0,1,0,0,0,0,0,0,0,0,0,0,0,0,0,0,0,0,0,0,0,0,0,0,0,0,0,0,0,0,0,0,0,0,0,1,0,0,0,0,0,0,0,2
java.lang.NumberFormatException: multiple points
linha fdp!!!!
0.688344,0.80.683842,0.45,0.272727,0.060845,0.24031,0.179149,0.925197,0.952756,0.515748,0.364143,1,0,0,0,0,0,0,0,0,0,0,0,0,0,0,0,0,0,0,0,0,0,0,0,0,1,0,0,0,0,0,0,0,0,0,0,0,0,0,0,0,0,0,0,1
java.lang.NumberFormatException: multiple points
linha fdp!!!!
0.605803,0.330.582791,0.936111,0.212121,0.060845,0.245478,0.068568,0.744094,0.866142,0.669291,0.23937,0,0,1,0,0,0,0,0,0,0,0,0,0,0,0,0,0,0,0,0,0,0,0,0,0,0,1,0,0,0,0,0,0,0,0,0,0,0,0,0,0,0,0,0,1
java.lang.NumberFormatException: multiple points
BYTES READ -1
learning evaluation instances,Wall Time (Actual Time),Avg Delay (ms),outRate (inst/s),classified instances,classifications correct (percent),Kappa Statistic (percent),Kappa Temporal Statistic (percent),Kappa M Statistic (percent),F1 Score (percent),F1 Score for class 0 (percent),F1 Score for class 1 (percent),F1 Score for class 2 (percent),F1 Score for class 3 (percent),F1 Score for class 4 (percent),F1 Score for class 5 (percent),F1 Score for class 6 (percent),Precision (percent),Precision for class 0 (percent),Precision for class 1 (percent),Precision for class 2 (percent),Precision for class 3 (percent),Precision for class 4 (percent),Precision for class 5 (percent),Precision for class 6 (percent),Recall (percent),Recall for class 0 (percent),Recall for class 1 (percent),Recall for class 2 (percent),Recall for class 3 (percent),Recall for class 4 (percent),Recall for class 5 (percent),Recall for class 6 (percent),model training instances,model serialized size (bytes),ensemble size,[avg] model training instances,[err] model training instances,[avg] model serialized size (bytes),[err] model serialized size (bytes),[avg] tree size (nodes),[err] tree size (nodes),[avg] tree size (leaves),[err] tree size (leaves),[avg] active learning leaves,[err] active learning leaves,[avg] tree depth,[err] tree depth,[avg] active leaf byte size estimate,[err] active leaf byte size estimate,[avg] inactive leaf byte size estimate,[err] inactive leaf byte size estimate,[avg] byte size estimate overhead,[err] byte size estimate overhead
176000.0,599.7369995117188,3900.0,293.46197509765625,174000.0,73.75114942528735,55.27680470896122,-434.6248390495147,49.14769247898458,51.28188860402347,3.053435114503817,72.43114787597158,78.77075748157357,68.30633092588978,73.69242779078846,22.494211048627193,18.382677861246133,57.321628080119055,2.2346368715083798,74.4314823456214,73.92210173234581,66.51881890761628,78.40531561461795,53.54330708661418,52.19573400250941,46.393590592847154,4.819277108433735,70.53551687032915,84.30012235830789,70.1925648569136,69.5139911634757,14.237855946398659,11.155805846071333,0.0,1.0,25.0,119705.8,64550.096469718774,1.0,0.0,36.4,27.244265451650556,18.639999999999997,13.659184943961089,18.639999999999997,13.659184943961089,6.400000000000001,3.341656275960571,0.0,0.0,0.0,0.0,1.0,0.0
