Connected!
linha fdp!!!!
0.590795,0.861110.708854,0.755556,0.212121,0.423049,0.44186,0.614585,0.720472,0.96063,0.783465,0.157814,1,0,0,0,0,0,0,0,0,0,0,0,0,0,0,0,0,0,0,0,0,0,0,0,0,0,0,0,0,0,0,0,1,0,0,0,0,0,0,0,0,0,0,0,20.670835,0.730556,0.121212,0.107373,0.20155,0.490235,0.791339,0.96063,0.716535,0.230726,1,0,0,0,0,0,0,0,0,0,0,0,0,0,0,0,0,0,0,0,0,0,0,0,0,1,0,0,0,0,0,0,0,0,0,0,0,0,0,0,0,0,0,0,1
java.lang.NumberFormatException: multiple points
linha fdp!!!!
0.034017,0.925,0.409091,0.156049,0.316537,0.026697,0.586614,0.0.10005,0.216667,0.590909,0.107373,0.377261,0.024589,0.933071,0.551181,0,0.041405,0,0,0,1,1,0,0,0,0,0,0,0,0,0,0,0,0,0,0,0,0,0,0,0,0,0,0,0,0,0,0,0,0,0,0,0,0,0,0,0,0,0,0,0,30.098049,0.897222,0.484848,0.021475,0.25323,0.056765,0.488189,0.744094,0.771654,0.055068,0,0,0,1,0,0,0,0,0,0,0,0,0,1,0,0,0,0,0,0,0,0,0,0,0,0,0,0,0,0,0,0,0,0,0,0,0,0,0,0,0,0,0,0,6
java.lang.NumberFormatException: multiple points
linha fdp!!!!
0.18750.225113,0.380556,0.136364,0,0.223514,0.013348,0.925197,0.933071,0.523622,0.009341,0,0,0,1,0,0,0,0,0,0,0,0,0,0,1,0,0,0,0,0,0,0,0,0,0,0,0,0,0,0,0,0,0,0,0,0,0,0,0,0,0,0,0,0,4
java.lang.NumberFormatException: multiple points
linha fdp!!!!
0.325163,0.238889,0.287879,0.107373,0.267442,0.1547,0.96063,0.80315,0.30.406703,0.066667,0.166667,0.107373,0.282946,0.275818,0.84252,0.846457,0.535433,0.325387,0,0,1,0,0,0,0,0,0,0,0,0,0,1,0,0,0,0,0,0,0,0,0,0,0,0,0,0,0,0,0,0,0,0,0,0,0,0,0,0,0,0,0,0,60.390695,0.088889,0.106061,0.27917,0.264858,0.24041,0.862205,0.88189,0.559055,0.277987,0,0,1,0,0,0,0,0,0,0,0,0,0,1,0,0,0,0,0,0,0,0,0,0,0,0,0,0,0,0,0,0,0,0,0,0,0,0,0,0,0,0,0,0,6
java.lang.NumberFormatException: multiple points
linha fdp!!!!
0.273137,0.190.445723,0.055556,0.227273,0.128848,0.242894,0.229451,0.818898,0.811024,0.519685,0.169803,0,0,1,0,0,0,0,0,0,0,0,0,0,1,0,0,0,0,0,0,0,0,0,0,0,0,0,0,0,0,0,0,0,0,0,0,0,0,0,0,0,0,0,0,5
java.lang.NumberFormatException: multiple points
linha fdp!!!!
0.771386,0.547222,0.19697,0.476736,0.483204,0.326121,0.80.425713,0.927778,0.454545,0.173228,0.351421,0.256569,0.547244,0.73622,0.704724,0.353548,0,0,1,0,0,0,0,0,0,0,0,0,0,1,0,0,0,0,0,0,0,0,0,0,0,0,0,0,0,0,0,0,0,0,0,0,0,0,0,0,0,0,0,0,6
java.lang.NumberFormatException: multiple points
linha fdp!!!!
0.451726,0.311111,0.181818,0.020.527264,0.391667,0.136364,0.250537,0.187339,0.767318,0.92126,0.937008,0.531496,0.535341,1,0,0,0,0,0,0,0,0,0,0,0,0,0,0,0,0,0,0,0,0,0,0,0,0,0,0,0,0,0,0,0,1,0,0,0,0,0,0,0,0,0,0,0,2
java.lang.NumberFormatException: multiple points
linha fdp!!!!
0.477739,0.163889,0.121212,0.137437,0.270026,0.519882,0.893701,0.8779530.494247,0.425,0.227273,0.064424,0.236434,0.658986,0.933071,0.940945,0.507874,0.644779,1,0,0,0,0,0,0,0,0,0,0,0,0,0,0,0,0,0,0,0,0,0,0,0,0,0,0,0,0,0,0,0,0,1,0,0,0,0,0,0,0,0,0,0,20.492746,0.436111,0.242424,0.064424,0.232558,0.65477,0.929134,0.948819,0.507874,0.648961,1,0,0,0,0,0,0,0,0,0,0,0,0,0,0,0,0,0,0,0,0,0,0,0,0,0,0,0,0,0,0,0,0,1,0,0,0,0,0,0,0,0,0,0,2
java.lang.NumberFormatException: multiple points
linha fdp!!!!
0.403202,0.177778,0.090909,0.193271,0.24677,0.201911,0.8890.517259,0.386111,0.19697,0.088762,0.257106,0.721371,0.944882,0.925197,0.484252,0.598216,1,0,0,0,0,0,0,0,0,0,0,0,0,0,0,0,0,0,0,0,0,0,0,0,0,0,0,0,0,0,0,0,1,0,0,0,0,0,0,0,0,0,0,0,20.513757,0.361111,0.212121,0.068003,0.25323,0.717297,0.956693,0.909449,0.448819,0.602258,1,0,0,0,0,0,0,0,0,0,0,0,0,0,0,0,0,0,0,0,0,0,0,0,0,0,0,0,0,0,0,0,1,0,0,0,0,0,0,0,0,0,0,0,2
java.lang.NumberFormatException: multiple points
linha fdp!!!!
0.430215,0.063889,0.060606,0.107373,0.255814,0.27905,0.858268,0.909449,0.594488,0.80.47974,0,0,0.303508,0.325581,0.45862,0.858268,0.937008,0.614173,0.870068,1,0,0,0,0,0,0,0,0,0,0,0,0,0,0,1,0,0,0,0,0,0,0,0,0,0,0,0,0,0,0,0,0,0,0,0,0,0,0,0,0,0,0,0,1
java.lang.NumberFormatException: multiple points
linha fdp!!!!
0.377189,0.083333,0.151515,0.068003,0.235142,0.2520.574787,0.572222,0.151515,0.171797,0.232558,0.770268,0.84252,0.984252,0.669291,0.261397,1,0,0,0,0,0,0,0,0,0,0,0,0,0,0,0,0,0,0,0,0,0,0,0,0,0,1,0,0,0,0,0,0,0,0,0,0,0,0,0,0,0,0,0,20.577789,0.555556,0.19697,0.171797,0.24031,0.772938,0.846457,0.988189,0.665354,0.261955,1,0,0,0,0,0,0,0,0,0,0,0,0,0,0,0,0,0,0,0,0,0,0,0,0,0,1,0,0,0,0,0,0,0,0,0,0,0,0,0,0,0,0,0,2
java.lang.NumberFormatException: multiple points
linha fdp!!!!
0.572786,0.533333,0.19697,0.1560490.474737,0.341667,0.166667,0.107373,0.245478,0.449628,0.940945,0.909449,0.476378,0.838282,1,0,0,0,0,0,0,0,0,0,0,0,0,0,0,1,0,0,0,0,0,0,0,0,0,0,0,0,0,0,0,0,0,0,0,0,0,0,0,0,0,0,0,0,2
java.lang.NumberFormatException: multiple points
linha fdp!!!!
0.434717,0.066667,0.151515,0.115963,0.248062,0.351974,0.8460.584292,0.088889,0.136364,0.370795,0.215762,0.922158,0.858268,0.866142,0.53937,0.503416,1,0,0,0,0,0,0,0,0,0,0,0,0,0,0,0,0,0,0,0,0,0,0,0,0,0,0,0,0,0,0,0,1,0,0,0,0,0,0,0,0,0,0,0,10.584292,0.011111,0.151515,0.375089,0.215762,0.924125,0.814961,0.866142,0.594488,0.506901,1,0,0,0,0,0,0,0,0,0,0,0,0,0,0,0,0,0,0,0,0,0,0,0,0,0,0,0,0,0,0,0,1,0,0,0,0,0,0,0,0,0,0,0,1
java.lang.NumberFormatException: multiple points
linha fdp!!!!
0.52076,0.241667,0.151515,0.0909090.408204,0.883333,0.227273,0.021475,0.228682,0.309822,0.712598,0.889764,0.728346,0.645197,1,0,0,0,0,0,0,0,0,0,0,0,0,0,0,0,0,0,0,0,0,0,0,1,0,0,0,0,0,0,0,0,0,0,0,0,0,0,0,0,0,0,0,0,2
java.lang.NumberFormatException: multiple points
linha fdp!!!!
0.566283,0.25,0.409091,0.210.592796,0.547222,0.106061,0.273443,0.182171,0.823802,0.858268,0.968504,0.641732,0.390632,1,0,0,0,0,0,0,0,0,0,0,0,0,0,0,0,0,0,0,0,0,0,0,0,0,0,0,0,0,0,0,0,1,0,0,0,0,0,0,0,0,0,0,0,20.592796,0.602778,0.151515,0.289191,0.182171,0.825067,0.826772,0.984252,0.688976,0.39328,1,0,0,0,0,0,0,0,0,0,0,0,0,0,0,0,0,0,0,0,0,0,0,0,0,0,0,0,0,0,0,0,1,0,0,0,0,0,0,0,0,0,0,0,2
java.lang.NumberFormatException: multiple points
linha fdp!!!!
0.530265,0.213889,0.151515,0.0.584292,0.330556,0.272727,0.523264,0.354005,0.821976,0.976378,0.874016,0.377953,0.45016,1,0,0,0,0,0,0,0,0,0,0,0,0,0,0,0,0,0,0,0,0,0,0,0,0,0,0,0,0,0,0,0,1,0,0,0,0,0,0,0,0,0,0,0,20.57979,0.319444,0.272727,0.530422,0.342377,0.823662,0.976378,0.862205,0.362205,0.452949,1,0,0,0,0,0,0,0,0,0,0,0,0,0,0,0,0,0,0,0,0,0,0,0,0,0,0,0,0,0,0,0,1,0,0,0,0,0,0,0,0,0,0,0,2
java.lang.NumberFormatException: multiple points
linha fdp!!!!
0.517259,0.0.502251,0.136111,0.287879,0.182534,0.248062,0.493326,0.88189,0.771654,0.385827,0.739579,1,0,0,0,0,0,0,0,0,0,0,0,0,0,0,0,0,0,0,0,0,0,0,0,0,0,0,0,0,0,0,0,1,0,0,0,0,0,0,0,0,0,0,0,20.497749,0.141667,0.287879,0.19184,0.24677,0.489111,0.889764,0.771654,0.38189,0.735954,1,0,0,0,0,0,0,0,0,0,0,0,0,0,0,0,0,0,0,0,0,0,0,0,0,0,0,0,0,0,0,0,1,0,0,0,0,0,0,0,0,0,0,0,2
java.lang.NumberFormatException: multiple points
linha fdp!!!!
0.531766,0.216667,0.24240.576288,0.394444,0.136364,0.586256,0.355297,0.826753,0.917323,0.937008,0.535433,0.772062,1,0,0,0,0,0,0,0,0,0,0,0,0,0,0,0,0,0,0,0,0,0,0,0,0,0,0,0,0,0,0,0,1,0,0,0,0,0,0,0,0,0,0,0,20.574787,0.35,0.121212,0.607731,0.351421,0.82324,0.92126,0.925197,0.519685,0.775547,1,0,0,0,0,0,0,0,0,0,0,0,0,0,0,0,0,0,0,0,0,0,0,0,0,0,0,0,0,0,0,0,1,0,0,0,0,0,0,0,0,0,0,0,2
java.lang.NumberFormatException: multiple points
linha fdp!!!!
0.0.509755,0.075,0.121212,0.030064,0.218346,0.494309,0.854331,0.877953,0.559055,0.690367,1,0,0,0,0,0,0,0,0,0,0,0,0,0,0,0,0,0,0,0,0,0,0,0,0,0,0,0,0,0,0,0,1,0,0,0,0,0,0,0,0,0,0,0,1
java.lang.NumberFormatException: multiple points
linha fdp!!!!
0.587794,0.083333,0.212121,0.322110.437219,0.05,0.19697,0.14388,0.27907,0.209217,0.822835,0.834646,0.543307,0.429667,1,0,0,0,0,0,0,0,0,0,0,0,0,0,0,0,0,0,0,0,0,0,0,0,0,0,0,0,0,0,0,0,0,1,0,0,0,0,0,0,0,0,0,0,2
java.lang.NumberFormatException: multiple points
linha fdp!!!!
0.0.538769,0.975,0.136364,0.021475,0.232558,0.574821,0.807087,0.889764,0.625984,0.698034,1,0,0,0,0,0,0,0,0,0,0,0,0,0,0,0,0,0,0,0,0,0,0,1,0,0,0,0,0,0,0,0,0,0,0,0,0,0,0,0,0,0,0,0,2
java.lang.NumberFormatException: multiple points
linha fdp!!!!
0.589295,0.277778,0.1210.551776,0.25,0.121212,0.021475,0.236434,0.662498,0.917323,0.893701,0.5,0.780287,1,0,0,0,0,0,0,0,0,0,0,0,0,0,0,1,0,0,0,0,0,0,0,0,0,0,0,0,0,0,0,0,0,0,0,0,0,0,0,0,0,0,0,0,20.546773,0.322222,0.106061,0,0.223514,0.658564,0.917323,0.917323,0.523622,0.776244,1,0,0,0,0,0,0,0,0,0,0,0,0,0,0,1,0,0,0,0,0,0,0,0,0,0,0,0,0,0,0,0,0,0,0,0,0,0,0,0,0,0,0,0,1
java.lang.NumberFormatException: multiple points
linha fdp!!!!
0.653327,0.327778,0.075758,0.171797,0.215762,0.524659,0.897638,0.929134,0.50.566283,0.25,0.166667,0.171797,0.257106,0.72657,0.933071,0.877953,0.456693,0.831033,1,0,0,0,0,0,0,0,0,0,0,0,0,0,0,1,0,0,0,0,0,0,0,0,0,0,0,0,0,0,0,0,0,0,0,0,0,0,0,0,0,0,0,0,1
java.lang.NumberFormatException: multiple points
linha fdp!!!!
0.5993,0.288889,0.151515,0.3650680.526263,0.216667,0.242424,0.090909,0.273902,0.613601,0.940945,0.818898,0.370079,0.498536,1,0,0,0,0,0,0,0,0,0,0,0,0,0,0,0,0,0,0,0,0,0,0,0,0,0,0,0,0,0,0,0,1,0,0,0,0,0,0,0,0,0,0,0,20.521261,0.230556,0.287879,0.077309,0.260982,0.609526,0.956693,0.807087,0.334646,0.498397,1,0,0,0,0,0,0,0,0,0,0,0,0,0,0,0,0,0,0,0,0,0,0,0,0,0,0,0,0,0,0,0,1,0,0,0,0,0,0,0,0,0,0,0,2
java.lang.NumberFormatException: multiple points
linha fdp!!!!
0.371686,0.041667,0.318182,0.042949,0.2440.548274,0.230556,0.090909,0.269148,0.275194,0.524519,0.901575,0.905512,0.531496,0.778057,1,0,0,0,0,0,0,0,0,0,0,0,0,0,0,0,0,0,0,0,0,0,0,0,0,0,0,0,0,0,0,0,1,0,0,0,0,0,0,0,0,0,0,0,20.546773,0.216667,0.151515,0.250537,0.271318,0.528453,0.92126,0.870079,0.464567,0.774711,1,0,0,0,0,0,0,0,0,0,0,0,0,0,0,0,0,0,0,0,0,0,0,0,0,0,0,0,0,0,0,0,1,0,0,0,0,0,0,0,0,0,0,0,2
java.lang.NumberFormatException: multiple points
linha fdp!!!!
0.466233,0.325,0.212120.587794,0.536111,0.181818,0.561918,0.396641,0.832654,0.862205,0.980315,0.641732,0.548864,1,0,0,0,0,0,0,0,0,0,0,0,0,0,0,0,0,0,0,0,0,0,0,0,0,0,0,0,0,0,0,0,1,0,0,0,0,0,0,0,0,0,0,0,2
java.lang.NumberFormatException: multiple points
linha fdp!!!!
0.567284,0.125,0.075758,0.19184,0.241602,0.496277,0.8700790.581291,0.666667,0.257576,0.546886,0.372093,0.840663,0.732283,0.992126,0.791339,0.501046,1,0,0,0,0,0,0,0,0,0,0,0,0,0,0,0,0,0,0,0,0,0,0,0,0,0,0,0,0,0,0,0,1,0,0,0,0,0,0,0,0,0,0,0,2
java.lang.NumberFormatException: multiple points
linha fdp!!!!
0.547270.586293,0.322222,0.136364,0.212598,0.264858,0.72657,0.929134,0.909449,0.496063,0.438171,1,0,0,0,0,0,0,0,0,0,0,0,0,0,0,0,0,0,0,0,0,0,0,0,0,0,0,0,0,0,0,0,0,1,0,0,0,0,0,0,0,0,0,0,2
java.lang.NumberFormatException: multiple points
linha fdp!!!!
0.3720.409205,0.269444,0.212121,0.214746,0.22093,0.109737,0.952756,0.858268,0.401575,0.240485,1,0,0,0,0,0,0,0,0,0,0,0,0,0,0,0,0,0,0,0,0,0,0,0,0,0,0,0,0,0,0,0,0,1,0,0,0,0,0,0,0,0,0,0,2
java.lang.NumberFormatException: multiple points
linha fdp!!!!
0.5350.557279,0.575,0.045455,0.219041,0.270026,0.549951,0.854331,0.952756,0.633858,0.318556,1,0,0,0,0,0,0,0,0,0,0,0,0,0,0,1,0,0,0,0,0,0,0,0,0,0,0,0,0,0,0,0,0,0,0,0,0,0,0,0,0,0,0,0,2
java.lang.NumberFormatException: multiple points
linha fdp!!!!
0.397199,0.872222,0.333333,0.021475,0.242894,0.228186,0.614173,0.850390.55928,0.880556,0.242424,0.228346,0.295866,0.666714,0.692913,0.88189,0.73622,0.269762,1,0,0,0,0,0,0,0,0,0,0,0,0,0,0,0,0,0,0,0,0,0,0,0,0,0,0,0,0,0,0,0,1,0,0,0,0,0,0,0,0,0,0,0,20.561281,0.908333,0.19697,0.24481,0.295866,0.662498,0.73622,0.885827,0.69685,0.268507,1,0,0,0,0,0,0,0,0,0,0,0,0,0,0,0,0,0,0,0,0,0,0,0,0,0,0,0,0,0,0,0,1,0,0,0,0,0,0,0,0,0,0,0,2
java.lang.NumberFormatException: multiple points
linha fdp!!!!
0.397199,0.836111,0.045455,0,0.22350.469735,0.491667,0.30303,0.030064,0.235142,0.431924,0.889764,0.972441,0.566929,0.276175,1,0,0,0,0,0,0,0,0,0,0,0,0,0,0,0,0,0,0,0,0,0,0,0,0,0,0,0,0,0,0,0,0,1,0,0,0,0,0,0,0,0,0,0,2
java.lang.NumberFormatException: multiple points
linha fdp!!!!
0.45973,0.008333,0.121212,0.150322,0.275194,0.223549,0.822830.576788,0.661111,0.090909,0.303508,0.273902,0.713643,0.822835,0.964567,0.681102,0.223895,1,0,0,0,0,0,0,0,0,0,0,0,0,0,0,0,0,0,0,0,0,0,0,0,0,0,0,0,0,0,0,0,0,1,0,0,0,0,0,0,0,0,0,0,2
java.lang.NumberFormatException: multiple points
linha fdp!!!!
0.471236,0.155556,0.166667,0.20.393697,0.977778,0.030303,0.064424,0.254522,0.077701,0.850394,0.929134,0.61811,0.210093,1,0,0,0,0,0,0,0,0,0,0,0,0,0,0,0,0,0,0,0,0,0,0,0,0,0,0,0,0,0,0,0,1,0,0,0,0,0,0,0,0,0,0,0,2
java.lang.NumberFormatException: multiple points
linha fdp!!!!
0.561781,0.102778,0.075758,0.121689,0.242890.457229,0.941667,0.363636,0.128848,0.307494,0.424617,0.637795,0.783465,0.673228,0.250662,1,0,0,0,0,0,0,0,0,0,0,0,0,0,0,0,0,0,0,0,0,0,0,0,0,0,0,0,0,0,0,0,1,0,0,0,0,0,0,0,0,0,0,0,2
java.lang.NumberFormatException: multiple points
linha fdp!!!!
0.664832,0.211111,0.19697,0.282749,0.282946,0.409302,0.929134,0.850394,0.429130.564782,0.897222,0.106061,0.380816,0.316537,0.767599,0.791339,0.917323,0.673228,0.258748,1,0,0,0,0,0,0,0,0,0,0,0,0,0,0,0,0,0,0,0,0,0,0,0,0,0,0,0,0,0,0,0,1,0,0,0,0,0,0,0,0,0,0,0,2
java.lang.NumberFormatException: multiple points
linha fdp!!!!
0.465233,0.116667,0.272727,0.060845,0.258398,0.549108,0.866142,0.770.414207,0.119444,0.257576,0.021475,0.218346,0.166081,0.870079,0.787402,0.429134,0.296668,1,0,0,0,0,0,0,0,0,0,0,0,0,0,0,0,0,0,0,0,0,0,0,0,0,0,1,0,0,0,0,0,0,0,0,0,0,0,0,0,0,0,0,0,5
java.lang.NumberFormatException: multiple points
linha fdp!!!!
0.557279,0.875,0.348485,0.382248,0.528424,0.487565,0.59840.630315,0.194444,0.181818,0.151754,0.231266,0.572573,0.917323,0.846457,0.440945,0.42646,1,0,0,0,0,0,0,0,0,0,0,0,0,0,0,0,0,0,0,0,0,0,0,0,0,0,0,0,0,0,0,0,1,0,0,0,0,0,0,0,0,0,0,0,2
java.lang.NumberFormatException: multiple points
linha fdp!!!!
0.393197,0.3,0.106061,0.198282,0.257106,0.042293,0.913386,0.913386,0.523622,0.20.572786,0.205556,0.121212,0.2398,0.211886,0.624139,0.905512,0.889764,0.507874,0.326642,1,0,0,0,0,0,0,0,0,0,0,0,0,0,0,0,0,0,0,0,0,0,0,0,0,0,0,0,0,0,0,0,1,0,0,0,0,0,0,0,0,0,0,0,2
java.lang.NumberFormatException: multiple points
linha fdp!!!!
0.515258,0.183333,0.121212,0.26199,0.29199,0.367149,0.897638,0.8858270.475738,0.986111,0.181818,0.090909,0.254522,0.292258,0.791339,0.862205,0.614173,0.420605,1,0,0,0,0,0,0,0,0,0,0,0,0,0,0,0,0,0,0,0,0,0,0,0,0,0,0,0,0,0,0,0,1,0,0,0,0,0,0,0,0,0,0,0,20.476238,0.988889,0.151515,0.107373,0.262274,0.29001,0.80315,0.877953,0.614173,0.419072,1,0,0,0,0,0,0,0,0,0,0,0,0,0,0,0,0,0,0,0,0,0,0,0,0,0,0,0,0,0,0,0,1,0,0,0,0,0,0,0,0,0,0,0,2
java.lang.NumberFormatException: multiple points
linha fdp!!!!
0.337669,0.075,0.0900.568284,0.125,0.030303,0.107373,0.242894,0.644232,0.866142,0.92126,0.594488,0.009341,1,0,0,0,0,0,0,0,0,0,0,0,0,0,0,0,0,0,0,0,0,0,0,1,0,0,0,0,0,0,0,0,0,0,0,0,0,0,0,0,0,0,0,0,2
java.lang.NumberFormatException: multiple points
BYTES READ -1
learning evaluation instances,Wall Time (Actual Time),Avg Delay (ms),outRate (inst/s),classified instances,classifications correct (percent),Kappa Statistic (percent),Kappa Temporal Statistic (percent),Kappa M Statistic (percent),F1 Score (percent),F1 Score for class 0 (percent),F1 Score for class 1 (percent),F1 Score for class 2 (percent),F1 Score for class 3 (percent),F1 Score for class 4 (percent),F1 Score for class 5 (percent),F1 Score for class 6 (percent),Precision (percent),Precision for class 0 (percent),Precision for class 1 (percent),Precision for class 2 (percent),Precision for class 3 (percent),Precision for class 4 (percent),Precision for class 5 (percent),Precision for class 6 (percent),Recall (percent),Recall for class 0 (percent),Recall for class 1 (percent),Recall for class 2 (percent),Recall for class 3 (percent),Recall for class 4 (percent),Recall for class 5 (percent),Recall for class 6 (percent),model training instances,model serialized size (bytes)
91000.0,599.5430297851562,2014.0,151.7822723388672,90500.0,88.58674033149171,75.30652207338196,-26.286832131067474,64.35571813099592,67.62498745598458,?,76.87001256905674,93.42846003898636,71.46652497343253,87.7270495827197,72.34401349072513,68.89738687061822,69.75880445098531,0.0,90.16044980800878,89.78120785254009,71.73333333333333,83.00046446818394,79.4935145151328,74.14266117969822,65.61783644913606,0.0,66.99444642584194,97.38459037711313,71.20169401799895,93.02446642373764,66.3744198040227,64.3452380952381,0.0,1.0
