Connected!
linha fdp!!!!
0.632316,0.261111,0.181818,0.24481,0.26615,0.497963,0.937008,0.87400.596798,0.319444,0.212121,0.090909,0.264858,0.661796,0.956693,0.889764,0.429134,0.272689,1,0,0,0,0,0,0,0,0,0,0,0,0,0,0,0,0,0,0,0,0,0,0,0,0,0,0,0,0,0,0,0,0,1,0,0,0,0,0,0,0,0,0,0,20.662331,0.102778,0.212121,0.400859,0.337209,0.798932,0.862205,0.814961,0.476378,0.195873,1,0,0,0,0,0,0,0,0,0,0,0,0,0,0,0,0,0,0,0,0,0,0,0,0,0,0,0,0,0,0,0,1,0,0,0,0,0,0,0,0,0,0,0,1
java.lang.NumberFormatException: multiple points
linha fdp!!!!
0.233617,0.725,0.090909,0.289191,0.408269,0.174512,0.807080.187594,0.905556,0.348485,0.151754,0.303618,0.165238,0.614173,0.814961,0.73622,0.155583,0,0,0,1,0,0,0,0,0,0,0,0,0,1,0,0,0,0,0,0,0,0,0,0,0,0,0,0,0,0,0,0,0,0,0,0,0,0,0,0,0,0,0,0,30.224612,0.844444,0.424242,0.064424,0.244186,0.173247,0.519685,0.838583,0.846457,0.140248,0,0,0,1,0,0,0,0,0,0,0,0,0,1,0,0,0,0,0,0,0,0,0,0,0,0,0,0,0,0,0,0,0,0,0,0,0,0,0,0,0,0,0,0,3
java.lang.NumberFormatException: multiple points
linha fdp!!!!
0.744872,0.116667,0.227273,0.400859,0.45990.769385,0.436111,0.19697,0.327845,0.282946,0.316847,0.92126,0.948819,0.535433,0.066081,0,0,1,0,0,0,0,0,0,0,0,0,0,0,0,0,0,0,0,0,0,0,0,0,0,0,0,0,0,0,0,0,0,0,0,0,0,0,0,0,0,1,0,0,7
java.lang.NumberFormatException: multiple points
linha fdp!!!!
0.72036,0.569444,0.257576,0.137437,0.28553,0.0.335668,0.177778,0.106061,0.219041,0.258398,0.118027,0.893701,0.889764,0.523622,0.180956,0,0,1,0,0,0,0,0,0,0,0,0,0,0,1,0,0,0,0,0,0,0,0,0,0,0,0,0,0,0,0,0,0,0,0,0,0,0,0,0,0,0,0,0,20.657829,0.738889,0.136364,0.386543,0.329457,0.133905,0.775591,0.96063,0.73622,0.121288,0,0,1,0,0,0,0,0,0,0,0,0,0,0,0,0,0,0,0,0,0,0,0,0,0,0,1,0,0,0,0,0,0,0,0,0,0,0,0,0,0,0,0,0,2
java.lang.NumberFormatException: multiple points
linha fdp!!!!
0.750.601301,0.808333,0.136364,0.128848,0.236434,0.408599,0.76378,0.940945,0.724409,0.083786,0,0,1,0,0,0,0,0,0,0,0,0,0,0,0,0,0,0,0,0,0,0,0,0,0,0,1,0,0,0,0,0,0,0,0,0,0,0,0,0,0,0,0,0,1
java.lang.NumberFormatException: multiple points
linha fdp!!!!
0.476738,0.227778,0.19697,0.08870.453227,0.205556,0.242424,0.19184,0.396641,0.40045,0.933071,0.818898,0.385827,0.899484,1,0,0,0,0,0,0,0,0,0,0,0,0,0,0,1,0,0,0,0,0,0,0,0,0,0,0,0,0,0,0,0,0,0,0,0,0,0,0,0,0,0,0,0,20.446723,0.25,0.393939,0.173228,0.388889,0.396234,0.980315,0.744094,0.208661,0.903667,1,0,0,0,0,0,0,0,0,0,0,0,0,0,0,1,0,0,0,0,0,0,0,0,0,0,0,0,0,0,0,0,0,0,0,0,0,0,0,0,0,0,0,0,2
java.lang.NumberFormatException: multiple points
linha fdp!!!!
0.40220.323162,0.063889,0.106061,0,0.223514,0.076015,0.850394,0.885827,0.570866,0.793671,1,0,0,0,0,0,0,0,0,0,0,0,0,0,0,0,0,0,0,0,0,1,0,0,0,0,0,0,0,0,0,0,0,0,0,0,0,0,0,0,0,0,0,0,2
java.lang.NumberFormatException: multiple points
linha fdp!!!!
0.38019,0.411111,0.090909,0.030060.569785,0.444444,0.257576,0.375089,0.211886,0.904033,0.925197,0.948819,0.515748,0.404154,1,0,0,0,0,0,0,0,0,0,0,0,0,0,0,0,0,0,0,0,0,0,0,0,0,0,0,0,0,0,0,0,0,1,0,0,0,0,0,0,0,0,0,0,2
java.lang.NumberFormatException: multiple points
linha fdp!!!!
0.543272,0.375,0.227273,0.193271,0.257106,0.763664,0.0.617309,0.261111,0.151515,0.151754,0.223514,0.969931,0.929134,0.885827,0.468504,0.362331,1,0,0,0,0,0,0,0,0,0,0,0,0,0,0,0,0,0,0,0,0,0,0,0,0,0,0,0,0,0,0,0,1,0,0,0,0,0,0,0,0,0,0,0,2
java.lang.NumberFormatException: multiple points
linha fdp!!!!
0.410705,0.105556,0.1210.456728,0.222222,0.181818,0.128848,0.260982,0.394267,0.929134,0.862205,0.444882,0.918305,1,0,0,0,0,0,0,0,0,0,0,0,0,0,0,1,0,0,0,0,0,0,0,0,0,0,0,0,0,0,0,0,0,0,0,0,0,0,0,0,0,0,0,0,2
java.lang.NumberFormatException: multiple points
linha fdp!!!!
0.512256,0.875,0.166667,0.021475,0.223514,0.749473,0.751960.31966,0.413889,0.151515,0.068003,0.244186,0.155965,0.917323,0.944882,0.53937,0.639342,1,0,0,0,0,0,0,0,0,0,0,0,0,0,0,0,0,0,0,0,0,1,0,0,0,0,0,0,0,0,0,0,0,0,0,0,0,0,0,0,0,0,0,0,2
java.lang.NumberFormatException: multiple points
linha fdp!!!!
0.563282,0.10830.512256,0.280556,0.060606,0.375805,0.282946,0.553464,0.889764,0.92126,0.566929,0.815558,1,0,0,0,0,0,0,0,0,0,0,0,0,0,0,1,0,0,0,0,0,0,0,0,0,0,0,0,0,0,0,0,0,0,0,0,0,0,0,0,0,0,0,0,2
java.lang.NumberFormatException: multiple points
linha fdp!!!!
0.630315,0.394444,0.272727,0.289191,0.316537,0.781088,0.956693,0.917323,0.0.623812,0.55,0.181818,0.04796,0.22093,0.741043,0.850394,0.984252,0.65748,0.186812,1,0,0,0,0,0,0,0,0,0,0,0,0,0,0,0,0,0,0,0,0,0,0,0,0,0,0,0,0,0,0,0,1,0,0,0,0,0,0,0,0,0,0,0,10.625313,0.488889,0.227273,0.060845,0.22739,0.74315,0.889764,0.972441,0.586614,0.189182,1,0,0,0,0,0,0,0,0,0,0,0,0,0,0,0,0,0,0,0,0,0,0,0,0,0,0,0,0,0,0,0,1,0,0,0,0,0,0,0,0,0,0,0,1
java.lang.NumberFormatException: multiple points
linha fdp!!!!
0.435718,0.302778,0.136364,0.077309,0.258398,0.331881,0.92910.622311,0.555556,0.227273,0.319256,0.286822,0.852606,0.838583,0.992126,0.669291,0.279102,1,0,0,0,0,0,0,0,0,0,0,0,0,0,0,0,0,0,0,0,0,0,0,0,0,0,0,0,0,0,0,0,1,0,0,0,0,0,0,0,0,0,0,0,20.627314,0.577778,0.272727,0.289191,0.29199,0.858508,0.807087,1,0.704724,0.283285,1,0,0,0,0,0,0,0,0,0,0,0,0,0,0,0,0,0,0,0,0,0,0,0,0,0,0,0,0,0,0,0,1,0,0,0,0,0,0,0,0,0,0,0,2
java.lang.NumberFormatException: multiple points
linha fdp!!!!
0.617309,0.475,0.257576,0.300644,0.204134,0.9050.602801,0.569444,0.19697,0.335719,0.262274,0.831811,0.834646,0.988189,0.677165,0.282448,1,0,0,0,0,0,0,0,0,0,0,0,0,0,0,0,0,0,0,0,0,0,0,0,0,0,0,0,0,0,0,0,1,0,0,0,0,0,0,0,0,0,0,0,2
java.lang.NumberFormatException: multiple points
linha fdp!!!!
0.617309,0.547222,0.0.615808,0.325,0.106061,0.271296,0.178295,0.873121,0.917323,0.917323,0.519685,0.378503,1,0,0,0,0,0,0,0,0,0,0,0,0,0,0,0,0,0,0,0,0,0,0,1,0,0,0,0,0,0,0,0,0,0,0,0,0,0,0,0,0,0,0,0,20.613807,0.316667,0.136364,0.292054,0.169251,0.874526,0.929134,0.909449,0.492126,0.38157,1,0,0,0,0,0,0,0,0,0,0,0,0,0,0,0,0,0,0,0,0,0,0,1,0,0,0,0,0,0,0,0,0,0,0,0,0,0,0,0,0,0,0,0,2
java.lang.NumberFormatException: multiple points
linha fdp!!!!
0.581291,0.470.545273,0.055556,0.121212,0.292054,0.286822,0.654208,0.846457,0.88189,0.570866,0.766625,1,0,0,0,0,0,0,0,0,0,0,0,0,0,0,1,0,0,0,0,0,0,0,0,0,0,0,0,0,0,0,0,0,0,0,0,0,0,0,0,0,0,0,0,20.543272,0.147222,0.106061,0.274875,0.286822,0.650415,0.88189,0.885827,0.531496,0.770528,1,0,0,0,0,0,0,0,0,0,0,0,0,0,0,1,0,0,0,0,0,0,0,0,0,0,0,0,0,0,0,0,0,0,0,0,0,0,0,0,0,0,0,0,2
java.lang.NumberFormatException: multiple points
linha fdp!!!!
0.497749,0.061111,0.0.462731,0.972222,0.181818,0.030064,0.237726,0.435155,0.779528,0.862205,0.629921,0.789628,1,0,0,0,0,0,0,0,0,0,0,0,0,0,0,1,0,0,0,0,0,0,0,0,0,0,0,0,0,0,0,0,0,0,0,0,0,0,0,0,0,0,0,0,2
java.lang.NumberFormatException: multiple points
linha fdp!!!!
0.471236,0.097222,0.19697,0.030064,0.2364340.449725,0.1,0.106061,0.128848,0.255814,0.396375,0.866142,0.885827,0.555118,0.737488,1,0,0,0,0,0,0,0,0,0,0,0,0,0,0,1,0,0,0,0,0,0,0,0,0,0,0,0,0,0,0,0,0,0,0,0,0,0,0,0,0,0,0,0,2
java.lang.NumberFormatException: multiple points
linha fdp!!!!
0.6008,0.636111,0.227273,0.468862,0.40.572786,0.608333,0.19697,0.319256,0.333333,0.789097,0.807087,0.992126,0.716535,0.423533,1,0,0,0,0,0,0,0,0,0,0,0,0,0,0,0,0,0,0,0,0,0,0,0,0,0,0,0,0,0,0,0,1,0,0,0,0,0,0,0,0,0,0,0,20.576288,0.625,0.181818,0.32713,0.342377,0.790502,0.80315,0.988189,0.720472,0.425903,1,0,0,0,0,0,0,0,0,0,0,0,0,0,0,0,0,0,0,0,0,0,0,0,0,0,0,0,0,0,0,0,1,0,0,0,0,0,0,0,0,0,0,0,2
java.lang.NumberFormatException: multiple points
linha fdp!!!!
0.574787,0.036110.553277,0.166667,0.166667,0.287759,0.307494,0.654349,0.901575,0.850394,0.468504,0.877178,1,0,0,0,0,0,0,0,0,0,0,0,0,0,0,1,0,0,0,0,0,0,0,0,0,0,0,0,0,0,0,0,0,0,0,0,0,0,0,0,0,0,0,0,2
java.lang.NumberFormatException: multiple points
linha fdp!!!!
0.431716,0.727778,0.0.612306,0.025,0.257576,0.04796,0.24031,0.68512,0.779528,0.799213,0.547244,0.417538,1,0,0,0,0,0,0,0,0,0,0,0,0,0,0,0,0,0,0,0,0,0,0,0,0,0,0,0,0,0,0,0,1,0,0,0,0,0,0,0,0,0,0,0,1
java.lang.NumberFormatException: multiple points
linha fdp!!!!
0.697849,0.038889,0.19697,0.7673590.464732,0.097222,0.257576,0.09592,0.242894,0.375018,0.850394,0.791339,0.456693,0.612436,1,0,0,0,0,0,0,0,0,0,0,0,0,0,0,1,0,0,0,0,0,0,0,0,0,0,0,0,0,0,0,0,0,0,0,0,0,0,0,0,0,0,0,0,20.462231,0.116667,0.242424,0.115963,0.242894,0.370802,0.866142,0.795276,0.440945,0.60895,1,0,0,0,0,0,0,0,0,0,0,0,0,0,0,1,0,0,0,0,0,0,0,0,0,0,0,0,0,0,0,0,0,0,0,0,0,0,0,0,0,0,0,0,2
java.lang.NumberFormatException: multiple points
linha fdp!!!!
0.568284,0.116667,0.272727,0.221188,0.325581,0.668119,0.866142,0.779528,0.421260.494747,0.111111,0.121212,0.030064,0.223514,0.430378,0.870079,0.874016,0.531496,0.626656,1,0,0,0,0,0,0,0,0,0,0,0,0,0,0,0,0,0,0,0,0,0,0,0,0,0,0,0,0,0,0,0,1,0,0,0,0,0,0,0,0,0,0,0,2
java.lang.NumberFormatException: multiple points
linha fdp!!!!
0.546773,0.036111,0.166667,0.202577,0.273902,0.665449,0.826772,0.858268,0.5708660.569785,0.797222,0.106061,0.66786,0.355297,0.822257,0.787402,0.944882,0.704724,0.821414,1,0,0,0,0,0,0,0,0,0,0,0,0,0,0,0,0,0,0,0,0,0,0,0,0,0,0,0,0,0,0,0,1,0,0,0,0,0,0,0,0,0,0,0,20.572786,0.766667,0.106061,0.683608,0.363049,0.818884,0.787402,0.952756,0.712598,0.82476,1,0,0,0,0,0,0,0,0,0,0,0,0,0,0,0,0,0,0,0,0,0,0,0,0,0,0,0,0,0,0,0,1,0,0,0,0,0,0,0,0,0,0,0,2
java.lang.NumberFormatException: multiple points
linha fdp!!!!
0.392696,0.3,0.242424,0.23121,0.310078,0.17600.375188,0.375,0.257576,0.167502,0.281654,0.15456,0.96063,0.909449,0.433071,0.074028,1,0,0,0,0,0,0,0,0,0,0,0,0,0,0,0,0,0,0,0,0,0,0,0,0,0,0,0,0,0,0,0,0,1,0,0,0,0,0,0,0,0,0,0,20.371686,0.327778,0.257576,0.154617,0.27261,0.150485,0.972441,0.877953,0.385827,0.071239,1,0,0,0,0,0,0,0,0,0,0,0,0,0,0,0,0,0,0,0,0,0,0,0,0,0,0,0,0,0,0,0,0,1,0,0,0,0,0,0,0,0,0,0,2
java.lang.NumberFormatException: multiple points
linha fdp!!!!
0.53120.551776,0.388889,0.181818,0.193271,0.275194,0.601517,0.937008,0.929134,0.5,0.630977,1,0,0,0,0,0,0,0,0,0,0,0,0,0,0,1,0,0,0,0,0,0,0,0,0,0,0,0,0,0,0,0,0,0,0,0,0,0,0,0,0,0,0,0,2
java.lang.NumberFormatException: multiple points
linha fdp!!!!
0.532266,0.336111,0.045455,0.130279,0.241602,0.57110.482741,0.380556,0.181818,0.194703,0.26615,0.385837,0.940945,0.925197,0.488189,0.351317,1,0,0,0,0,0,0,0,0,0,0,0,0,0,0,1,0,0,0,0,0,0,0,0,0,0,0,0,0,0,0,0,0,0,0,0,0,0,0,0,0,0,0,0,20.48074,0.413889,0.181818,0.173228,0.260982,0.383167,0.929134,0.940945,0.519685,0.347275,1,0,0,0,0,0,0,0,0,0,0,0,0,0,0,1,0,0,0,0,0,0,0,0,0,0,0,0,0,0,0,0,0,0,0,0,0,0,0,0,0,0,0,0,2
java.lang.NumberFormatException: multiple points
linha fdp!!!!
0.564782,0.18880.54027,0.733333,0.166667,0.287759,0.27907,0.778558,0.759843,0.964567,0.751969,0.747107,1,0,0,0,0,0,0,0,0,0,0,0,0,0,0,0,0,0,0,0,0,0,0,0,0,0,0,0,0,0,0,0,1,0,0,0,0,0,0,0,0,0,0,0,2
java.lang.NumberFormatException: multiple points
linha fdp!!!!
0.347174,0.419444,0.10.586293,0.491667,0.227273,0.214746,0.258398,0.760011,0.889764,0.972441,0.590551,0.588736,1,0,0,0,0,0,0,0,0,0,0,0,0,0,0,0,0,0,0,0,0,0,0,0,0,0,0,0,0,0,0,0,0,1,0,0,0,0,0,0,0,0,0,0,10.586293,0.5,0.242424,0.228346,0.258398,0.756499,0.88189,0.976378,0.598425,0.587202,1,0,0,0,0,0,0,0,0,0,0,0,0,0,0,0,0,0,0,0,0,0,0,0,0,0,0,0,0,0,0,0,0,1,0,0,0,0,0,0,0,0,0,0,1
java.lang.NumberFormatException: multiple points
linha fdp!!!!
0.563282,0.769444,0.181818,0.42806,0.329457,0.796262,0.732283,0.952756,0.0.542771,0.147222,0.242424,0.137437,0.276486,0.644232,0.893701,0.80315,0.417323,0.517775,1,0,0,0,0,0,0,0,0,0,0,0,0,0,0,0,0,0,0,0,0,0,0,0,0,0,0,0,0,0,0,0,1,0,0,0,0,0,0,0,0,0,0,0,20.53977,0.158333,0.227273,0.121689,0.281654,0.641141,0.901575,0.814961,0.425197,0.517357,1,0,0,0,0,0,0,0,0,0,0,0,0,0,0,0,0,0,0,0,0,0,0,0,0,0,0,0,0,0,0,0,1,0,0,0,0,0,0,0,0,0,0,0,2
java.lang.NumberFormatException: multiple points
linha fdp!!!!
0.506753,0.455556,0.136364,0.27917,0.280362,0.512154,0.897638,0.95660.569785,0.163889,0.090909,0.130279,0.25323,0.431643,0.88189,0.897638,0.547244,0.859473,1,0,0,0,0,0,0,0,0,0,0,0,0,0,0,0,0,0,0,0,0,0,0,0,0,0,0,0,0,0,0,0,1,0,0,0,0,0,0,0,0,0,0,0,2
java.lang.NumberFormatException: multiple points
linha fdp!!!!
0.391696,0.3,0.19697,0.151754,0.262274,0.110299,0.952756,0.88180.415708,0.016667,0.106061,0.344309,0.324289,0.134467,0.830709,0.889764,0.598425,0.177192,1,0,0,0,0,0,0,0,0,0,0,0,0,0,0,1,0,0,0,0,0,0,0,0,0,0,0,0,0,0,0,0,0,0,0,0,0,0,0,0,0,0,0,0,20.414207,0.069444,0.151515,0.322835,0.320413,0.130954,0.846457,0.862205,0.551181,0.175938,1,0,0,0,0,0,0,0,0,0,0,0,0,0,0,1,0,0,0,0,0,0,0,0,0,0,0,0,0,0,0,0,0,0,0,0,0,0,0,0,0,0,0,0,2
java.lang.NumberFormatException: multiple points
linha fdp!!!!
0.444722,0.902778,0.090909,0.2398,0.293280.573787,0.230556,0.151515,0.176807,0.232558,0.705213,0.925197,0.874016,0.468504,0.427157,1,0,0,0,0,0,0,0,0,0,0,0,0,0,0,0,0,0,0,0,0,0,0,0,0,0,0,0,0,0,0,0,0,1,0,0,0,0,0,0,0,0,0,0,2
java.lang.NumberFormatException: multiple points
linha fdp!!!!
0.635318,0.080556,0.136364,0.193271,0.286822,0.48054,0.854331,0.870079,0.547244,0.60.425213,0.369444,0.242424,0.077309,0.254522,0.244204,0.96063,0.905512,0.429134,0.368604,1,0,0,0,0,0,0,0,0,0,0,0,0,0,0,0,0,0,0,0,0,0,0,0,0,0,0,0,0,0,0,0,0,1,0,0,0,0,0,0,0,0,0,0,2
java.lang.NumberFormatException: multiple points
linha fdp!!!!
0.428214,0.0.41971,0.066667,0.136364,0.334288,0.282946,0.146269,0.850394,0.874016,0.559055,0.27729,1,0,0,0,0,0,0,0,0,0,0,0,0,0,0,0,0,0,0,0,0,0,0,0,0,0,0,0,0,0,0,0,1,0,0,0,0,0,0,0,0,0,0,0,2
java.lang.NumberFormatException: multiple points
linha fdp!!!!
0.586293,0.569444,0.121212,0.221188,0.290698,0.0.569785,0.222222,0.257576,0,0.223514,0.629198,0.944882,0.818898,0.366142,0.364283,1,0,0,0,0,0,0,0,0,0,0,0,0,0,0,0,0,0,0,0,0,0,0,0,0,0,0,0,0,0,0,0,1,0,0,0,0,0,0,0,0,0,0,0,1
java.lang.NumberFormatException: multiple points
linha fdp!!!!
0.545273,0.6944440.590295,0.122222,0.227273,0.23622,0.313953,0.750738,0.874016,0.814961,0.456693,0.125331,1,0,0,0,0,0,0,0,0,0,0,0,0,0,0,0,0,0,0,0,0,0,0,0,0,0,0,0,0,0,0,0,0,1,0,0,0,0,0,0,0,0,0,0,20.587294,0.127778,0.227273,0.214746,0.306202,0.746944,0.877953,0.807087,0.437008,0.121567,1,0,0,0,0,0,0,0,0,0,0,0,0,0,0,0,0,0,0,0,0,0,0,0,0,0,0,0,0,0,0,0,0,1,0,0,0,0,0,0,0,0,0,0,2
java.lang.NumberFormatException: multiple points
linha fdp!!!!
0.669835,0.922222,0.106061,0.395848,0.333333,0.490094,0.80315,0.909449,0.65748,0.0.42071,0.258333,0.075758,0.215462,0.223514,0.081776,0.897638,0.913386,0.543307,0.24174,1,0,0,0,0,0,0,0,0,0,0,0,0,0,0,1,0,0,0,0,0,0,0,0,0,0,0,0,0,0,0,0,0,0,0,0,0,0,0,0,0,0,0,0,20.41921,0.258333,0.136364,0.219041,0.22093,0.077701,0.92126,0.893701,0.492126,0.23923,1,0,0,0,0,0,0,0,0,0,0,0,0,0,0,1,0,0,0,0,0,0,0,0,0,0,0,0,0,0,0,0,0,0,0,0,0,0,0,0,0,0,0,0,2
java.lang.NumberFormatException: multiple points
linha fdp!!!!
0.5993,0.4,0.30303,0.176807,0.286822,0.564142,0.96063,0.913386,0.4210.458229,0.375,0.090909,0.251253,0.257106,0.248981,0.901575,0.933071,0.559055,0.376969,1,0,0,0,0,0,0,0,0,0,0,0,0,0,0,1,0,0,0,0,0,0,0,0,0,0,0,0,0,0,0,0,0,0,0,0,0,0,0,0,0,0,0,0,2
java.lang.NumberFormatException: multiple points
linha fdp!!!!
0.416208,0.325,0.106061,0.1073730.548274,0.527778,0.227273,0.214746,0.299742,0.729802,0.862205,0.984252,0.633858,0.167433,1,0,0,0,0,0,0,0,0,0,0,0,0,0,0,0,0,0,0,0,0,0,0,0,0,0,0,0,0,0,0,0,0,1,0,0,0,0,0,0,0,0,0,0,2
java.lang.NumberFormatException: multiple points
linha fdp!!!!
0.481741,0.944444,0.151515,0.068003,0.239018,0.319517,0.779528,0.885827,0.653543,0.392020.441221,0.280556,0.212121,0.04796,0.241602,0.213714,0.952756,0.870079,0.417323,0.293601,1,0,0,0,0,0,0,0,0,0,0,0,0,0,0,1,0,0,0,0,0,0,0,0,0,0,0,0,0,0,0,0,0,0,0,0,0,0,0,0,0,0,0,0,2
java.lang.NumberFormatException: multiple points
linha fdp!!!!
0.457729,0.908333,0.121212,0.09592,0.25969,0.266826,0.787402,0.909449,0.669291,0.3530.506753,0.208333,0.257576,0.130279,0.244186,0.372629,0.940945,0.807087,0.358268,0.342256,1,0,0,0,0,0,0,0,0,0,0,0,0,0,0,0,0,0,0,0,0,0,0,0,0,0,1,0,0,0,0,0,0,0,0,0,0,0,0,0,0,0,0,0,2
java.lang.NumberFormatException: multiple points
linha fdp!!!!
0.523262,0.155556,0.045455,0,0.223514,0.499368,0.87400.428214,0.958333,0.151515,0.151754,0.244186,0.128425,0.787402,0.88189,0.641732,0.188206,1,0,0,0,0,0,0,0,0,0,0,0,0,0,0,0,0,0,0,0,0,0,0,0,0,0,1,0,0,0,0,0,0,0,0,0,0,0,0,0,0,0,0,0,2
java.lang.NumberFormatException: multiple points
linha fdp!!!!
0.453727,0.130556,0.242424,0.042949,0.232558,0.264578,0.88189,0.80310.632316,0.044444,0.136364,0.030064,0.223514,0.439652,0.834646,0.874016,0.574803,0.455319,1,0,0,0,0,0,0,0,0,0,0,0,0,0,0,0,0,0,0,0,0,0,0,0,0,0,1,0,0,0,0,0,0,0,0,0,0,0,0,0,0,0,0,0,1
java.lang.NumberFormatException: multiple points
linha fdp!!!!
0.654827,0.047222,0.07570.575788,0.969444,0.075758,0.258411,0.26615,0.674301,0.830709,0.913386,0.625984,0.026767,1,0,0,0,0,0,0,0,0,0,0,0,0,0,0,0,0,0,0,0,0,0,0,0,0,0,0,0,0,0,0,0,1,0,0,0,0,0,0,0,0,0,0,0,2
java.lang.NumberFormatException: multiple points
linha fdp!!!!
0.556278,0.9,0.272727,0.107373,0.260982,0.544611,0.677165,0.858268,0.7240.347674,0.261111,0.181818,0.121689,0.215762,0.150625,0.937008,0.874016,0.444882,0.075422,1,0,0,0,0,0,0,0,0,0,0,0,1,0,0,0,0,0,0,0,0,0,0,0,0,0,0,0,0,0,0,0,0,0,0,0,0,0,0,0,0,0,0,0,1
java.lang.NumberFormatException: multiple points
linha fdp!!!!
0.550275,0.922222,0.242424,0.173228,0.321705,0.486581,0.720472,0.862205,0.688976,0.0.612306,0.394444,0.227273,0.068003,0.244186,0.457918,0.948819,0.925197,0.468504,0.417956,1,0,0,0,0,0,0,0,0,0,0,0,0,0,0,0,0,0,0,0,0,0,0,0,0,0,0,0,0,0,0,0,0,1,0,0,0,0,0,0,0,0,0,0,1
java.lang.NumberFormatException: multiple points
linha fdp!!!!
0.494747,0.161111,0.181818,0,0.223514,0.393003,0.897638,0.846457,0.464567,0.30.498249,0.991667,0.136364,0.265569,0.297158,0.295068,0.814961,0.885827,0.614173,0.243831,1,0,0,0,0,0,0,0,0,0,0,0,0,0,0,1,0,0,0,0,0,0,0,0,0,0,0,0,0,0,0,0,0,0,0,0,0,0,0,0,0,0,0,0,2
java.lang.NumberFormatException: multiple points
linha fdp!!!!
0.647824,0.15,0.1060.571286,0.233333,0.166667,0.09592,0.262274,0.60222,0.925197,0.874016,0.46063,0.12798,1,0,0,0,0,0,0,0,0,0,0,0,0,0,0,0,0,0,0,0,0,0,1,0,0,0,0,0,0,0,0,0,0,0,0,0,0,0,0,0,0,0,0,0,1
java.lang.NumberFormatException: multiple points
linha fdp!!!!
0.623812,0.075,0.348485,0.24481,0.249354,0.456370.617309,0.016667,0.242424,0.455261,0.286822,0.517634,0.783465,0.818898,0.566929,0.386728,1,0,0,0,0,0,0,0,0,0,0,0,0,0,0,0,0,0,0,0,0,0,0,0,0,0,0,0,0,0,0,0,1,0,0,0,0,0,0,0,0,0,0,0,20.615808,0.986111,0.227273,0.462419,0.282946,0.521849,0.759843,0.830709,0.610236,0.383382,1,0,0,0,0,0,0,0,0,0,0,0,0,0,0,0,0,0,0,0,0,0,0,0,0,0,0,0,0,0,0,0,1,0,0,0,0,0,0,0,0,0,0,0,2
java.lang.NumberFormatException: multiple points
linha fdp!!!!
0.641821,0.95,0.318182,0.505369,0.333333,0.535338,0.673228,0.799213,0.6570.515758,0.022222,0.166667,0.09592,0.248062,0.444429,0.814961,0.858268,0.57874,0.380315,1,0,0,0,0,0,0,0,0,0,0,0,0,0,0,0,0,0,0,0,0,0,0,0,0,0,0,0,0,0,0,0,1,0,0,0,0,0,0,0,0,0,0,0,2
java.lang.NumberFormatException: multiple points
linha fdp!!!!
0.518759,0.975,0.160.446223,0.980556,0.090909,0.10952,0.231266,0.267669,0.826772,0.905512,0.622047,0.146382,1,0,0,0,0,0,0,0,0,0,0,0,0,0,0,1,0,0,0,0,0,0,0,0,0,0,0,0,0,0,0,0,0,0,0,0,0,0,0,0,0,0,0,0,2
java.lang.NumberFormatException: multiple points
linha fdp!!!!
0.642821,0.658333,0.166667,0.476736,0.270026,0.82250.584292,0.95,0.136364,0.077309,0.248062,0.647745,0.791339,0.889764,0.645669,0.086156,1,0,0,0,0,0,0,0,0,0,0,0,0,0,0,0,0,0,0,0,0,0,0,0,0,0,0,0,0,0,0,0,1,0,0,0,0,0,0,0,0,0,0,0,2
java.lang.NumberFormatException: multiple points
linha fdp!!!!
0.530265,0.894444,0.166667,0.088762,0.23385,0.50090.597799,0.230556,0.257576,0.077309,0.258398,0.603063,0.952756,0.814961,0.350394,0.376969,1,0,0,0,0,0,0,0,0,0,0,0,0,0,0,0,0,0,0,0,0,0,0,0,0,0,0,0,0,0,0,0,1,0,0,0,0,0,0,0,0,0,0,0,20.592796,0.225,0.287879,0.060845,0.245478,0.607278,0.952756,0.80315,0.334646,0.374739,1,0,0,0,0,0,0,0,0,0,0,0,0,0,0,0,0,0,0,0,0,0,0,0,0,0,0,0,0,0,0,0,1,0,0,0,0,0,0,0,0,0,0,0,2
java.lang.NumberFormatException: multiple points
linha fdp!!!!
0.550775,0.252778,0.181818,0.064424,0.242894,0.551496,0.940945,0.86610.554777,0.133333,0.090909,0.077309,0.249354,0.557398,0.874016,0.893701,0.551181,0.289,1,0,0,0,0,0,0,0,0,0,0,0,0,0,0,0,0,0,0,0,0,0,0,0,0,0,1,0,0,0,0,0,0,0,0,0,0,0,0,0,0,0,0,0,2
java.lang.NumberFormatException: multiple points
linha fdp!!!!
0.635318,0.247222,0.272727,0.030064,0.231266,0.573416,0.96063,0.818898,0.338583,0.421160.594297,0.325,0.015152,0.451682,0.326873,0.630884,0.866142,0.933071,0.602362,0.202844,1,0,0,0,0,0,0,0,0,0,0,0,0,0,0,0,0,0,0,0,0,0,0,0,0,0,0,0,0,0,0,0,1,0,0,0,0,0,0,0,0,0,0,0,20.593797,0.25,0.045455,0.442377,0.325581,0.627793,0.88189,0.92126,0.574803,0.207026,1,0,0,0,0,0,0,0,0,0,0,0,0,0,0,0,0,0,0,0,0,0,0,0,0,0,0,0,0,0,0,0,1,0,0,0,0,0,0,0,0,0,0,0,2
java.lang.NumberFormatException: multiple points
linha fdp!!!!
0.464732,0.140.544772,0.333333,0.212121,0.137437,0.299742,0.540537,0.956693,0.897638,0.437008,0.350202,1,0,0,0,0,0,0,0,0,0,0,0,0,0,0,0,0,0,0,0,0,0,0,0,0,0,0,0,0,0,0,0,1,0,0,0,0,0,0,0,0,0,0,0,2
java.lang.NumberFormatException: multiple points
linha fdp!!!!
0.518759,0.291667,0.19697,0.2190.627314,0.777778,0.272727,0.518969,0.396641,0.889279,0.661417,0.940945,0.822835,0.197268,1,0,0,0,0,0,0,0,0,0,0,0,0,0,0,0,0,0,0,0,0,0,0,0,0,0,0,0,0,0,0,0,1,0,0,0,0,0,0,0,0,0,0,0,2
java.lang.NumberFormatException: multiple points
learning evaluation instances,Wall Time (Actual Time),Avg Delay (ms),outRate (inst/s),classified instances,classifications correct (percent),Kappa Statistic (percent),Kappa Temporal Statistic (percent),Kappa M Statistic (percent),F1 Score (percent),F1 Score for class 0 (percent),F1 Score for class 1 (percent),F1 Score for class 2 (percent),F1 Score for class 3 (percent),F1 Score for class 4 (percent),F1 Score for class 5 (percent),F1 Score for class 6 (percent),Precision (percent),Precision for class 0 (percent),Precision for class 1 (percent),Precision for class 2 (percent),Precision for class 3 (percent),Precision for class 4 (percent),Precision for class 5 (percent),Precision for class 6 (percent),Recall (percent),Recall for class 0 (percent),Recall for class 1 (percent),Recall for class 2 (percent),Recall for class 3 (percent),Recall for class 4 (percent),Recall for class 5 (percent),Recall for class 6 (percent),model training instances,model serialized size (bytes),ensemble size,[avg] model training instances,[err] model training instances,[avg] model serialized size (bytes),[err] model serialized size (bytes),[avg] tree size (nodes),[err] tree size (nodes),[avg] tree size (leaves),[err] tree size (leaves),[avg] active learning leaves,[err] active learning leaves,[avg] tree depth,[err] tree depth,[avg] active leaf byte size estimate,[err] active leaf byte size estimate,[avg] inactive leaf byte size estimate,[err] inactive leaf byte size estimate,[avg] byte size estimate overhead,[err] byte size estimate overhead
87700.0,600.0120239257812,212.0,146.1637420654297,87650.0,85.80832857957786,67.86583182733,-91.66409861325126,52.63498591120249,63.65966791934328,1.3888888888888888,72.20324508966695,91.23788574343278,58.91764705882353,82.11788211788212,71.35003054367745,62.18637992831542,65.24740470103475,12.5,77.11337855554922,89.3103448275862,60.192307692307686,76.6076421248835,73.36683417085426,67.64132553606238,62.1473677427673,0.7352941176470588,67.88097747001856,93.25046430549673,57.695852534562206,88.48223896663079,69.44114149821641,57.54560530679934,0.0,1.0,25.0,1080.3200000000002,621.0394995489418,1.0,0.0,1.1200000000000003,0.6000000000000001,1.0400000000000003,0.3511884584284246,1.0400000000000003,0.3511884584284246,0.08,0.2768874620972691,0.0,0.0,0.0,0.0,1.0,0.0
