Connected!
linha fdp!!!!
0.53070.417709,0.155556,0.212121,0.343593,0.258398,0.12168,0.897638,0.830709,0.444882,0.248432,1,0,0,0,0,0,0,0,0,0,0,0,0,0,0,1,0,0,0,0,0,0,0,0,0,0,0,0,0,0,0,0,0,0,0,0,0,0,0,0,0,0,0,0,2
java.lang.NumberFormatException: multiple points
linha fdp!!!!
0.464732,0.0.049525,0.872222,0.454545,0.021475,0.255814,0.018828,0.507874,0.795276,0.811024,0.066081,0,0,0,1,0,0,0,0,0,0,0,0,0,1,0,0,0,0,0,0,0,0,0,0,0,0,0,0,0,0,0,0,0,0,0,0,0,0,0,0,0,0,0,0,30.145073,0.802778,0.469697,0.228346,0.543928,0.048054,0.468504,0.862205,0.913386,0.038617,0,0,0,1,0,0,0,0,0,0,0,0,0,1,0,0,0,0,0,0,0,0,0,0,0,0,0,0,0,0,0,0,0,0,0,0,0,0,0,0,0,0,0,0,3
java.lang.NumberFormatException: multiple points
linha fdp!!!!
0.587794,0.105556,0.166667,0.24481,0.232558,0.921310.454727,0,0.075758,0.221188,0.275194,0.370662,0.838583,0.909449,0.614173,0.950091,1,0,0,0,0,0,0,0,0,0,0,0,0,0,0,1,0,0,0,0,0,0,0,0,0,0,0,0,0,0,0,0,0,0,0,0,0,0,0,0,0,0,0,0,2
java.lang.NumberFormatException: multiple points
linha fdp!!!!
0.433717,0.152778,0.136364,0.289191,0.25969,0.286497,0.889764,0.870079,0.503937,0.8406520.512256,0.197222,0.136364,0.163207,0.332041,0.630041,0.909449,0.874016,0.488189,0.711278,1,0,0,0,0,0,0,0,0,0,0,0,0,0,0,1,0,0,0,0,0,0,0,0,0,0,0,0,0,0,0,0,0,0,0,0,0,0,0,0,0,0,0,0,10.509255,0.258333,0.19697,0.173228,0.316537,0.625966,0.944882,0.866142,0.425197,0.715321,1,0,0,0,0,0,0,0,0,0,0,0,0,0,0,1,0,0,0,0,0,0,0,0,0,0,0,0,0,0,0,0,0,0,0,0,0,0,0,0,0,0,0,0,1
java.lang.NumberFormatException: multiple points
linha fdp!!!!
0.387694,0.938889,0.30303,0.021475,0.24031,0.241394,0.677165,0.818898,0.677165,0.0.546773,0.075,0.106061,0.303508,0.409561,0.662639,0.854331,0.88189,0.562992,0.709048,1,0,0,0,0,0,0,0,0,0,0,0,0,0,0,1,0,0,0,0,0,0,0,0,0,0,0,0,0,0,0,0,0,0,0,0,0,0,0,0,0,0,0,0,20.543272,0.141667,0.136364,0.319256,0.409561,0.658705,0.885827,0.870079,0.507874,0.713091,1,0,0,0,0,0,0,0,0,0,0,0,0,0,0,1,0,0,0,0,0,0,0,0,0,0,0,0,0,0,0,0,0,0,0,0,0,0,0,0,0,0,0,0,2
java.lang.NumberFormatException: multiple points
linha fdp!!!!
0.515758,0.0.625313,0.491667,0.136364,0.198282,0.223514,0.91991,0.885827,0.968504,0.602362,0.366513,1,0,0,0,0,0,0,0,0,0,0,0,0,0,0,0,0,0,0,0,0,0,0,0,0,0,0,0,0,0,0,0,1,0,0,0,0,0,0,0,0,0,0,0,2
java.lang.NumberFormatException: multiple points
linha fdp!!!!
0.5710.484242,0.402778,0.166667,0.151754,0.25323,0.489954,0.929134,0.937008,0.519685,0.879269,1,0,0,0,0,0,0,0,0,0,0,0,0,0,0,1,0,0,0,0,0,0,0,0,0,0,0,0,0,0,0,0,0,0,0,0,0,0,0,0,0,0,0,0,2
java.lang.NumberFormatException: multiple points
linha fdp!!!!
0.433217,0.991667,0.075758,0.1252680.486243,0.175,0.19697,0.077309,0.251938,0.471125,0.909449,0.838583,0.440945,0.784191,1,0,0,0,0,0,0,0,0,0,0,0,0,0,0,0,0,0,0,0,0,0,0,0,0,0,0,0,0,0,0,0,0,1,0,0,0,0,0,0,0,0,0,0,20.483242,0.208333,0.257576,0.060845,0.244186,0.468175,0.937008,0.811024,0.366142,0.780705,1,0,0,0,0,0,0,0,0,0,0,0,0,0,0,0,0,0,0,0,0,0,0,0,0,0,0,0,0,0,0,0,0,1,0,0,0,0,0,0,0,0,0,0,2
java.lang.NumberFormatException: multiple points
linha fdp!!!!
0.505753,0.888880.69935,0.186111,0.212121,0.354331,0.338501,0.552339,0.917323,0.830709,0.417323,0.294716,1,0,0,0,0,0,0,0,0,0,0,0,0,0,0,0,0,0,0,0,0,0,0,0,0,0,0,0,0,0,0,0,1,0,0,0,0,0,0,0,0,0,0,0,10.694347,0.222222,0.257576,0.375089,0.325581,0.554307,0.944882,0.814961,0.358268,0.294159,1,0,0,0,0,0,0,0,0,0,0,0,0,0,0,0,0,0,0,0,0,0,0,0,0,0,0,0,0,0,0,0,1,0,0,0,0,0,0,0,0,0,0,0,1
java.lang.NumberFormatException: multiple points
linha fdp!!!!
0.546773,0.294444,0.378788,0.15030.662831,0.055556,0.227273,0.395132,0.276486,0.656737,0.818898,0.818898,0.527559,0.342535,1,0,0,0,0,0,0,0,0,0,0,0,0,0,0,0,0,0,0,0,0,0,0,0,0,0,0,0,0,0,0,0,1,0,0,0,0,0,0,0,0,0,0,0,1
java.lang.NumberFormatException: multiple points
linha fdp!!!!
0.471736,0.2,0.212121,0.339298,0.282946,0.250.453227,0.083333,0.121212,0.214746,0.245478,0.230294,0.858268,0.877953,0.555118,0.269343,1,0,0,0,0,0,0,0,0,0,0,0,0,0,0,0,0,0,0,0,0,0,0,0,0,0,0,0,0,0,0,0,0,1,0,0,0,0,0,0,0,0,0,0,1
java.lang.NumberFormatException: multiple points
linha fdp!!!!
0.478739,0.408333,0.075758,0.193271,0.231266,0.28320.377189,0.347222,0.136364,0.136006,0.268734,0.153857,0.929134,0.92126,0.503937,0.102886,1,0,0,0,0,0,0,0,0,0,0,0,0,0,0,0,0,0,0,0,0,0,0,0,0,0,0,0,0,0,0,0,0,1,0,0,0,0,0,0,0,0,0,0,20.375688,0.336111,0.151515,0.130279,0.264858,0.149642,0.933071,0.913386,0.492126,0.101073,1,0,0,0,0,0,0,0,0,0,0,0,0,0,0,0,0,0,0,0,0,0,0,0,0,0,0,0,0,0,0,0,0,1,0,0,0,0,0,0,0,0,0,0,2
java.lang.NumberFormatException: multiple points
linha fdp!!!!
0.497249,0.397222,0.20.587794,0.766667,0.106061,0.576235,0.27907,0.818463,0.787402,0.952756,0.712598,0.761467,1,0,0,0,0,0,0,0,0,0,0,0,0,0,0,0,0,0,0,0,0,0,0,0,0,0,0,0,0,0,0,0,1,0,0,0,0,0,0,0,0,0,0,0,10.587794,0.694444,0.075758,0.556908,0.27907,0.814669,0.822835,0.956693,0.677165,0.759515,1,0,0,0,0,0,0,0,0,0,0,0,0,0,0,0,0,0,0,0,0,0,0,0,0,0,0,0,0,0,0,0,1,0,0,0,0,0,0,0,0,0,0,0,1
java.lang.NumberFormatException: multiple points
linha fdp!!!!
0.532766,0.491667,0.075758,0.077309,0.229974,0.631305,0.874016,0.952756,0.610236,0.60780.515758,0.158333,0.075758,0.271296,0.23385,0.536743,0.877953,0.901575,0.559055,0.489614,1,0,0,0,0,0,0,0,0,0,0,0,0,0,0,0,0,0,0,0,0,0,0,0,0,0,1,0,0,0,0,0,0,0,0,0,0,0,0,0,0,0,0,0,20.515258,0.925,0.075758,0.27917,0.235142,0.533792,0.818898,0.917323,0.645669,0.485431,1,0,0,0,0,0,0,0,0,0,0,0,0,0,0,0,0,0,0,0,0,0,0,0,0,0,1,0,0,0,0,0,0,0,0,0,0,0,0,0,0,0,0,0,2
java.lang.NumberFormatException: multiple points
linha fdp!!!!
0.558279,0.183333,0.151515,0.214746,0.249354,0.4522970.42021,0.366667,0.106061,0.136006,0.235142,0.2487,0.913386,0.929134,0.535433,0.137042,1,0,0,0,0,0,0,0,0,0,0,0,0,0,0,1,0,0,0,0,0,0,0,0,0,0,0,0,0,0,0,0,0,0,0,0,0,0,0,0,0,0,0,0,20.42021,0.563889,0.060606,0.14388,0.24031,0.244485,0.858268,0.956693,0.633858,0.132859,1,0,0,0,0,0,0,0,0,0,0,0,0,0,0,1,0,0,0,0,0,0,0,0,0,0,0,0,0,0,0,0,0,0,0,0,0,0,0,0,0,0,0,0,2
java.lang.NumberFormatException: multiple points
linha fdp!!!!
0.551776,0.7361110.435718,0.266667,0.166667,0.021475,0.22739,0.373191,0.937008,0.88189,0.452756,0.285097,1,0,0,0,0,0,0,0,0,0,0,0,0,0,0,1,0,0,0,0,0,0,0,0,0,0,0,0,0,0,0,0,0,0,0,0,0,0,0,0,0,0,0,0,2
java.lang.NumberFormatException: multiple points
linha fdp!!!!
0.366183,0.961111,0.2120.605803,0.994444,0.121212,0.394417,0.308786,0.83153,0.818898,0.889764,0.610236,0.586226,1,0,0,0,0,0,0,0,0,0,0,0,0,0,0,0,0,0,0,0,0,0,0,0,0,0,0,0,0,0,0,0,1,0,0,0,0,0,0,0,0,0,0,0,20.604302,0.944444,0.075758,0.384395,0.30491,0.828017,0.826772,0.917323,0.637795,0.584135,1,0,0,0,0,0,0,0,0,0,0,0,0,0,0,0,0,0,0,0,0,0,0,0,0,0,0,0,0,0,0,0,1,0,0,0,0,0,0,0,0,0,0,0,2
java.lang.NumberFormatException: multiple points
linha fdp!!!!
0.337669,0.108333,0.151515,0.1546170.525263,0.686111,0.090909,0.150322,0.235142,0.751721,0.814961,0.964567,0.692913,0.58525,1,0,0,0,0,0,0,0,0,0,0,0,0,0,0,0,0,0,0,1,0,0,0,0,0,0,0,0,0,0,0,0,0,0,0,0,0,0,0,0,0,0,0,0,20.527264,0.675,0.106061,0.171797,0.24031,0.755796,0.807087,0.968504,0.704724,0.582601,1,0,0,0,0,0,0,0,0,0,0,0,0,0,0,0,0,0,0,1,0,0,0,0,0,0,0,0,0,0,0,0,0,0,0,0,0,0,0,0,0,0,0,0,2
java.lang.NumberFormatException: multiple points
linha fdp!!!!
0.41921,0.375,0.015150.463232,0.141667,0.136364,0.312813,0.333333,0.305325,0.885827,0.866142,0.503937,0.320786,1,0,0,0,0,0,0,0,0,0,0,0,0,0,0,0,0,0,0,0,0,0,0,0,0,0,0,0,0,0,0,0,1,0,0,0,0,0,0,0,0,0,0,0,20.46023,0.152778,0.19697,0.319256,0.325581,0.30111,0.897638,0.830709,0.448819,0.31758,1,0,0,0,0,0,0,0,0,0,0,0,0,0,0,0,0,0,0,0,0,0,0,0,0,0,0,0,0,0,0,0,1,0,0,0,0,0,0,0,0,0,0,0,2
java.lang.NumberFormatException: multiple points
linha fdp!!!!
0.44022,0.961111,0.060606,0.211167,0.20.538769,0.75,0.212121,0.242663,0.262274,0.796122,0.724409,0.96063,0.783465,0.486826,1,0,0,0,0,0,0,0,0,0,0,0,0,0,0,0,0,0,0,0,0,0,0,0,0,0,1,0,0,0,0,0,0,0,0,0,0,0,0,0,0,0,0,0,2
java.lang.NumberFormatException: multiple points
linha fdp!!!!
0.537269,0.855556,0.212121,0.088762,0.0.512756,0.280556,0.015152,0.258411,0.268734,0.405508,0.870079,0.933071,0.598425,0.375993,1,0,0,0,0,0,0,0,0,0,0,0,0,0,0,1,0,0,0,0,0,0,0,0,0,0,0,0,0,0,0,0,0,0,0,0,0,0,0,0,0,0,0,0,2
java.lang.NumberFormatException: multiple points
linha fdp!!!!
0.572786,0.980556,0.181818,0.042949,0.248062,0.594211,0.783465,0.858260.563282,0.086111,0.212121,0.317108,0.315245,0.644794,0.850394,0.822835,0.5,0.24648,1,0,0,0,0,0,0,0,0,0,0,0,0,0,0,0,0,0,0,0,0,0,0,0,0,0,0,0,0,0,0,0,1,0,0,0,0,0,0,0,0,0,0,0,20.561781,0.119444,0.181818,0.307802,0.361757,0.640719,0.874016,0.838583,0.488189,0.245504,1,0,0,0,0,0,0,0,0,0,0,0,0,0,0,0,0,0,0,0,0,0,0,0,0,0,0,0,0,0,0,0,1,0,0,0,0,0,0,0,0,0,0,0,2
java.lang.NumberFormatException: multiple points
linha fdp!!!!
0.436218,0.255556,0.287879,0.021475,0.2260.567784,0.261111,0.212121,0.2398,0.326873,0.648307,0.948819,0.862205,0.413386,0.230308,1,0,0,0,0,0,0,0,0,0,0,0,0,0,0,0,0,0,0,0,0,0,0,0,0,0,0,0,0,0,0,0,1,0,0,0,0,0,0,0,0,0,0,0,20.563282,0.275,0.257576,0.23121,0.315245,0.644232,0.968504,0.84252,0.358268,0.229332,1,0,0,0,0,0,0,0,0,0,0,0,0,0,0,0,0,0,0,0,0,0,0,0,0,0,0,0,0,0,0,0,1,0,0,0,0,0,0,0,0,0,0,0,2
java.lang.NumberFormatException: multiple points
linha fdp!!!!
0.40.561781,0.211111,0.227273,0.405154,0.245478,0.631727,0.933071,0.830709,0.397638,0.423393,1,0,0,0,0,0,0,0,0,0,0,0,0,0,0,0,0,0,0,0,0,0,0,0,0,0,0,0,0,0,0,0,1,0,0,0,0,0,0,0,0,0,0,0,2
java.lang.NumberFormatException: multiple points
linha fdp!!!!
0.509255,0.202778,0.212121,0.121689,0.268734,0.354222,0.929134,0.834646,0.409449,0.300.632316,0.15,0.136364,0.156049,0.236434,0.569622,0.885827,0.870079,0.511811,0.430643,1,0,0,0,0,0,0,0,0,0,0,0,0,0,0,0,0,0,0,0,0,0,0,0,0,0,0,0,0,0,0,0,1,0,0,0,0,0,0,0,0,0,0,0,2
java.lang.NumberFormatException: multiple points
linha fdp!!!!
0.498749,0.202778,0.2270.518259,0.322222,0.409091,0.14388,0.319121,0.598145,1,0.80315,0.23622,0.088248,1,0,0,0,0,0,0,0,0,0,0,0,0,0,0,0,0,0,0,0,0,0,0,0,0,0,0,0,0,0,0,0,1,0,0,0,0,0,0,0,0,0,0,0,2
java.lang.NumberFormatException: multiple points
linha fdp!!!!
0.358679,0.125,0.106061,0.107373,0.215762,0.036251,0.874016,0.88189,0.53930.62081,0.419444,0.181818,0.173228,0.20801,0.547281,0.929134,0.944882,0.519685,0.393699,1,0,0,0,0,0,0,0,0,0,0,0,0,0,0,0,0,0,0,0,0,0,0,0,0,0,0,0,0,0,0,0,1,0,0,0,0,0,0,0,0,0,0,0,2
java.lang.NumberFormatException: multiple points
linha fdp!!!!
0.46023,0.791667,0.136364,0.064424,0.21447,0.269074,0.76378,0.944882,0.732283,0.399130.355678,0.352778,0.151515,0.14388,0.255814,0.066601,0.933071,0.92126,0.496063,0.171616,1,0,0,0,0,0,0,0,0,0,0,0,1,0,0,0,0,0,0,0,0,0,0,0,0,0,0,0,0,0,0,0,0,0,0,0,0,0,0,0,0,0,0,0,20.354177,0.358333,0.090909,0.125268,0.251938,0.070114,0.905512,0.929134,0.547244,0.171476,1,0,0,0,0,0,0,0,0,0,0,0,1,0,0,0,0,0,0,0,0,0,0,0,0,0,0,0,0,0,0,0,0,0,0,0,0,0,0,0,0,0,0,0,2
java.lang.NumberFormatException: multiple points
linha fdp!!!!
0.55928,0.794444,0.212121,0.163207,0.211880.518759,0.075,0.045455,0,0.223514,0.48068,0.858268,0.913386,0.594488,0.205075,1,0,0,0,0,0,0,0,0,0,0,0,0,0,0,0,0,0,0,0,0,0,0,0,0,0,1,0,0,0,0,0,0,0,0,0,0,0,0,0,0,0,0,0,20.51976,0.875,0.090909,0,0.223514,0.478291,0.807087,0.925197,0.669291,0.209118,1,0,0,0,0,0,0,0,0,0,0,0,0,0,0,0,0,0,0,0,0,0,0,0,0,0,1,0,0,0,0,0,0,0,0,0,0,0,0,0,0,0,0,0,2
java.lang.NumberFormatException: multiple points
linha fdp!!!!
0.429215,0.172222,0.257576,0.040.533767,0.525,0.424242,0.14388,0.320413,0.7624,0.822835,0.976378,0.610236,0.084623,1,0,0,0,0,0,0,0,0,0,0,0,0,0,0,0,0,0,0,0,0,0,0,0,0,0,0,0,0,0,0,0,0,1,0,0,0,0,0,0,0,0,0,0,2
java.lang.NumberFormatException: multiple points
linha fdp!!!!
0.553777,0.55,0.287879,0.221188,0.3240.505753,0.144444,0.075758,0.18325,0.280362,0.338345,0.877953,0.897638,0.555118,0.378503,1,0,0,0,0,0,0,0,0,0,0,0,0,0,0,1,0,0,0,0,0,0,0,0,0,0,0,0,0,0,0,0,0,0,0,0,0,0,0,0,0,0,0,0,10.503752,0.25,0.106061,0.173228,0.301034,0.336237,0.909449,0.901575,0.519685,0.38157,1,0,0,0,0,0,0,0,0,0,0,0,0,0,0,1,0,0,0,0,0,0,0,0,0,0,0,0,0,0,0,0,0,0,0,0,0,0,0,0,0,0,0,0,1
java.lang.NumberFormatException: multiple points
linha fdp!!!!
0.501251,0.313889,0.242424,0.030064,0.241602,0.388647,0.968504,0.870079,0.380.635318,0.394444,0.227273,0.060845,0.244186,0.455248,0.948819,0.925197,0.468504,0.44779,1,0,0,0,0,0,0,0,0,0,0,0,0,0,0,0,0,0,0,0,0,0,0,0,0,0,1,0,0,0,0,0,0,0,0,0,0,0,0,0,0,0,0,0,2
java.lang.NumberFormatException: multiple points
linha fdp!!!!
0.456728,0.091667,0.151515,0.151754,0.267442,0.22102,0.858268,0.8580.541771,0.213889,0.136364,0,0.223514,0.543909,0.913386,0.88189,0.492126,0.16339,1,0,0,0,0,0,0,0,0,0,0,0,0,0,0,0,0,0,0,0,0,0,0,0,0,0,1,0,0,0,0,0,0,0,0,0,0,0,0,0,0,0,0,0,20.53927,0.119444,0.121212,0,0.223514,0.54152,0.874016,0.874016,0.531496,0.167433,1,0,0,0,0,0,0,0,0,0,0,0,0,0,0,0,0,0,0,0,0,0,0,0,0,0,1,0,0,0,0,0,0,0,0,0,0,0,0,0,0,0,0,0,2
java.lang.NumberFormatException: multiple points
linha fdp!!!!
0.462231,0.061111,0.045455,0.130279,0.230.384192,0.15,0.19697,0.042949,0.236434,0.144162,0.893701,0.834646,0.456693,0.075422,1,0,0,0,0,0,0,0,0,0,0,0,1,0,0,0,0,0,0,0,0,0,0,0,0,0,0,0,0,0,0,0,0,0,0,0,0,0,0,0,0,0,0,0,2
java.lang.NumberFormatException: multiple points
linha fdp!!!!
0.431216,0.2220.518759,0.966667,0.121212,0.042949,0.215762,0.666995,0.807087,0.893701,0.629921,0.211348,1,0,0,0,0,0,0,0,0,0,0,0,0,0,0,0,0,0,0,0,0,0,0,0,0,0,0,0,0,0,0,0,0,1,0,0,0,0,0,0,0,0,0,0,20.518759,0.019444,0.166667,0.042949,0.223514,0.670929,0.814961,0.858268,0.582677,0.207584,1,0,0,0,0,0,0,0,0,0,0,0,0,0,0,0,0,0,0,0,0,0,0,0,0,0,0,0,0,0,0,0,0,1,0,0,0,0,0,0,0,0,0,0,2
java.lang.NumberFormatException: multiple points
linha fdp!!!!
0.633817,0.219444,0.242424,0.2398,0.30.656828,0.483333,0.106061,0.2398,0.30491,0.414782,0.885827,0.96063,0.602362,0.462847,1,0,0,0,0,0,0,0,0,0,0,0,0,0,0,0,0,0,0,0,0,0,0,0,0,0,0,0,0,0,0,0,1,0,0,0,0,0,0,0,0,0,0,0,10.656828,0.375,0.136364,0.236936,0.30491,0.418435,0.925197,0.929134,0.523622,0.458943,1,0,0,0,0,0,0,0,0,0,0,0,0,0,0,0,0,0,0,0,0,0,0,0,0,0,0,0,0,0,0,0,1,0,0,0,0,0,0,0,0,0,0,0,1
java.lang.NumberFormatException: multiple points
linha fdp!!!!
0.464732,0.25,0.075758,0,0.20.569285,0.205556,0.151515,0.107373,0.24031,0.556133,0.913386,0.874016,0.480315,0.209118,1,0,0,0,0,0,0,0,0,0,0,0,0,0,0,0,0,0,0,0,0,0,0,0,0,0,0,0,0,0,0,0,1,0,0,0,0,0,0,0,0,0,0,0,2
java.lang.NumberFormatException: multiple points
linha fdp!!!!
0.483742,0.336111,0.106061,0.271296,0.262274,0.345930.530765,0.95,0.166667,0.23622,0.348837,0.401855,0.775591,0.877953,0.649606,0.27729,1,0,0,0,0,0,0,0,0,0,0,0,0,0,0,1,0,0,0,0,0,0,0,0,0,0,0,0,0,0,0,0,0,0,0,0,0,0,0,0,0,0,0,0,2
java.lang.NumberFormatException: multiple points
linha fdp!!!!
0.518259,0.852778,0.181818,0.173228,0.301034,0.424196,0.73622,0.9170.645823,0.097222,0.242424,0.279885,0.27907,0.798792,0.854331,0.80315,0.464567,0.121428,1,0,0,0,0,0,0,0,0,0,0,0,0,0,0,0,0,0,0,0,0,0,0,0,0,0,0,0,0,0,0,0,1,0,0,0,0,0,0,0,0,0,0,0,10.643322,0.108333,0.242424,0.269148,0.27261,0.795841,0.862205,0.80315,0.456693,0.117245,1,0,0,0,0,0,0,0,0,0,0,0,0,0,0,0,0,0,0,0,0,0,0,0,0,0,0,0,0,0,0,0,1,0,0,0,0,0,0,0,0,0,0,0,1
java.lang.NumberFormatException: multiple points
linha fdp!!!!
0.469735,0.211111,0.242424,0.231926,0.267442,0.2488410.647324,0.130556,0.121212,0.137437,0.250646,0.787972,0.877953,0.877953,0.531496,0.096612,1,0,0,0,0,0,0,0,0,0,0,0,0,0,0,0,0,0,0,0,0,0,0,0,0,0,0,0,0,0,0,0,1,0,0,0,0,0,0,0,0,0,0,0,1
java.lang.NumberFormatException: multiple points
linha fdp!!!!
0.55978,0.930556,0.272727,0.107373,0.295866,0.530561,0.7000.632316,0.169444,0.151515,0.136006,0.258398,0.777434,0.897638,0.866142,0.488189,0.132859,1,0,0,0,0,0,0,0,0,0,0,0,0,0,0,0,0,0,0,0,0,0,0,0,0,0,0,0,0,0,0,0,1,0,0,0,0,0,0,0,0,0,0,0,1
java.lang.NumberFormatException: multiple points
linha fdp!!!!
0.629815,0.094444,0.19690.548774,0.844444,0.136364,0.194703,0.326873,0.399747,0.771654,0.929134,0.708661,0.323156,1,0,0,0,0,0,0,0,0,0,0,0,0,0,0,0,0,0,0,0,0,0,0,0,0,0,0,0,0,0,0,0,1,0,0,0,0,0,0,0,0,0,0,0,20.550775,0.825,0.19697,0.215462,0.332041,0.395672,0.716535,0.925197,0.759843,0.322459,1,0,0,0,0,0,0,0,0,0,0,0,0,0,0,0,0,0,0,0,0,0,0,0,0,0,0,0,0,0,0,0,1,0,0,0,0,0,0,0,0,0,0,0,2
java.lang.NumberFormatException: multiple points
linha fdp!!!!
0.58079,0.788889,0.090909,0.090909,0.224806,0.775327,0.80315,0.944882,0.692913,0.2931830.562781,0.344444,0.151515,0.137437,0.249354,0.55515,0.937008,0.917323,0.492126,0.366653,1,0,0,0,0,0,0,0,0,0,0,0,0,0,0,0,0,0,0,0,0,0,0,0,0,0,0,0,0,0,0,0,1,0,0,0,0,0,0,0,0,0,0,0,10.56078,0.391667,0.151515,0.121689,0.244186,0.550934,0.925197,0.933071,0.519685,0.370138,1,0,0,0,0,0,0,0,0,0,0,0,0,0,0,0,0,0,0,0,0,0,0,0,0,0,0,0,0,0,0,0,1,0,0,0,0,0,0,0,0,0,0,0,1
java.lang.NumberFormatException: multiple points
linha fdp!!!!
0.527764,0.20.564782,0.027778,0.181818,0,0.223514,0.476605,0.811024,0.846457,0.570866,0.279799,1,0,0,0,0,0,0,0,0,0,0,0,0,0,0,0,0,0,0,0,0,0,0,0,0,0,0,0,0,0,0,0,1,0,0,0,0,0,0,0,0,0,0,0,10.564782,0.002778,0.181818,0.021475,0.231266,0.47239,0.799213,0.858268,0.598425,0.277569,1,0,0,0,0,0,0,0,0,0,0,0,0,0,0,0,0,0,0,0,0,0,0,0,0,0,0,0,0,0,0,0,1,0,0,0,0,0,0,0,0,0,0,0,1
java.lang.NumberFormatException: multiple points
linha fdp!!!!
0.64032,0.213889,0.075758,0.021470.596298,0.969444,0.060606,0.125268,0.231266,0.734298,0.838583,0.917323,0.622047,0.345741,1,0,0,0,0,0,0,0,0,0,0,0,0,0,0,0,0,0,0,0,0,0,0,0,0,0,1,0,0,0,0,0,0,0,0,0,0,0,0,0,0,0,0,0,1
java.lang.NumberFormatException: multiple points
linha fdp!!!!
0.503252,0.333333,0.19697,0.115960.623312,0.911111,0.121212,0.021475,0.231266,0.666292,0.795276,0.909449,0.665354,0.360937,1,0,0,0,0,0,0,0,0,0,0,0,0,0,0,0,0,0,0,0,0,0,0,0,0,0,0,0,0,0,0,0,1,0,0,0,0,0,0,0,0,0,0,0,2
java.lang.NumberFormatException: multiple points
linha fdp!!!!
0.598799,0.988889,0.045455,0.171797,0.248062,0.471547,0.84252,0.92126,0.61811,0.210.508254,0.341667,0.242424,0.090909,0.249354,0.210763,0.964567,0.893701,0.417323,0.205772,1,0,0,0,0,0,0,0,0,0,0,0,0,0,0,0,0,0,0,0,0,0,0,0,0,0,0,0,0,0,0,0,1,0,0,0,0,0,0,0,0,0,0,0,20.506253,0.394444,0.181818,0.077309,0.244186,0.206688,0.933071,0.933071,0.503937,0.20842,1,0,0,0,0,0,0,0,0,0,0,0,0,0,0,0,0,0,0,0,0,0,0,0,0,0,0,0,0,0,0,0,1,0,0,0,0,0,0,0,0,0,0,0,2
java.lang.NumberFormatException: multiple points
linha fdp!!!!
0.693347,0.05,0.121212,0.459556,0.3480.730365,0.325,0.030303,0.471009,0.377261,0.498244,0.877953,0.933071,0.590551,0.570891,1,0,0,0,0,0,0,0,0,0,0,0,0,0,0,0,0,0,0,0,0,0,0,0,0,0,0,0,0,0,0,0,0,0,0,0,0,0,0,0,0,0,0,1,10.728364,0.194444,0.090909,0.480315,0.372093,0.501054,0.893701,0.897638,0.531496,0.567684,1,0,0,0,0,0,0,0,0,0,0,0,0,0,0,0,0,0,0,0,0,0,0,0,0,0,0,0,0,0,0,0,0,0,0,0,0,0,0,0,0,0,0,1,1
java.lang.NumberFormatException: multiple points
linha fdp!!!!
0.629315,0.705556,0.181818,0.137437,0.270026,0.788113,0.751969,0.976378,0.767717,0.30.697349,0.125,0.060606,0.395132,0.321705,0.789518,0.870079,0.909449,0.57874,0.3838,1,0,0,0,0,0,0,0,0,0,0,0,0,0,0,0,0,0,0,0,0,0,0,0,0,0,0,0,0,0,0,0,1,0,0,0,0,0,0,0,0,0,0,0,20.696848,0.030556,0.015152,0.3801,0.320413,0.785303,0.854331,0.929134,0.614173,0.384776,1,0,0,0,0,0,0,0,0,0,0,0,0,0,0,0,0,0,0,0,0,0,0,0,0,0,0,0,0,0,0,0,1,0,0,0,0,0,0,0,0,0,0,0,2
java.lang.NumberFormatException: multiple points
linha fdp!!!!
0.467734,0.2020.641321,0.688889,0.166667,0.214746,0.280362,0.803428,0.771654,0.976378,0.748031,0.392723,1,0,0,0,0,0,0,0,0,0,0,0,0,0,0,0,0,0,0,0,0,0,0,0,0,0,0,0,0,0,0,0,0,1,0,0,0,0,0,0,0,0,0,0,20.644322,0.7,0.212121,0.231926,0.282946,0.807222,0.740157,0.980315,0.779528,0.392165,1,0,0,0,0,0,0,0,0,0,0,0,0,0,0,0,0,0,0,0,0,0,0,0,0,0,0,0,0,0,0,0,0,1,0,0,0,0,0,0,0,0,0,0,2
java.lang.NumberFormatException: multiple points
linha fdp!!!!
0.626813,0.152778,0.166667,0.107373,0.257106,0.4986650.655828,0.269444,0.166667,0.380816,0.270026,0.637909,0.940945,0.88189,0.448819,0.297226,1,0,0,0,0,0,0,0,0,0,0,0,0,0,0,0,0,0,0,0,0,0,0,0,0,0,0,0,0,0,0,0,1,0,0,0,0,0,0,0,0,0,0,0,2
java.lang.NumberFormatException: multiple points
linha fdp!!!!
0.67984,0.188889,0.272727,0.251253,0.343669,0.571308,0.925197,0.795276,0.0.638819,0.138889,0.121212,0.107373,0.257106,0.736125,0.88189,0.874016,0.519685,0.433292,1,0,0,0,0,0,0,0,0,0,0,0,0,0,0,0,0,0,0,0,0,0,0,0,0,1,0,0,0,0,0,0,0,0,0,0,0,0,0,0,0,0,0,0,20.636318,0.161111,0.151515,0.088762,0.248062,0.740059,0.897638,0.858268,0.484252,0.432316,1,0,0,0,0,0,0,0,0,0,0,0,0,0,0,0,0,0,0,0,0,0,0,0,0,1,0,0,0,0,0,0,0,0,0,0,0,0,0,0,0,0,0,0,2
java.lang.NumberFormatException: multiple points
linha fdp!!!!
0.633317,0.425,0.19697,0.211167,0.24031,0.533792,0.920.586293,0.791667,0.075758,0.273443,0.315245,0.316847,0.814961,0.944882,0.677165,0.080719,1,0,0,0,0,0,0,0,0,0,0,0,0,0,0,0,0,0,0,0,0,0,0,0,0,0,0,0,0,0,0,0,0,1,0,0,0,0,0,0,0,0,0,0,20.586793,0.238889,0.045455,0.289191,0.316537,0.313334,0.88189,0.92126,0.570866,0.084623,1,0,0,0,0,0,0,0,0,0,0,0,0,0,0,0,0,0,0,0,0,0,0,0,0,0,0,0,0,0,0,0,0,1,0,0,0,0,0,0,0,0,0,0,2
java.lang.NumberFormatException: multiple points
linha fdp!!!!
0.40.696848,0.666667,0.227273,0.214746,0.317829,0.648307,0.748031,0.988189,0.775591,0.43608,1,0,0,0,0,0,0,0,0,0,0,0,0,0,0,0,0,0,0,0,0,0,0,0,0,1,0,0,0,0,0,0,0,0,0,0,0,0,0,0,0,0,0,0,1
java.lang.NumberFormatException: multiple points
BYTES READ -1
learning evaluation instances,Wall Time (Actual Time),Avg Delay (ms),outRate (inst/s),classified instances,classifications correct (percent),Kappa Statistic (percent),Kappa Temporal Statistic (percent),Kappa M Statistic (percent),F1 Score (percent),F1 Score for class 0 (percent),F1 Score for class 1 (percent),F1 Score for class 2 (percent),F1 Score for class 3 (percent),F1 Score for class 4 (percent),F1 Score for class 5 (percent),F1 Score for class 6 (percent),Precision (percent),Precision for class 0 (percent),Precision for class 1 (percent),Precision for class 2 (percent),Precision for class 3 (percent),Precision for class 4 (percent),Precision for class 5 (percent),Precision for class 6 (percent),Recall (percent),Recall for class 0 (percent),Recall for class 1 (percent),Recall for class 2 (percent),Recall for class 3 (percent),Recall for class 4 (percent),Recall for class 5 (percent),Recall for class 6 (percent),model training instances,model serialized size (bytes)
138000.0,599.3389892578125,5762.0,230.253662109375,136000.0,90.01544117647059,77.90856511420235,-42.39723154362419,68.79968751436056,68.25115498944747,2.272727272727273,82.41588739998072,93.86779404472976,68.72466479575927,83.3397165836844,69.90154711673699,74.58458185780441,69.84403824125003,3.389830508474576,91.8029852883273,90.71219610612327,72.40473061760841,76.56579873328641,78.10371922472498,75.92900721020521,66.72930719104471,1.7094017094017095,74.77041485670972,97.25085167360623,65.40059347181008,91.42857142857143,63.258379295714896,73.28693790149893,0.0,1.0
