Connected!
[newChuckSize]:0
thread is open, sizeMB500
[newChuckSize]:500
thread is open, sizeMB500
thread is open, sizeMB500
thread is open, sizeMB500
thread is open, sizeMB500
print extradionario!!!!
0.494247,0.390.507254,0.116667,0.30303,0.300644,0.328165,0.607981,0.862205,0.751969,0.389764,0.751708,1,0,0,0,0,0,0,0,0,0,0,0,0,0,0,0,0,0,0,0,0,0,0,0,0,0,0,0,0,0,0,0,1,0,0,0,0,0,0,0,0,0,0,0,10.502251,0.125,0.30303,0.300644,0.315245,0.603906,0.870079,0.755906,0.38189,0.755751,1,0,0,0,0,0,0,0,0,0,0,0,0,0,0,0,0,0,0,0,0,0,0,0,0,0,0,0,0,0,0,0,1,0,0,0,0,0,0,0,0,0,0,0,1
java.lang.NumberFormatException: multiple points
thread is open, sizeMB500
thread is open, sizeMB500
thread is open, sizeMB500
print extradionario!!!!
0.663832,0.35,0.1212120.627314,0.122222,0.378788,0.228346,0.262274,0.661655,0.850394,0.692913,0.318898,0.450439,1,0,0,0,0,0,0,0,0,0,0,0,0,0,0,0,0,0,0,0,0,0,0,0,0,0,0,0,0,0,0,0,1,0,0,0,0,0,0,0,0,0,0,0,10.623812,0.125,0.363636,0.242663,0.25969,0.662498,0.858268,0.704724,0.326772,0.451415,1,0,0,0,0,0,0,0,0,0,0,0,0,0,0,0,0,0,0,0,0,0,0,0,0,0,0,0,0,0,0,0,1,0,0,0,0,0,0,0,0,0,0,0,1
java.lang.NumberFormatException: multiple points
print extradionario!!!!
0.65983,0.091667,0.181818,0.211167,0.26615,0.638612,0.85820.536768,0.172222,0.060606,0.021475,0.223514,0.589574,0.877953,0.913386,0.570866,0.708072,1,0,0,0,0,0,0,0,0,0,0,0,0,0,0,0,0,0,0,0,0,0,1,0,0,0,0,0,0,0,0,0,0,0,0,0,0,0,0,0,0,0,0,0,20.535268,0.783333,0.106061,0.030064,0.22093,0.58564,0.791339,0.948819,0.704724,0.704029,1,0,0,0,0,0,0,0,0,0,0,0,0,0,0,0,0,0,0,0,0,0,1,0,0,0,0,0,0,0,0,0,0,0,0,0,0,0,0,0,0,0,0,0,2
java.lang.NumberFormatException: multiple points
thread is open, sizeMB500
print extradionario!!!!
0.5440.548274,0.052778,0.257576,0.042949,0.231266,0.593509,0.807087,0.795276,0.507874,0.76314,1,0,0,0,0,0,0,0,0,0,0,0,0,0,0,0,0,0,0,0,0,0,0,0,0,0,0,0,0,0,0,0,1,0,0,0,0,0,0,0,0,0,0,0,2
java.lang.NumberFormatException: multiple points
thread is open, sizeMB500
thread is open, sizeMB500
print extradionario!!!!
0.4637320.426213,0.35,0.090909,0,0.223514,0.439511,0.909449,0.929134,0.53937,0.24871,1,0,0,0,0,0,0,0,0,0,0,0,0,0,0,0,0,0,0,0,0,0,0,0,0,0,0,0,0,0,0,0,1,0,0,0,0,0,0,0,0,0,0,0,2
java.lang.NumberFormatException: multiple points
thread is open, sizeMB500
thread is open, sizeMB500
print extradionario!!!!
0.545273,0.7444440.351676,0.052778,0.19697,0.060845,0.224806,0.145567,0.826772,0.834646,0.53937,0.078628,1,0,0,0,0,0,0,0,0,0,0,0,1,0,0,0,0,0,0,0,0,0,0,0,0,0,0,0,0,0,0,0,0,0,0,0,0,0,0,0,0,0,0,0,10.349175,0.119444,0.227273,0.077309,0.226098,0.144021,0.870079,0.807087,0.452756,0.080441,1,0,0,0,0,0,0,0,0,0,0,0,1,0,0,0,0,0,0,0,0,0,0,0,0,0,0,0,0,0,0,0,0,0,0,0,0,0,0,0,0,0,0,0,1
java.lang.NumberFormatException: multiple points
thread is open, sizeMB500
print extradionario!!!!
0.554777,0.027778,0.060606,0.021475,0.220.532266,0.183333,0.363636,0.068003,0.281654,0.784179,0.925197,0.720472,0.259843,0.15865,1,0,0,0,0,0,0,0,0,0,0,0,0,0,0,0,0,0,0,0,0,0,0,0,0,0,0,0,0,0,0,0,0,1,0,0,0,0,0,0,0,0,0,0,20.526763,0.175,0.333333,0.04796,0.260982,0.788253,0.917323,0.740157,0.299213,0.157396,1,0,0,0,0,0,0,0,0,0,0,0,0,0,0,0,0,0,0,0,0,0,0,0,0,0,0,0,0,0,0,0,0,1,0,0,0,0,0,0,0,0,0,0,2
java.lang.NumberFormatException: multiple points
thread is open, sizeMB500
print extradionario!!!!
0.489745,0.261111,0.136364,0.04796,0.218340.689345,0.041667,0.19697,0.41446,0.282946,0.434172,0.818898,0.838583,0.555118,0.500906,1,0,0,0,0,0,0,0,0,0,0,0,0,0,0,0,0,0,0,0,0,0,0,0,0,0,0,0,0,0,0,0,0,0,0,0,0,0,0,0,0,0,0,1,10.689345,0.027778,0.181818,0.395132,0.282946,0.438387,0.814961,0.850394,0.570866,0.4977,1,0,0,0,0,0,0,0,0,0,0,0,0,0,0,0,0,0,0,0,0,0,0,0,0,0,0,0,0,0,0,0,0,0,0,0,0,0,0,0,0,0,0,1,1
java.lang.NumberFormatException: multiple points
thread is open, sizeMB500
print extradionario!!!!
0.623812,0.158333,0.378788,0.198282,0.286822,0.0.621811,0.425,0.212121,0.151754,0.267442,0.714767,0.933071,0.944882,0.511811,0.269204,1,0,0,0,0,0,0,0,0,0,0,0,0,0,0,0,0,0,0,0,0,0,0,0,0,0,0,0,0,0,0,0,1,0,0,0,0,0,0,0,0,0,0,0,10.61981,0.391667,0.227273,0.137437,0.268734,0.710552,0.948819,0.925197,0.472441,0.271435,1,0,0,0,0,0,0,0,0,0,0,0,0,0,0,0,0,0,0,0,0,0,0,0,0,0,0,0,0,0,0,0,1,0,0,0,0,0,0,0,0,0,0,0,1
java.lang.NumberFormatException: multiple points
print extradionario!!!!
0.530.52026,0.269444,0.242424,0.085898,0.211886,0.208093,0.96063,0.846457,0.374016,0.231005,1,0,0,0,0,0,0,0,0,0,0,0,0,0,0,0,0,0,0,0,0,0,0,0,0,0,0,0,0,0,0,0,1,0,0,0,0,0,0,0,0,0,0,0,1
java.lang.NumberFormatException: multiple points
thread is open, sizeMB500
thread is open, sizeMB500
print extradionario!!!!
0.592296,0.258333,0.136364,0.19184,0.250646,0.260503,0.921260.66033,0.094444,0.075758,0.198282,0.332041,0.686666,0.862205,0.897638,0.574803,0.269901,1,0,0,0,0,0,0,0,0,0,0,0,0,0,0,0,0,0,0,0,0,0,0,0,0,0,0,0,0,0,0,0,1,0,0,0,0,0,0,0,0,0,0,0,10.65933,0.091667,0.106061,0.176807,0.329457,0.682872,0.862205,0.889764,0.562992,0.265858,1,0,0,0,0,0,0,0,0,0,0,0,0,0,0,0,0,0,0,0,0,0,0,0,0,0,0,0,0,0,0,0,1,0,0,0,0,0,0,0,0,0,0,0,1
java.lang.NumberFormatException: multiple points
thread is open, sizeMB500
print extradionario!!!!
0.667334,0,0.030303,0.421618,0.350129,0.739778,0.8500.701351,0.980556,0.090909,0.258411,0.255814,0.832514,0.826772,0.905512,0.622047,0.124076,1,0,0,0,0,0,0,0,0,0,0,0,0,0,0,0,0,0,0,0,0,0,0,0,0,1,0,0,0,0,0,0,0,0,0,0,0,0,0,0,0,0,0,0,10.701351,0,0.090909,0.273443,0.25323,0.836729,0.834646,0.901575,0.610236,0.127701,1,0,0,0,0,0,0,0,0,0,0,0,0,0,0,0,0,0,0,0,0,0,0,0,0,1,0,0,0,0,0,0,0,0,0,0,0,0,0,0,0,0,0,0,1
java.lang.NumberFormatException: multiple points
print extradionario!!!!
0.491246,0.213889,0.4090.686843,0.091667,0.121212,0.154617,0.248062,0.862442,0.862205,0.877953,0.551181,0.103443,1,0,0,0,0,0,0,0,0,0,0,0,0,0,0,0,0,0,0,0,0,0,0,0,0,0,1,0,0,0,0,0,0,0,0,0,0,0,0,0,0,0,0,0,10.685843,0.1,0.121212,0.137437,0.245478,0.858508,0.866142,0.874016,0.543307,0.104559,1,0,0,0,0,0,0,0,0,0,0,0,0,0,0,0,0,0,0,0,0,0,0,0,0,0,1,0,0,0,0,0,0,0,0,0,0,0,0,0,0,0,0,0,1
java.lang.NumberFormatException: multiple points
thread is open, sizeMB500
print extradionario!!!!
0.697349,0.411111,0.19697,0.279885,0.25323,0.61332,0.933071,0.9409450.30065,0.872222,0.30303,0.171797,0.30491,0.105522,0.637795,0.866142,0.771654,0.215949,0,0,1,0,0,0,0,0,0,0,0,0,0,1,0,0,0,0,0,0,0,0,0,0,0,0,0,0,0,0,0,0,0,0,0,0,0,0,0,0,0,0,0,0,20.306153,0.780556,0.333333,0.19184,0.328165,0.105381,0.602362,0.925197,0.862205,0.212882,0,0,1,0,0,0,0,0,0,0,0,0,0,1,0,0,0,0,0,0,0,0,0,0,0,0,0,0,0,0,0,0,0,0,0,0,0,0,0,0,0,0,0,0,3
java.lang.NumberFormatException: multiple points
thread is open, sizeMB500
thread is open, sizeMB500
thread is open, sizeMB500
print extradionario!!!!
0.527264,0.258333,0.136364,0.04796,0.219638,0.126317,0.925197,0.889764,0.484252,0.0.230615,0.033333,0.348485,0.060845,0.241602,0.110299,0.744094,0.732283,0.496063,0.085878,0,0,0,1,0,0,0,0,0,0,0,0,0,1,0,0,0,0,0,0,0,0,0,0,0,0,0,0,0,0,0,0,0,0,0,0,0,0,0,0,0,0,0,0,30.230115,0.063889,0.318182,0.077309,0.248062,0.109878,0.799213,0.751969,0.464567,0.088666,0,0,0,1,0,0,0,0,0,0,0,0,0,1,0,0,0,0,0,0,0,0,0,0,0,0,0,0,0,0,0,0,0,0,0,0,0,0,0,0,0,0,0,0,3
java.lang.NumberFormatException: multiple points
thread is open, sizeMB500
thread is open, sizeMB500
learning evaluation instances,Wall Time (Actual Time),Avg Delay (ms),outRate (inst/s),classified instances,classifications correct (percent),Kappa Statistic (percent),Kappa Temporal Statistic (percent),Kappa M Statistic (percent),F1 Score (percent),F1 Score for class 0 (percent),F1 Score for class 1 (percent),F1 Score for class 2 (percent),F1 Score for class 3 (percent),F1 Score for class 4 (percent),F1 Score for class 5 (percent),F1 Score for class 6 (percent),Precision (percent),Precision for class 0 (percent),Precision for class 1 (percent),Precision for class 2 (percent),Precision for class 3 (percent),Precision for class 4 (percent),Precision for class 5 (percent),Precision for class 6 (percent),Recall (percent),Recall for class 0 (percent),Recall for class 1 (percent),Recall for class 2 (percent),Recall for class 3 (percent),Recall for class 4 (percent),Recall for class 5 (percent),Recall for class 6 (percent),model training instances,model serialized size (bytes),ensemble size,change detections,[avg] model training instances,[err] model training instances,[avg] model serialized size (bytes),[err] model serialized size (bytes),[avg] tree size (nodes),[err] tree size (nodes),[avg] tree size (leaves),[err] tree size (leaves),[avg] active learning leaves,[err] active learning leaves,[avg] tree depth,[err] tree depth,[avg] active leaf byte size estimate,[err] active leaf byte size estimate,[avg] inactive leaf byte size estimate,[err] inactive leaf byte size estimate,[avg] byte size estimate overhead,[err] byte size estimate overhead
98001.0,120.53600311279297,602.0,813.0433959960938,98000.0,91.96938775510203,83.9298718828278,-64.23205342237071,77.55212641547105,72.61579942831975,7.142857142857142,88.73988182340194,94.59881263283376,88.61240711940556,85.89398023360287,71.7572524174725,70.41116005873714,73.42228082812937,7.142857142857142,91.60579754483919,93.40261107927708,86.18487394957984,89.84962406015038,67.92929292929293,77.8409090909091,71.8268425629013,7.142857142857142,86.04784826496157,95.82605103435127,91.18065433854908,82.27194492254733,76.04240282685512,64.27613941018767,0.0,1.0,25.0,192.0,137427.16,169241.318446639,1.0,0.0,62.0,84.92447625194202,31.48,42.477562704718984,31.48,42.477562704718984,5.880000000000001,4.639683897278635,0.0,0.0,0.0,0.0,1.0,0.0
