Connected!
[newChuckSize]:0
thread is open, sizeMB500
[newChuckSize]:500
print extradionario!!!!
0.483742,0.030556,0.106061,0.26199,0.31780.102051,0.613889,0.363636,0.184681,0.229974,0.08276,0.724409,1,0.775591,0.136205,0,0,0,1,1,0,0,0,0,0,0,0,0,0,0,0,0,0,0,0,0,0,0,0,0,0,0,0,0,0,0,0,0,0,0,0,0,0,0,0,0,0,0,0,6
java.lang.NumberFormatException: multiple points
thread is open, sizeMB500
print extradionario!!!!
0.71986,0.833333,0.060606,0.211167,0.319121,0.164395,0.822835,0.937008,0.661417,0.3239930.245123,0.358333,0.30303,0.077309,0.248062,0.062245,0.976378,0.885827,0.377953,0.18723,0,0,0,1,1,0,0,0,0,0,0,0,0,0,0,0,0,0,0,0,0,0,0,0,0,0,0,0,0,0,0,0,0,0,0,0,0,0,0,0,0,0,0,0,60.236618,0.25,0.136364,0,0.223514,0.044822,0.92126,0.889764,0.484252,0.177889,0,0,0,1,0,0,0,0,0,0,0,0,0,0,0,0,0,1,0,0,0,0,0,0,0,0,0,0,0,0,0,0,0,0,0,0,0,0,0,0,0,0,0,0,4
java.lang.NumberFormatException: multiple points
thread is open, sizeMB500
print extradionario!!!!
0.402201,0.00.43922,0.261111,0.121212,0.14388,0.244186,0.334692,0.913386,0.901575,0.507874,0.966402,1,0,0,0,0,0,0,0,0,0,0,0,0,0,0,1,0,0,0,0,0,0,0,0,0,0,0,0,0,0,0,0,0,0,0,0,0,0,0,0,0,0,0,0,10.436718,0.194444,0.090909,0.136006,0.237726,0.330476,0.893701,0.897638,0.531496,0.970584,1,0,0,0,0,0,0,0,0,0,0,0,0,0,0,1,0,0,0,0,0,0,0,0,0,0,0,0,0,0,0,0,0,0,0,0,0,0,0,0,0,0,0,0,1
java.lang.NumberFormatException: multiple points
print extradionario!!!!
0.554777,0.225,0.090909,0.021475,0.223514,0.844457,0.897638,0.0.523762,0.969444,0.060606,0.107373,0.286822,0.68779,0.838583,0.917323,0.622047,0.638924,1,0,0,0,0,0,0,0,0,0,0,0,0,0,0,0,0,0,0,0,0,0,0,0,0,0,0,1,0,0,0,0,0,0,0,0,0,0,0,0,0,0,0,0,20.523762,0.319444,0.227273,0.121689,0.282946,0.683715,0.964567,0.88189,0.409449,0.643106,1,0,0,0,0,0,0,0,0,0,0,0,0,0,0,0,0,0,0,0,0,0,0,0,0,0,0,1,0,0,0,0,0,0,0,0,0,0,0,0,0,0,0,0,2
java.lang.NumberFormatException: multiple points
print extradionario!!!!
0.497749,0.272222,0.030303,0.346457,0.29199,0.504286,0.0.375688,0.161111,0.090909,0.137437,0.27261,0.20444,0.885827,0.893701,0.53937,0.676565,1,0,0,0,0,0,0,0,0,0,0,0,0,0,0,1,0,0,0,0,0,0,0,0,0,0,0,0,0,0,0,0,0,0,0,0,0,0,0,0,0,0,0,0,20.372686,0.166667,0.136364,0.151754,0.262274,0.203878,0.893701,0.870079,0.5,0.674334,1,0,0,0,0,0,0,0,0,0,0,0,0,0,0,0,0,0,0,0,0,1,0,0,0,0,0,0,0,0,0,0,0,0,0,0,0,0,0,0,0,0,0,0,2
java.lang.NumberFormatException: multiple points
print extradionario!!!!
0.373687,0.161111,0.106061,0.151754,0.280362,0.208093,0.889764,0.885827,0.523622,0.60.367684,0.225,0.166667,0.09592,0.276486,0.206548,0.925197,0.862205,0.448819,0.659975,1,0,0,0,0,0,0,0,0,0,0,0,0,0,0,0,0,0,0,0,0,1,0,0,0,0,0,0,0,0,0,0,0,0,0,0,0,0,0,0,0,0,0,0,20.363682,0.316667,0.166667,0.088762,0.27261,0.206548,0.940945,0.901575,0.468504,0.657744,1,0,0,0,0,0,0,0,0,0,0,0,0,0,0,0,0,0,0,0,0,0,0,0,0,0,0,0,0,0,0,0,0,1,0,0,0,0,0,0,0,0,0,0,2
java.lang.NumberFormatException: multiple points
thread is open, sizeMB500
print extradionario!!!!
0.431716,0.375,0.106061,0.150322,0.231266,0.324850.421211,0.413889,0.045455,0.085898,0.235142,0.265561,0.877953,0.940945,0.594488,0.567824,1,0,0,0,0,0,0,0,0,0,0,0,0,0,0,1,0,0,0,0,0,0,0,0,0,0,0,0,0,0,0,0,0,0,0,0,0,0,0,0,0,0,0,0,20.422211,0.672222,0.075758,0.085898,0.237726,0.261346,0.830709,0.956693,0.669291,0.564896,1,0,0,0,0,0,0,0,0,0,0,0,0,0,0,1,0,0,0,0,0,0,0,0,0,0,0,0,0,0,0,0,0,0,0,0,0,0,0,0,0,0,0,0,2
java.lang.NumberFormatException: multiple points
print extradionario!!!!
0.663332,0.186111,0.121212,0.219041,0.236434,0.5900.664832,0.875,0.151515,0.150322,0.260982,0.625123,0.759843,0.913386,0.700787,0.459083,1,0,0,0,0,0,0,0,0,0,0,0,0,0,0,0,0,0,0,0,0,0,0,0,0,0,0,0,0,0,0,0,1,0,0,0,0,0,0,0,0,0,0,0,1
java.lang.NumberFormatException: multiple points
thread is open, sizeMB500
print extradionario!!!!
0.530265,0.238889,0.136364,0.14388,0.231266,0.496558,0.921260.686343,0.102778,0.242424,0.442377,0.295866,0.49993,0.858268,0.799213,0.46063,0.587481,1,0,0,0,0,0,0,0,0,0,0,0,0,0,0,0,0,0,0,0,0,0,0,0,0,0,0,0,0,0,0,0,1,0,0,0,0,0,0,0,0,0,0,0,1
java.lang.NumberFormatException: multiple points
thread is open, sizeMB500
print extradionario!!!!
0.457229,0.43610.355178,0.227778,0.227273,0.107373,0.222222,0.122383,0.944882,0.834646,0.385827,0.02133,1,0,0,0,0,0,0,0,0,0,0,0,0,0,0,0,0,0,0,0,0,0,0,0,0,0,0,0,0,0,0,0,1,0,0,0,0,0,0,0,0,0,0,0,20.350675,0.202778,0.227273,0.121689,0.210594,0.118168,0.929134,0.830709,0.405512,0.017287,1,0,0,0,0,0,0,0,0,0,0,0,0,0,0,0,0,0,0,0,0,0,0,0,0,0,0,0,0,0,0,0,1,0,0,0,0,0,0,0,0,0,0,0,2
java.lang.NumberFormatException: multiple points
thread is open, sizeMB500
thread is open, sizeMB500
print extradionario!!!!
0.550275,0.75,0.121212,0.34932,0.29199,0.785865,0.783465,0.956693,0.0.397699,0.008333,0.060606,0.176807,0.229974,0.062245,0.84252,0.913386,0.610236,0.181793,1,0,0,0,0,0,0,0,0,0,0,0,0,0,0,1,0,0,0,0,0,0,0,0,0,0,0,0,0,0,0,0,0,0,0,0,0,0,0,0,0,0,0,0,20.397699,0.25,0.015152,0.198282,0.229974,0.058592,0.866142,0.933071,0.602362,0.177889,1,0,0,0,0,0,0,0,0,0,0,0,0,0,0,1,0,0,0,0,0,0,0,0,0,0,0,0,0,0,0,0,0,0,0,0,0,0,0,0,0,0,0,0,2
java.lang.NumberFormatException: multiple points
thread is open, sizeMB500
print extradionario!!!!
0.512756,0.058333,0.212121,0.317108,0.28553,0.348742,0.822835,0.818890.381191,0.727778,0.045455,0,0.223514,0.120697,0.830709,0.948819,0.661417,0.243273,1,0,0,0,0,0,0,0,0,0,0,0,0,0,0,1,0,0,0,0,0,0,0,0,0,0,0,0,0,0,0,0,0,0,0,0,0,0,0,0,0,0,0,0,2
java.lang.NumberFormatException: multiple points
thread is open, sizeMB500
thread is open, sizeMB500
thread is open, sizeMB500
print extradionario!!!!
0.521761,0.80.587294,0.522222,0.19697,0.357194,0.308786,0.644794,0.866142,0.980315,0.629921,0.206887,1,0,0,0,0,0,0,0,0,0,0,0,0,0,0,0,0,0,0,0,0,0,0,0,0,0,0,0,0,0,0,0,1,0,0,0,0,0,0,0,0,0,0,0,2
java.lang.NumberFormatException: multiple points
thread is open, sizeMB500
thread is open, sizeMB500
print extradionario!!!!
0.581291,0.230556,0.166667,0.077309,0.242894,0.24910.592296,0.044444,0.045455,0.136006,0.22739,0.283406,0.854331,0.913386,0.602362,0.22264,1,0,0,0,0,0,0,0,0,0,0,0,0,0,0,0,0,0,0,0,0,0,0,0,0,0,1,0,0,0,0,0,0,0,0,0,0,0,0,0,0,0,0,0,1
java.lang.NumberFormatException: multiple points
thread is open, sizeMB500
thread is open, sizeMB500
thread is open, sizeMB500
thread is open, sizeMB500
print extradionario!!!!
0.513757,0.588889,0.060606,0.151754,0.27261,0.10.537269,0.8,0.333333,0.04796,0.237726,0.101447,0.598425,0.913386,0.854331,0.153353,0,0,1,0,0,0,0,0,0,0,0,0,0,0,0,0,0,0,0,0,0,0,0,0,0,0,0,1,0,0,0,0,0,0,0,0,0,0,0,0,0,0,0,0,20.543772,0.786111,0.348485,0.060845,0.237726,0.101307,0.590551,0.917323,0.866142,0.14931,0,0,1,0,0,0,0,0,0,0,0,0,0,0,0,0,0,0,0,0,0,0,0,0,0,0,0,1,0,0,0,0,0,0,0,0,0,0,0,0,0,0,0,0,2
java.lang.NumberFormatException: multiple points
thread is open, sizeMB500
thread is open, sizeMB500
thread is open, sizeMB500
print extradionario!!!!
0.56078,0.305556,0.090909,0.14388,0.280362,0.230575,0.905512,0.92126,0.543300.557279,0.541667,0.075758,0.042949,0.22093,0.202754,0.862205,0.96063,0.629921,0.095358,0,0,1,0,0,0,0,0,0,0,0,0,0,0,0,0,0,0,0,0,0,0,0,0,0,0,0,0,0,0,0,0,0,0,0,1,0,0,0,0,0,0,0,0,2
java.lang.NumberFormatException: multiple points
thread is open, sizeMB500
thread is open, sizeMB500
print extradionario!!!!
0.56078,0.286111,0.257576,0.060845,0.237726,0.286778,0.96850.632816,0.152778,0.439394,0.335719,0.329457,0.102009,0.88189,0.65748,0.228346,0.235188,1,0,0,0,0,0,0,0,0,0,0,0,0,0,0,0,0,0,0,0,0,0,0,0,0,0,0,0,0,0,0,0,1,0,0,0,0,0,0,0,0,0,0,0,1
java.lang.NumberFormatException: multiple points
thread is open, sizeMB500
print extradionario!!!!
0.684842,0.191667,0.272727,0.18325,0.264858,0.248841,0.920.652326,0.113889,0.242424,0.021475,0.236434,0.215821,0.870079,0.80315,0.452756,0.343232,1,0,0,0,0,0,0,0,0,0,0,0,0,0,0,0,0,0,0,0,0,0,0,0,0,0,0,0,0,0,0,0,1,0,0,0,0,0,0,0,0,0,0,0,1
java.lang.NumberFormatException: multiple points
learning evaluation instances,Wall Time (Actual Time),Avg Delay (ms),outRate (inst/s),classified instances,classifications correct (percent),Kappa Statistic (percent),Kappa Temporal Statistic (percent),Kappa M Statistic (percent),F1 Score (percent),F1 Score for class 0 (percent),F1 Score for class 1 (percent),F1 Score for class 2 (percent),F1 Score for class 3 (percent),F1 Score for class 4 (percent),F1 Score for class 5 (percent),F1 Score for class 6 (percent),Precision (percent),Precision for class 0 (percent),Precision for class 1 (percent),Precision for class 2 (percent),Precision for class 3 (percent),Precision for class 4 (percent),Precision for class 5 (percent),Precision for class 6 (percent),Recall (percent),Recall for class 0 (percent),Recall for class 1 (percent),Recall for class 2 (percent),Recall for class 3 (percent),Recall for class 4 (percent),Recall for class 5 (percent),Recall for class 6 (percent),model training instances,model serialized size (bytes),ensemble size,[avg] model training instances,[err] model training instances,[avg] model serialized size (bytes),[err] model serialized size (bytes),[avg] tree size (nodes),[err] tree size (nodes),[avg] tree size (leaves),[err] tree size (leaves),[avg] active learning leaves,[err] active learning leaves,[avg] tree depth,[err] tree depth,[avg] active leaf byte size estimate,[err] active leaf byte size estimate,[avg] inactive leaf byte size estimate,[err] inactive leaf byte size estimate,[avg] byte size estimate overhead,[err] byte size estimate overhead
313001.0,120.03500366210938,166.0,2607.5810546875,313000.0,77.34408945686901,58.94256300847569,-330.11463577363986,48.44827962226568,53.50348138393568,?,68.09580364212192,85.42628717620721,74.75798938798654,75.01622323166774,26.439232409381663,14.676168846424936,60.26798203984889,0.0,86.6316354967599,77.4966927379488,65.42251524174111,77.86259541984732,53.49952061361457,60.962914769030576,48.104243277868115,0.0,56.09387568754484,95.16358869129047,87.20117169044694,72.37061769616027,17.558212712397733,8.342236467236468,0.0,1.0,25.0,273168.36,91660.0966237399,1.0,0.0,74.16,51.913935187641734,37.080000000000005,26.08466982731428,37.080000000000005,26.08466982731428,8.68,4.017876719529028,0.0,0.0,0.0,0.0,1.0,0.0
