Connected!
[newChuckSize]:0
thread is open, sizeMB500
[newChuckSize]:500
print extradionario!!!!
0.495748,0.3,0.0.204602,0.863889,0.621212,0.088762,0.273902,0.191092,0.318898,0.688976,0.850394,0.150843,0,0,0,1,0,0,0,0,0,0,0,0,0,1,0,0,0,0,0,0,0,0,0,0,0,0,0,0,0,0,0,0,0,0,0,0,0,0,0,0,0,0,0,0,30.267134,0.969444,0.363636,0.23121,0.496124,0.166924,0.661417,0.759843,0.622047,0.161578,0,0,0,1,0,0,0,0,0,0,0,0,0,1,0,0,0,0,0,0,0,0,0,0,0,0,0,0,0,0,0,0,0,0,0,0,0,0,0,0,0,0,0,0,3
java.lang.NumberFormatException: multiple points
thread is open, sizeMB500
print extradionario!!!!
0.70035,0.952778,0.136364,0.173228,0.315245,0.20790.611806,0.125,0.227273,0.282749,0.350129,0.235211,0.877953,0.811024,0.448819,0.493517,0,0,1,0,0,0,0,0,0,0,0,0,0,0,0,0,0,0,0,0,0,0,0,0,0,0,0,0,0,0,0,0,0,0,0,0,1,0,0,0,0,0,0,0,10.473737,0.55,0.060606,0.380816,0.276486,0.280174,0.858268,0.956693,0.633858,0.267949,0,0,1,0,0,0,0,0,0,0,0,0,0,0,0,0,0,0,0,0,1,0,0,0,0,0,0,0,0,0,0,0,0,0,0,0,0,0,0,0,0,0,0,0,5
java.lang.NumberFormatException: multiple points
thread is open, sizeMB500
print extradionario!!!!
0.385693,0.611111,0.5454550.490745,0.555556,0.348485,0.355762,0.409561,0.115077,0.807087,0.996063,0.677165,0.248432,0,0,1,0,0,0,0,1,0,0,0,0,0,0,0,0,0,0,0,0,0,0,0,0,0,0,0,0,0,0,0,0,0,0,0,0,0,0,0,0,0,0,0,0,50.514757,0.063889,0.106061,0.228346,0.295866,0.112407,0.850394,0.885827,0.570866,0.205911,0,0,1,0,0,0,0,0,0,0,0,0,0,0,1,0,0,0,0,0,0,0,0,0,0,0,0,0,0,0,0,0,0,0,0,0,0,0,0,0,0,0,0,0,5
java.lang.NumberFormatException: multiple points
thread is open, sizeMB500
print extradionario!!!!
0.507254,0.841667,0.227273,0.375089,0.32810.643822,0.2,0.242424,0.030064,0.241602,0.733455,0.929134,0.818898,0.385827,0.157117,1,0,0,0,0,0,0,0,0,0,0,0,0,0,0,0,0,0,0,0,0,0,0,0,0,0,0,0,0,0,0,0,1,0,0,0,0,0,0,0,0,0,0,0,10.64032,0.186111,0.30303,0.021475,0.232558,0.735422,0.929134,0.771654,0.330709,0.158929,1,0,0,0,0,0,0,0,0,0,0,0,0,0,0,0,0,0,0,0,0,0,0,0,0,0,0,0,0,0,0,0,1,0,0,0,0,0,0,0,0,0,0,0,1
java.lang.NumberFormatException: multiple points
thread is open, sizeMB500
print extradionario!!!!
0.432216,0.35,0.136364,0.068003,0.248062,0.320641,0.920.646823,0.236111,0.166667,0.137437,0.270026,0.705915,0.929134,0.870079,0.448819,0.18946,1,0,0,0,0,0,0,0,0,0,0,0,0,0,0,0,0,0,0,0,0,0,0,0,0,0,0,0,0,0,0,0,1,0,0,0,0,0,0,0,0,0,0,0,10.641821,0.163889,0.19697,0.121689,0.26615,0.707883,0.901575,0.838583,0.452756,0.191133,1,0,0,0,0,0,0,0,0,0,0,0,0,0,0,0,0,0,0,0,0,0,0,0,0,0,0,0,0,0,0,0,1,0,0,0,0,0,0,0,0,0,0,0,1
java.lang.NumberFormatException: multiple points
thread is open, sizeMB250
[newChuckSize]:250
print extradionario!!!!
0.641821,0.086111,0.2270.382191,0.172222,0.287879,0.121689,0.295866,0.139104,0.913386,0.771654,0.350394,0.479437,1,0,0,0,0,0,0,0,0,0,0,0,0,0,0,0,0,0,0,0,0,0,0,0,0,0,0,0,0,0,0,0,1,0,0,0,0,0,0,0,0,0,0,0,20.376688,0.205556,0.318182,0.107373,0.281654,0.134888,0.944882,0.771654,0.307087,0.476927,1,0,0,0,0,0,0,0,0,0,0,0,0,0,0,0,0,0,0,0,0,0,0,0,0,0,0,0,0,0,0,0,1,0,0,0,0,0,0,0,0,0,0,0,2
java.lang.NumberFormatException: multiple points
thread is open, sizeMB250
print extradionario!!!!
0.337669,0.2110.365683,0.375,0.287879,0.077309,0.249354,0.104398,0.968504,0.897638,0.405512,0.304475,1,0,0,0,0,0,0,0,0,0,0,0,0,0,0,0,0,0,0,0,0,0,0,0,0,0,0,0,0,0,0,0,0,1,0,0,0,0,0,0,0,0,0,0,20.362181,0.352778,0.257576,0.068003,0.24031,0.101307,0.968504,0.889764,0.401575,0.301966,1,0,0,0,0,0,0,0,0,0,0,0,0,0,0,0,0,0,0,0,0,0,0,0,0,0,0,0,0,0,0,0,0,1,0,0,0,0,0,0,0,0,0,0,2
java.lang.NumberFormatException: multiple points
thread is open, sizeMB250
print extradionario!!!!
0.418209,0.236111,0.166667,0.060845,0.242894,0.265702,0.929134,0.870079,0.448819,0.10.558279,0.186111,0.19697,0.219041,0.232558,0.467613,0.917323,0.838583,0.433071,0.855709,1,0,0,0,0,0,0,0,0,0,0,0,0,0,0,0,0,0,0,0,0,0,0,0,0,0,0,0,0,0,0,0,1,0,0,0,0,0,0,0,0,0,0,0,20.554777,0.125,0.181818,0.23121,0.22739,0.471406,0.877953,0.84252,0.484252,0.852363,1,0,0,0,0,0,0,0,0,0,0,0,0,0,0,0,0,0,0,0,0,0,0,0,0,0,0,0,0,0,0,0,1,0,0,0,0,0,0,0,0,0,0,0,2
java.lang.NumberFormatException: multiple points
thread is open, sizeMB250
print extradionario!!!!
0.671336,0.158333,0.121212,0.344309,0.299742,0.401012,0.8890.466233,0.172222,0.181818,0.258411,0.288114,0.229451,0.905512,0.846457,0.452756,0.354384,1,0,0,0,0,0,0,0,0,0,0,0,0,0,0,0,0,0,0,0,0,0,0,0,0,0,0,0,0,0,0,0,1,0,0,0,0,0,0,0,0,0,0,0,20.463732,0.133333,0.106061,0.273443,0.28553,0.227062,0.877953,0.885827,0.543307,0.35076,1,0,0,0,0,0,0,0,0,0,0,0,0,0,0,0,0,0,0,0,0,0,0,0,0,0,0,0,0,0,0,0,1,0,0,0,0,0,0,0,0,0,0,0,2
java.lang.NumberFormatException: multiple points
thread is open, sizeMB250
thread is open, sizeMB250
print extradionario!!!!
0.45923,0.925,0.166667,0.130279,0.258398,0.300126,0.771654,0.889764,0.669291,0.37230.531766,0.552778,0.318182,0.088762,0.273902,0.732191,0.818898,0.996063,0.673228,0.148473,1,0,0,0,0,0,0,0,0,0,0,0,0,0,0,0,0,0,0,0,0,0,0,0,0,0,0,0,0,0,0,0,0,1,0,0,0,0,0,0,0,0,0,0,20.533267,0.527778,0.333333,0.085898,0.277778,0.736125,0.84252,0.988189,0.629921,0.144988,1,0,0,0,0,0,0,0,0,0,0,0,0,0,0,0,0,0,0,0,0,0,0,0,0,0,0,0,0,0,0,0,0,1,0,0,0,0,0,0,0,0,0,0,2
java.lang.NumberFormatException: multiple points
thread is open, sizeMB250
print extradionario!!!!
0.380690.551776,0.230556,0.090909,0,0.223514,0.560489,0.897638,0.905512,0.53937,0.316325,1,0,0,0,0,0,0,0,0,0,0,0,0,0,0,0,0,0,0,0,0,0,0,1,0,0,0,0,0,0,0,0,0,0,0,0,0,0,0,0,0,0,0,0,2
java.lang.NumberFormatException: multiple points
thread is open, sizeMB250
print extradionario!!!!
0.509255,0.302770.545273,0.025,0.151515,0.030064,0.232558,0.573275,0.822835,0.862205,0.582677,0.330963,1,0,0,0,0,0,0,0,0,0,0,0,0,0,0,0,0,0,0,0,0,0,1,0,0,0,0,0,0,0,0,0,0,0,0,0,0,0,0,0,0,0,0,0,20.544272,0.961111,0.212121,0.021475,0.229974,0.569341,0.759843,0.858268,0.641732,0.334867,1,0,0,0,0,0,0,0,0,0,0,0,0,0,0,0,0,0,0,0,0,0,1,0,0,0,0,0,0,0,0,0,0,0,0,0,0,0,0,0,0,0,0,0,2
java.lang.NumberFormatException: multiple points
thread is open, sizeMB250
print extradionario!!!!
0.550275,0.847222,0.227273,0.173220.621811,0.002778,0.166667,0.077309,0.232558,0.703948,0.80315,0.862205,0.598425,0.320089,1,0,0,0,0,0,0,0,0,0,0,0,0,0,0,0,0,0,0,0,0,0,0,0,0,0,0,0,0,0,0,0,1,0,0,0,0,0,0,0,0,0,0,0,10.621811,0.041667,0.166667,0.090909,0.237726,0.699733,0.826772,0.854331,0.562992,0.32218,1,0,0,0,0,0,0,0,0,0,0,0,0,0,0,0,0,0,0,0,0,0,0,0,0,0,0,0,0,0,0,0,1,0,0,0,0,0,0,0,0,0,0,0,1
java.lang.NumberFormatException: multiple points
thread is open, sizeMB250
thread is open, sizeMB250
print extradionario!!!!
0.677839,0.355556,0.090909,0.021475,0.219638,0.664044,0.9055120.607304,0.363889,0.075758,0.068003,0.223514,0.602501,0.901575,0.933071,0.559055,0.119615,1,0,0,0,0,0,0,0,0,0,0,0,0,0,0,0,0,0,0,0,0,0,0,0,0,0,0,0,0,0,0,0,1,0,0,0,0,0,0,0,0,0,0,0,10.605803,0.358333,0.090909,0.077309,0.22093,0.598567,0.905512,0.929134,0.547244,0.116269,1,0,0,0,0,0,0,0,0,0,0,0,0,0,0,0,0,0,0,0,0,0,0,0,0,0,0,0,0,0,0,0,1,0,0,0,0,0,0,0,0,0,0,0,1
java.lang.NumberFormatException: multiple points
thread is open, sizeMB250
thread is open, sizeMB250
thread is open, sizeMB250
thread is open, sizeMB250
thread is open, sizeMB250
thread is open, sizeMB250
print extradionario!!!!
0.49925,0.313889,0.0.104552,0.225,0.515152,0.19184,0.276486,0.04707,0.956693,0.633858,0.07874,0.101771,0,0,0,1,0,0,1,0,0,0,0,0,0,0,0,0,0,0,0,0,0,0,0,0,0,0,0,0,0,0,0,0,0,0,0,0,0,0,0,0,0,0,0,0,30.094547,0.216667,0.515152,0.202577,0.27261,0.043417,0.944882,0.622047,0.074803,0.101213,0,0,0,1,0,0,1,0,0,0,0,0,0,0,0,0,0,0,0,0,0,0,0,0,0,0,0,0,0,0,0,0,0,0,0,0,0,0,0,0,0,0,0,0,3
java.lang.NumberFormatException: multiple points
thread is open, sizeMB250
thread is open, sizeMB250
print extradionario!!!!
0.10300.585793,0.216667,0.181818,0.115963,0.263566,0.054798,0.929134,0.854331,0.437008,0.183466,0,0,1,0,0,0,0,0,0,0,0,0,0,0,0,0,0,0,0,0,0,0,0,0,0,0,0,0,0,0,0,0,0,0,0,1,0,0,0,0,0,0,0,0,2
java.lang.NumberFormatException: multiple points
learning evaluation instances,Wall Time (Actual Time),Avg Delay (ms),outRate (inst/s),classified instances,classifications correct (percent),Kappa Statistic (percent),Kappa Temporal Statistic (percent),Kappa M Statistic (percent),F1 Score (percent),F1 Score for class 0 (percent),F1 Score for class 1 (percent),F1 Score for class 2 (percent),F1 Score for class 3 (percent),F1 Score for class 4 (percent),F1 Score for class 5 (percent),F1 Score for class 6 (percent),Precision (percent),Precision for class 0 (percent),Precision for class 1 (percent),Precision for class 2 (percent),Precision for class 3 (percent),Precision for class 4 (percent),Precision for class 5 (percent),Precision for class 6 (percent),Recall (percent),Recall for class 0 (percent),Recall for class 1 (percent),Recall for class 2 (percent),Recall for class 3 (percent),Recall for class 4 (percent),Recall for class 5 (percent),Recall for class 6 (percent),model training instances,model serialized size (bytes),ensemble size,[avg] model training instances,[err] model training instances,[avg] model serialized size (bytes),[err] model serialized size (bytes),[avg] tree size (nodes),[err] tree size (nodes),[avg] tree size (leaves),[err] tree size (leaves),[avg] active learning leaves,[err] active learning leaves,[avg] tree depth,[err] tree depth,[avg] active leaf byte size estimate,[err] active leaf byte size estimate,[avg] inactive leaf byte size estimate,[err] inactive leaf byte size estimate,[avg] byte size estimate overhead,[err] byte size estimate overhead
139251.0,120.12799835205078,255.0,1159.1885986328125,139250.0,83.36229802513465,67.59923227933643,-206.21200105736207,55.50861290880111,63.881032767161095,?,74.73216976737815,88.2879375267675,85.81233454260222,81.80924287118978,61.05544422177689,51.959686450167965,62.477676624220216,0.0,82.5214813021905,85.69361665370995,80.64872834500552,78.04878048780488,52.1689497716895,58.26217980914114,65.34888110415051,0.0,68.28651544739873,91.0442453511982,91.68238005447307,85.9504132231405,73.59098228663447,46.88763136620857,0.0,1.0,25.0,3147.3999999999996,2048.54613079618,1.0,0.0,0.9599999999999999,0.19999999999999998,0.9599999999999999,0.19999999999999998,0.9599999999999999,0.19999999999999998,0.0,0.0,0.0,0.0,0.0,0.0,1.0,0.0
