Connected!
[newChuckSize]:0
thread is open, sizeMB500
[newChuckSize]:500
thread is open, sizeMB500
print extradionario!!!!
0.37919,0.230556,0.136364,0.0909090.593297,0.138889,0.106061,0.021475,0.229974,0.162709,0.88189,0.88189,0.531496,0.288164,1,0,0,0,0,0,0,0,0,0,0,0,0,0,0,0,0,0,0,0,0,0,0,0,0,0,1,0,0,0,0,0,0,0,0,0,0,0,0,0,0,0,0,0,20.541271,0.291667,0.30303,0.322119,0.130491,0.081776,0.980315,0.830709,0.318898,0.259306,1,0,0,0,0,0,0,0,0,0,0,0,0,0,0,0,0,0,0,0,0,0,0,0,0,0,0,0,0,0,0,0,0,1,0,0,0,0,0,0,0,0,0,0,5
java.lang.NumberFormatException: multiple points
thread is open, sizeMB500
print extradionario!!!!
0.305153,0.338889,0.272727,0.125268,0.284238,0.109878,0.97630.510755,0.616667,0.287879,0.136006,0.315245,0.18505,0.76378,1,0.755906,0.376133,0,0,1,0,0,0,0,1,0,0,0,0,0,0,0,0,0,0,0,0,0,0,0,0,0,0,0,0,0,0,0,0,0,0,0,0,0,0,0,0,0,0,0,0,20.513757,0.461111,0.227273,0.193271,0.356589,0.144302,0.909449,0.96063,0.551181,0.413356,0,0,1,0,0,0,0,0,0,0,0,0,0,0,1,0,0,0,0,0,0,0,0,0,0,0,0,0,0,0,0,0,0,0,0,0,0,0,0,0,0,0,0,0,5
java.lang.NumberFormatException: multiple points
print extradionario!!!!
0.692346,0.791667,0.348485,0.030064,0.232558,0.50.457229,0.988889,0.151515,0.228346,0.29845,0.417451,0.80315,0.877953,0.614173,0.169525,0,0,1,0,0,0,0,0,0,0,0,0,0,0,0,0,0,0,0,0,0,0,0,0,0,0,0,0,0,0,0,0,0,0,0,1,0,0,0,0,0,0,0,0,50.456728,0.027778,0.151515,0.242663,0.301034,0.41436,0.822835,0.866142,0.582677,0.173568,0,0,1,0,0,0,0,0,0,0,0,0,0,0,0,0,0,0,0,0,0,0,0,0,0,0,0,0,0,0,0,0,0,0,0,1,0,0,0,0,0,0,0,0,5
java.lang.NumberFormatException: multiple points
thread is open, sizeMB500
print extradionario!!!!
0.425713,0.363889,0.151515,0.0.772886,0.991667,0.257576,0.258411,0.313953,0.530139,0.755906,0.818898,0.598425,0.465077,0,0,1,0,0,0,0,0,0,0,0,0,0,0,0,0,0,0,0,0,0,0,0,0,0,0,0,0,0,0,0,0,0,0,0,0,0,0,0,0,0,0,0,1,70.772386,0.011111,0.227273,0.228346,0.312661,0.522833,0.783465,0.826772,0.57874,0.459501,0,0,1,0,0,0,0,0,0,0,0,0,0,0,0,0,0,0,0,0,0,0,0,0,0,0,0,0,0,0,0,0,0,0,0,0,0,0,0,0,0,0,0,1,7
java.lang.NumberFormatException: multiple points
thread is open, sizeMB500
print extradionario!!!!
0.604302,0.486111,0.136364,0.370795,0.299742,0.810454,0.885827,0.96450.545273,0.9,0.090909,0.319256,0.414729,0.674863,0.80315,0.917323,0.661417,0.704865,1,0,0,0,0,0,0,0,0,0,0,0,0,0,0,1,0,0,0,0,0,0,0,0,0,0,0,0,0,0,0,0,0,0,0,0,0,0,0,0,0,0,0,0,20.546773,0.858333,0.151515,0.334288,0.414729,0.670929,0.759843,0.92126,0.712598,0.708908,1,0,0,0,0,0,0,0,0,0,0,0,0,0,0,1,0,0,0,0,0,0,0,0,0,0,0,0,0,0,0,0,0,0,0,0,0,0,0,0,0,0,0,0,2
java.lang.NumberFormatException: multiple points
thread is open, sizeMB2000
[newChuckSize]:2000
thread is open, sizeMB2000
print extradionario!!!!
0.369185,0.352778,0.318182,0.04796,0.20.328664,0.072222,0.19697,0.173228,0.23385,0.034003,0.838583,0.830709,0.515748,0.40053,1,0,0,0,0,0,0,0,0,0,0,0,0,0,0,0,0,0,0,0,0,0,0,1,0,0,0,0,0,0,0,0,0,0,0,0,0,0,0,0,0,0,0,0,20.327164,0.083333,0.151515,0.176807,0.236434,0.03035,0.854331,0.854331,0.531496,0.398717,1,0,0,0,0,0,0,0,0,0,0,0,0,0,0,0,0,0,0,0,0,0,0,0,0,0,0,0,0,0,0,0,1,0,0,0,0,0,0,0,0,0,0,0,2
java.lang.NumberFormatException: multiple points
thread is open, sizeMB2000
print extradionario!!!!
0.455728,0.161111,0.151515,0.365068,0.263566,0.228608,0.897638,0.0.55978,0.677778,0.106061,0.508948,0.333333,0.854995,0.811024,0.968504,0.700787,0.846647,1,0,0,0,0,0,0,0,0,0,0,0,0,0,0,0,0,0,0,0,0,0,0,0,0,0,0,0,0,0,0,0,1,0,0,0,0,0,0,0,0,0,0,0,20.561781,0.702778,0.166667,0.52398,0.338501,0.851763,0.76378,0.976378,0.751969,0.849854,1,0,0,0,0,0,0,0,0,0,0,0,0,0,0,0,0,0,0,0,0,0,0,0,0,0,0,0,0,0,0,0,1,0,0,0,0,0,0,0,0,0,0,0,2
java.lang.NumberFormatException: multiple points
print extradionario!!!!
0.545273,0.416667,0.136364,0.042949,0.22093,0.621189,0.917323,0.944882,0.543307,0.7470.702851,0,0.121212,0.468862,0.299742,0.48054,0.818898,0.885827,0.606299,0.597518,1,0,0,0,0,0,0,0,0,0,0,0,0,0,0,0,0,0,0,0,0,0,0,0,0,0,1,0,0,0,0,0,0,0,0,0,0,0,0,0,0,0,0,0,10.70085,0.088889,0.151515,0.448103,0.294574,0.481523,0.858268,0.858268,0.527559,0.599191,1,0,0,0,0,0,0,0,0,0,0,0,0,0,0,0,0,0,0,0,0,0,0,0,0,0,1,0,0,0,0,0,0,0,0,0,0,0,0,0,0,0,0,0,1
java.lang.NumberFormatException: multiple points
thread is open, sizeMB2000
thread is open, sizeMB2000
print extradionario!!!!
0.564782,0.211111,0.181818,0.190.449225,0.516667,0.060606,0,0.223514,0.407335,0.866142,0.956693,0.622047,0.304615,1,0,0,0,0,0,0,0,0,0,0,0,0,0,0,0,0,0,0,0,0,0,0,1,0,0,0,0,0,0,0,0,0,0,0,0,0,0,0,0,0,0,0,0,20.447724,0.369444,0.166667,0,0.223514,0.403681,0.937008,0.925197,0.492126,0.300432,1,0,0,0,0,0,0,0,0,0,0,0,0,0,0,0,0,0,0,0,0,0,0,1,0,0,0,0,0,0,0,0,0,0,0,0,0,0,0,0,0,0,0,0,2
java.lang.NumberFormatException: multiple points
thread is open, sizeMB2000
thread is open, sizeMB2000
thread is open, sizeMB2000
thread is open, sizeMB2000
thread is open, sizeMB2000
print extradionario!!!!
0.445723,0.4220.555778,0.166667,0.136364,0.068003,0.237726,0.304904,0.897638,0.870079,0.496063,0.194061,1,0,0,0,0,0,0,0,0,0,0,0,0,0,0,0,0,0,0,0,0,0,0,0,0,0,0,0,0,0,0,0,1,0,0,0,0,0,0,0,0,0,0,0,10.552776,0.163889,0.166667,0.077309,0.229974,0.300688,0.897638,0.854331,0.472441,0.194619,1,0,0,0,0,0,0,0,0,0,0,0,0,0,0,0,0,0,0,0,0,0,0,0,0,0,0,0,0,0,0,0,1,0,0,0,0,0,0,0,0,0,0,0,1
java.lang.NumberFormatException: multiple points
thread is open, sizeMB2000
print extradionario!!!!
0.603802,0.061111,0.075758,0.060845,0.223514,0.503161,0.854331,0.901575,0.586614,0.2223620.413207,0.136111,0.151515,0.077309,0.236434,0.017423,0.88189,0.858268,0.5,0.315489,1,0,0,0,0,0,0,0,0,0,0,0,0,0,0,0,0,0,0,0,0,0,0,0,0,0,0,0,0,0,0,0,1,0,0,0,0,0,0,0,0,0,0,0,50.632816,0.127778,0.439394,0.176807,0.29199,0.590558,0.84252,0.645669,0.259843,0.489335,1,0,0,0,0,0,0,0,0,0,0,0,0,0,0,0,0,0,0,0,0,0,0,0,0,1,0,0,0,0,0,0,0,0,0,0,0,0,0,0,0,0,0,0,1
java.lang.NumberFormatException: multiple points
thread is open, sizeMB2000
thread is open, sizeMB2000
thread is open, sizeMB2000
thread is open, sizeMB2000
print extradionario!!!!
0.667334,0,0.030303,0.137437,0.198966,0.364058,0.850394,0.92126,0.614170.545773,0.227778,0.181818,0.021475,0.229974,0.080511,0.929134,0.862205,0.444882,0.34128,1,0,0,0,0,0,0,0,0,0,0,0,0,0,0,0,0,0,0,0,0,0,0,0,0,0,0,0,0,0,0,0,1,0,0,0,0,0,0,0,0,0,0,0,20.543272,0.194444,0.151515,0,0.223514,0.076296,0.909449,0.866142,0.472441,0.340443,1,0,0,0,0,0,0,0,0,0,0,0,0,0,0,0,0,0,0,0,0,0,0,0,0,0,0,0,0,0,0,0,1,0,0,0,0,0,0,0,0,0,0,0,2
java.lang.NumberFormatException: multiple points
thread is open, sizeMB2000
thread is open, sizeMB2000
print extradionario!!!!
0.475738,0.813889,0.136364,0.10.502751,0.930556,0.242424,0.480315,0.590439,0.194464,0.720472,0.858268,0.681102,0.133417,0,0,1,0,0,0,0,0,0,0,0,0,0,0,0,0,0,0,0,0,0,0,0,0,0,0,0,0,0,0,0,0,0,0,0,0,1,0,0,0,0,0,0,0,20.503752,0.947222,0.242424,0.499642,0.600775,0.192497,0.728346,0.846457,0.661417,0.129932,0,0,1,0,0,0,0,0,0,0,0,0,0,0,0,0,0,0,0,0,0,0,0,0,0,0,0,0,0,0,0,0,0,0,0,0,1,0,0,0,0,0,0,0,2
java.lang.NumberFormatException: multiple points
thread is open, sizeMB2000
print extradionario!!!!
0.13957,0.9777780.731366,0.647222,0.136364,0.464567,0.344961,0.532668,0.807087,0.980315,0.712598,0.325805,1,0,0,0,0,0,0,0,0,0,0,0,0,0,0,0,0,0,0,0,0,0,0,0,0,0,1,0,0,0,0,0,0,0,0,0,0,0,0,0,0,0,0,0,10.733367,0.613889,0.151515,0.476736,0.350129,0.528594,0.818898,0.984252,0.700787,0.328593,1,0,0,0,0,0,0,0,0,0,0,0,0,0,0,0,0,0,0,0,0,0,0,0,0,0,1,0,0,0,0,0,0,0,0,0,0,0,0,0,0,0,0,0,1
java.lang.NumberFormatException: multiple points
thread is open, sizeMB2000
learning evaluation instances,Wall Time (Actual Time),Avg Delay (ms),outRate (inst/s),classified instances,classifications correct (percent),Kappa Statistic (percent),Kappa Temporal Statistic (percent),Kappa M Statistic (percent),F1 Score (percent),F1 Score for class 0 (percent),F1 Score for class 1 (percent),F1 Score for class 2 (percent),F1 Score for class 3 (percent),F1 Score for class 4 (percent),F1 Score for class 5 (percent),F1 Score for class 6 (percent),Precision (percent),Precision for class 0 (percent),Precision for class 1 (percent),Precision for class 2 (percent),Precision for class 3 (percent),Precision for class 4 (percent),Precision for class 5 (percent),Precision for class 6 (percent),Recall (percent),Recall for class 0 (percent),Recall for class 1 (percent),Recall for class 2 (percent),Recall for class 3 (percent),Recall for class 4 (percent),Recall for class 5 (percent),Recall for class 6 (percent),model training instances,model serialized size (bytes)
134501.0,120.12999725341797,1451.0,1119.6287841796875,134500.0,90.09665427509293,81.39929667382393,-68.88550779764167,75.20476545048399,71.65957132943353,?,86.70450523666584,93.2499775657324,86.62005785920925,84.05705229793978,78.31612390786337,68.41885690446392,73.26058552670005,0.0,92.21268053309541,90.2266780893283,86.87137330754352,75.3409090909091,83.41793570219966,84.75452196382429,70.12703673904961,0.0,81.81728224030873,96.48290973915843,86.3701923076923,95.05376344086022,73.80239520958084,57.36271423574677,0.0,1.0
