Connected!
[newChuckSize]:0
thread is open, sizeMB500
[newChuckSize]:500
thread is open, sizeMB500
thread is open, sizeMB500
thread is open, sizeMB500
print extradionario!!!!
0.269635,0.25,0.136364,0.150322,0.254522,0.08009,0.925197,0.885827,0.476378,0.0.554777,0.961111,0.030303,0.173228,0.255814,0.246171,0.846457,0.925197,0.622047,0.323853,0,0,1,0,0,0,0,0,0,0,0,0,0,0,0,0,0,0,0,0,0,0,0,0,0,0,0,0,0,0,0,0,0,0,0,1,0,0,0,0,0,0,0,0,20.167584,0.35,0.121212,0.021475,0.222222,0.018828,0.925197,0.92126,0.515748,0.041126,0,0,0,1,0,1,0,0,0,0,0,0,0,0,0,0,0,0,0,0,0,0,0,0,0,0,0,0,0,0,0,0,0,0,0,0,0,0,0,0,0,0,0,0,3
java.lang.NumberFormatException: multiple points
thread is open, sizeMB500
print extradionario!!!!
0.461231,0.075,0.106061,0,0.223514,0.443300.623812,0.527778,0.075758,0.214746,0.22093,0.918645,0.866142,0.96063,0.625984,0.375575,1,0,0,0,0,0,0,0,0,0,0,0,0,0,0,0,0,0,0,0,0,0,0,0,0,0,0,0,0,0,0,0,1,0,0,0,0,0,0,0,0,0,0,0,20.623812,0.463889,0.090909,0.214746,0.22093,0.920191,0.885827,0.952756,0.594488,0.378921,1,0,0,0,0,0,0,0,0,0,0,0,0,0,0,0,0,0,0,0,0,0,0,0,0,0,0,0,0,0,0,0,1,0,0,0,0,0,0,0,0,0,0,0,2
java.lang.NumberFormatException: multiple points
thread is open, sizeMB500
thread is open, sizeMB500
thread is open, sizeMB500
print extradionario!!!!
0.498749,0.180556,0.0.550275,0.330556,0.181818,0.156049,0.303618,0.545595,0.948819,0.901575,0.46063,0.732608,1,0,0,0,0,0,0,0,0,0,0,0,0,0,0,0,0,0,0,0,0,0,0,0,0,0,0,0,0,0,0,0,0,1,0,0,0,0,0,0,0,0,0,0,20.547274,0.352778,0.242424,0.136006,0.295866,0.54152,0.964567,0.897638,0.42126,0.728705,1,0,0,0,0,0,0,0,0,0,0,0,0,0,0,0,0,0,0,0,0,0,0,0,0,0,0,0,0,0,0,0,0,1,0,0,0,0,0,0,0,0,0,0,2
java.lang.NumberFormatException: multiple points
thread is open, sizeMB500
print extradionario!!!!
0.592796,0.261111,0.2272730.653327,0.636111,0.060606,0.171797,0.223514,0.526486,0.838583,0.96063,0.661417,0.642827,1,0,0,0,0,0,0,0,0,0,0,0,0,0,0,0,0,0,0,0,0,0,0,0,0,0,0,0,0,0,0,0,1,0,0,0,0,0,0,0,0,0,0,0,20.656828,0.5,0.045455,0.171797,0.24031,0.528172,0.866142,0.948819,0.614173,0.644082,1,0,0,0,0,0,0,0,0,0,0,0,0,0,0,0,0,0,0,0,0,0,0,0,0,0,0,0,0,0,0,0,1,0,0,0,0,0,0,0,0,0,0,0,2
java.lang.NumberFormatException: multiple points
print extradionario!!!!
0.545273,0.002778,0.212121,0.060845,0.249354,0.616973,0.783465,0.838583,0.5905510.558279,0.986111,0.136364,0.064424,0.232558,0.569903,0.811024,0.88189,0.61811,0.763697,1,0,0,0,0,0,0,0,0,0,0,0,0,0,0,0,0,0,0,0,0,0,0,0,0,0,0,0,0,0,0,0,1,0,0,0,0,0,0,0,0,0,0,0,20.558279,0.036111,0.121212,0.064424,0.232558,0.572713,0.834646,0.877953,0.582677,0.765788,1,0,0,0,0,0,0,0,0,0,0,0,0,0,0,0,0,0,0,0,0,0,0,0,0,0,0,0,0,0,0,0,1,0,0,0,0,0,0,0,0,0,0,0,2
java.lang.NumberFormatException: multiple points
thread is open, sizeMB500
thread is open, sizeMB500
print extradionario!!!!
0.350675,0.155556,0.2121210.484242,0.875,0.287879,0.193271,0.316537,0.414079,0.653543,0.870079,0.76378,0.41238,1,0,0,0,0,0,0,0,0,0,0,0,0,0,0,1,0,0,0,0,0,0,0,0,0,0,0,0,0,0,0,0,0,0,0,0,0,0,0,0,0,0,0,0,10.488244,0.866667,0.287879,0.194703,0.325581,0.410004,0.645669,0.874016,0.771654,0.408894,1,0,0,0,0,0,0,0,0,0,0,0,0,0,0,1,0,0,0,0,0,0,0,0,0,0,0,0,0,0,0,0,0,0,0,0,0,0,0,0,0,0,0,0,1
java.lang.NumberFormatException: multiple points
print extradionario!!!!
0.568284,0.019444,0.0.364682,0.125,0.257576,0.171797,0.294574,0.021076,0.874016,0.791339,0.42126,0.16339,1,0,0,0,0,0,0,0,0,0,0,0,0,0,0,0,0,0,0,0,0,0,0,0,0,0,0,0,0,0,0,0,1,0,0,0,0,0,0,0,0,0,0,0,20.362681,0.108333,0.257576,0.150322,0.267442,0.017845,0.862205,0.791339,0.440945,0.159208,1,0,0,0,0,0,0,0,0,0,0,0,0,0,0,0,0,0,0,0,0,0,0,0,0,0,0,0,0,0,0,0,1,0,0,0,0,0,0,0,0,0,0,0,2
java.lang.NumberFormatException: multiple points
thread is open, sizeMB500
print extradionario!!!!
0.566283,0.116667,0.090909,0.115963,0.22739,0.633694,0.870079,0.889764,0.551181,0.3390.450225,0.072222,0.19697,0.130279,0.255814,0.194042,0.838583,0.830709,0.519685,0.247177,1,0,0,0,0,0,0,0,0,0,0,0,0,0,0,1,0,0,0,0,0,0,0,0,0,0,0,0,0,0,0,0,0,0,0,0,0,0,0,0,0,0,0,0,10.449725,0.061111,0.227273,0.10952,0.254522,0.19067,0.826772,0.818898,0.515748,0.243273,1,0,0,0,0,0,0,0,0,0,0,0,0,0,0,1,0,0,0,0,0,0,0,0,0,0,0,0,0,0,0,0,0,0,0,0,0,0,0,0,0,0,0,0,1
java.lang.NumberFormatException: multiple points
thread is open, sizeMB500
thread is open, sizeMB500
print extradionario!!!!
0.569785,0.077778,0.075758,0.251253,0.282946,0.59379,0.858268,0.905512,0.58260.443722,0.25,0.136364,0.328561,0.29199,0.217788,0.917323,0.893701,0.492126,0.231005,1,0,0,0,0,0,0,0,0,0,0,0,0,0,0,0,0,0,0,0,0,0,0,0,0,0,0,0,0,0,0,0,1,0,0,0,0,0,0,0,0,0,0,0,20.441721,0.25,0.106061,0.324982,0.286822,0.213714,0.909449,0.901575,0.519685,0.230587,1,0,0,0,0,0,0,0,0,0,0,0,0,0,0,0,0,0,0,0,0,0,0,0,0,0,0,0,0,0,0,0,1,0,0,0,0,0,0,0,0,0,0,0,2
java.lang.NumberFormatException: multiple points
thread is open, sizeMB500
print extradionario!!!!
0.567784,0.430556,0.121212,0.137437,0.258398,0.62976,0.90.515258,0.775,0.257576,0.021475,0.232558,0.438949,0.669291,0.944882,0.818898,0.355082,1,0,0,0,0,0,0,0,0,0,0,0,0,0,0,0,0,0,0,0,0,0,0,0,0,0,0,0,0,0,0,0,1,0,0,0,0,0,0,0,0,0,0,0,20.521761,0.775,0.348485,0.042949,0.249354,0.434874,0.598425,0.929134,0.870079,0.353966,1,0,0,0,0,0,0,0,0,0,0,0,0,0,0,0,0,0,0,0,0,0,0,0,0,0,0,0,0,0,0,0,1,0,0,0,0,0,0,0,0,0,0,0,2
java.lang.NumberFormatException: multiple points
thread is open, sizeMB500
print extradionario!!!!
0.529265,0.386111,0.075758,0.060845,0.20.665833,0.758333,0.227273,0.307802,0.329457,0.8231,0.708661,0.956693,0.795276,0.398439,1,0,0,0,0,0,0,0,0,0,0,0,0,0,0,0,0,0,0,0,0,0,0,0,0,0,0,0,0,0,0,0,1,0,0,0,0,0,0,0,0,0,0,0,20.669835,0.747222,0.30303,0.32713,0.339793,0.826893,0.649606,0.956693,0.846457,0.39816,1,0,0,0,0,0,0,0,0,0,0,0,0,0,0,0,0,0,0,0,0,0,0,0,0,0,0,0,0,0,0,0,1,0,0,0,0,0,0,0,0,0,0,0,2
java.lang.NumberFormatException: multiple points
print extradionario!!!!
0.646823,0.375,0.060606,0.137437,0.244186,0.60.570285,0.161111,0.136364,0.060845,0.215762,0.392441,0.893701,0.870079,0.503937,0.103862,1,0,0,0,0,0,0,0,0,0,0,0,0,0,0,0,0,0,0,0,0,0,0,0,0,0,0,0,0,0,0,0,1,0,0,0,0,0,0,0,0,0,0,0,10.569285,0.152778,0.090909,0.077309,0.213178,0.389068,0.88189,0.893701,0.547244,0.10665,1,0,0,0,0,0,0,0,0,0,0,0,0,0,0,0,0,0,0,0,0,0,0,0,0,0,0,0,0,0,0,0,1,0,0,0,0,0,0,0,0,0,0,0,1
java.lang.NumberFormatException: multiple points
thread is open, sizeMB500
thread is open, sizeMB500
print extradionario!!!!
0.701851,0.072220.595798,0.147222,0.106061,0.021475,0.222222,0.235633,0.88189,0.88189,0.527559,0.420326,1,0,0,0,0,0,0,0,0,0,0,0,0,0,0,0,0,0,0,0,0,0,0,0,0,0,1,0,0,0,0,0,0,0,0,0,0,0,0,0,0,0,0,0,10.594797,0.161111,0.090909,0.021475,0.223514,0.231839,0.88189,0.897638,0.543307,0.417538,1,0,0,0,0,0,0,0,0,0,0,0,0,0,0,0,0,0,0,0,0,0,0,0,0,0,1,0,0,0,0,0,0,0,0,0,0,0,0,0,0,0,0,0,1
java.lang.NumberFormatException: multiple points
thread is open, sizeMB500
thread is open, sizeMB500
print extradionario!!!!
0.731366,0.272222,0.075758,0.343593,0.335917,0.520303,0.8970.141571,0.186111,0.363636,0.408017,0.457364,0.094281,0.925197,0.724409,0.26378,0.04503,0,0,0,1,0,0,0,0,1,0,0,0,0,0,0,0,0,0,0,0,0,0,0,0,0,0,0,0,0,0,0,0,0,0,0,0,0,0,0,0,0,0,0,0,30.134067,0.227778,0.439394,0.386543,0.437984,0.090488,0.964567,0.69685,0.165354,0.041126,0,0,0,1,0,0,0,0,1,0,0,0,0,0,0,0,0,0,0,0,0,0,0,0,0,0,0,0,0,0,0,0,0,0,0,0,0,0,0,0,0,0,0,0,3
java.lang.NumberFormatException: multiple points
print extradionario!!!!
0.527764,0.255556,0.212121,0.292054,0.397933,0.112266,0.952756,0.850394,0.39760.403702,0.363889,0.575758,0.060845,0.29845,0.196431,0.980315,0.751969,0.129921,0.137181,0,0,1,0,0,0,0,0,0,0,0,0,0,0,0,0,1,0,0,0,0,0,0,0,0,0,0,0,0,0,0,0,0,0,0,0,0,0,0,0,0,0,0,0,20.393697,0.336111,0.560606,0.04796,0.27907,0.194042,0.996063,0.724409,0.094488,0.133835,0,0,1,0,0,0,0,0,0,0,0,0,0,0,0,0,1,0,0,0,0,0,0,0,0,0,0,0,0,0,0,0,0,0,0,0,0,0,0,0,0,0,0,0,2
java.lang.NumberFormatException: multiple points
thread is open, sizeMB500
thread is open, sizeMB500
print extradionario!!!!
0.589795,0.366667,0.378788,0.38080.416708,0.169444,0.121212,0,0.223514,0.187158,0.893701,0.877953,0.507874,0.096333,0,0,1,0,0,0,0,0,0,0,0,0,0,0,0,0,0,0,0,0,0,0,0,0,0,0,0,0,0,0,0,0,0,0,1,0,0,0,0,0,0,0,0,0,50.415208,0.113889,0.136364,0.021475,0.223514,0.19067,0.870079,0.862205,0.519685,0.093963,0,0,1,0,0,0,0,0,0,0,0,0,0,0,0,0,0,0,0,0,0,0,0,0,0,0,0,0,0,0,0,0,0,0,1,0,0,0,0,0,0,0,0,0,5
java.lang.NumberFormatException: multiple points
thread is open, sizeMB500
print extradionario!!!!
0.503752,0.041667,0.378788,0.121689,0.299742,0.30.471236,0.330556,0.181818,0.236936,0.282946,0.190811,0.944882,0.901575,0.46063,0.109438,0,0,1,0,0,0,0,0,0,0,0,0,0,0,0,0,0,0,0,0,0,0,0,0,0,0,0,0,0,0,0,1,0,0,0,0,0,0,0,0,0,0,0,0,20.468234,0.3,0.166667,0.23622,0.275194,0.193761,0.940945,0.893701,0.464567,0.105256,0,0,1,0,0,0,0,0,0,0,0,0,0,0,0,0,0,0,0,0,0,0,0,0,0,0,0,0,0,0,0,1,0,0,0,0,0,0,0,0,0,0,0,0,2
java.lang.NumberFormatException: multiple points
thread is open, sizeMB500
learning evaluation instances,Wall Time (Actual Time),Avg Delay (ms),outRate (inst/s),classified instances,classifications correct (percent),Kappa Statistic (percent),Kappa Temporal Statistic (percent),Kappa M Statistic (percent),F1 Score (percent),F1 Score for class 0 (percent),F1 Score for class 1 (percent),F1 Score for class 2 (percent),F1 Score for class 3 (percent),F1 Score for class 4 (percent),F1 Score for class 5 (percent),F1 Score for class 6 (percent),Precision (percent),Precision for class 0 (percent),Precision for class 1 (percent),Precision for class 2 (percent),Precision for class 3 (percent),Precision for class 4 (percent),Precision for class 5 (percent),Precision for class 6 (percent),Recall (percent),Recall for class 0 (percent),Recall for class 1 (percent),Recall for class 2 (percent),Recall for class 3 (percent),Recall for class 4 (percent),Recall for class 5 (percent),Recall for class 6 (percent),model training instances,model serialized size (bytes)
138001.0,120.18499755859375,428.0,1148.2381591796875,138000.0,90.35507246376811,82.42741503757777,-68.16171825647498,76.50195081475204,71.12771412539311,?,87.00989835913106,93.48553690857715,89.29419986023758,82.9750432419076,75.43094496365525,65.19405450041288,74.11048008350443,0.0,93.10207563264146,90.22468698187639,86.46636892678305,79.1234684260132,86.31178707224335,83.54497354497354,68.37575678457793,0.0,81.66604314752462,96.9909285345527,92.31324953041468,87.22077922077922,66.98635189966802,53.4529451591063,0.0,1.0
