Connected!
[newChuckSize]:0
thread is open, sizeMB250
[newChuckSize]:250
thread is open, sizeMB250
print extradionario!!!!
0.60.614307,0.519444,0.151515,0.23121,0.24677,0.140368,0.870079,0.972441,0.625984,0.448487,0,0,1,0,0,0,0,0,0,0,0,0,0,0,0,0,0,0,0,0,0,0,0,0,0,0,0,0,0,0,0,0,0,0,1,0,0,0,0,0,0,0,0,0,1
java.lang.NumberFormatException: multiple points
print extradionario!!!!
0.688844,0.422220.369685,0.888889,0.181818,0.077309,0.245478,0.119994,0.744094,0.897638,0.708661,0.859334,1,0,0,0,0,0,0,0,0,0,0,0,0,0,0,0,0,0,0,0,0,0,0,0,0,0,0,0,0,0,0,0,1,0,0,0,0,0,0,0,0,0,0,0,20.372686,0.869444,0.181818,0.09592,0.25969,0.11592,0.73622,0.905512,0.720472,0.857103,1,0,0,0,0,0,0,0,0,0,0,0,0,0,0,0,0,0,0,0,0,1,0,0,0,0,0,0,0,0,0,0,0,0,0,0,0,0,0,0,0,0,0,0,2
java.lang.NumberFormatException: multiple points
thread is open, sizeMB250
print extradionario!!!!
0.641821,0.338889,0.2878790.452226,0.888889,0.060606,0,0.223514,0.399888,0.822835,0.929134,0.649606,0.86965,1,0,0,0,0,0,0,0,0,0,0,0,0,0,0,0,0,0,0,0,0,0,0,1,0,0,0,0,0,0,0,0,0,0,0,0,0,0,0,0,0,0,0,0,20.451726,0.955556,0.106061,0,0.223514,0.396375,0.811024,0.901575,0.637795,0.866444,1,0,0,0,0,0,0,0,0,0,0,0,0,0,0,0,0,0,0,0,0,0,0,0,0,0,0,0,0,0,0,0,1,0,0,0,0,0,0,0,0,0,0,0,2
java.lang.NumberFormatException: multiple points
thread is open, sizeMB250
print extradionario!!!!
0.460.54027,0.269444,0.181818,0.23121,0.22739,0.797106,0.944882,0.874016,0.433071,0.599191,1,0,0,0,0,0,0,0,0,0,0,0,0,0,0,0,0,0,0,0,0,0,0,0,0,0,0,0,0,0,0,0,1,0,0,0,0,0,0,0,0,0,0,0,2
java.lang.NumberFormatException: multiple points
print extradionario!!!!
0.654827,0.208333,0.19697,0.182534,0.354005,0.691162,0.0.589295,0.566667,0.257576,0.154617,0.244186,0.818884,0.818898,0.996063,0.685039,0.321762,1,0,0,0,0,0,0,0,0,0,0,0,0,0,0,0,0,0,0,0,0,0,0,0,0,0,0,0,0,0,0,0,1,0,0,0,0,0,0,0,0,0,0,0,20.591296,0.513889,0.272727,0.136006,0.249354,0.820008,0.870079,0.984252,0.614173,0.323575,1,0,0,0,0,0,0,0,0,0,0,0,0,0,0,0,0,0,0,0,0,0,0,0,0,0,0,0,0,0,0,0,1,0,0,0,0,0,0,0,0,0,0,0,2
java.lang.NumberFormatException: multiple points
print extradionario!!!!
0.607304,0.311111,0.20.592796,0.375,0.136364,0.357194,0.468992,0.897429,0.925197,0.929134,0.523622,0.545379,1,0,0,0,0,0,0,0,0,0,0,0,0,0,0,0,0,0,0,0,0,0,0,0,0,0,0,0,0,0,0,0,1,0,0,0,0,0,0,0,0,0,0,0,20.589295,0.416667,0.136364,0.346457,0.459948,0.893494,0.917323,0.944882,0.543307,0.548864,1,0,0,0,0,0,0,0,0,0,0,0,0,0,0,0,0,0,0,0,0,0,0,0,0,0,0,0,0,0,0,0,1,0,0,0,0,0,0,0,0,0,0,0,2
java.lang.NumberFormatException: multiple points
thread is open, sizeMB250
print extradionario!!!!
0.572786,0.375,0.106061,0.442377,0.30.431716,0.6,0.166667,0.14388,0.27261,0.206548,0.822835,0.984252,0.692913,0.527673,1,0,0,0,0,0,0,0,0,0,0,0,0,0,0,1,0,0,0,0,0,0,0,0,0,0,0,0,0,0,0,0,0,0,0,0,0,0,0,0,0,0,0,0,20.433217,0.422222,0.106061,0.154617,0.27907,0.202332,0.901575,0.944882,0.566929,0.524885,1,0,0,0,0,0,0,0,0,0,0,0,0,0,0,1,0,0,0,0,0,0,0,0,0,0,0,0,0,0,0,0,0,0,0,0,0,0,0,0,0,0,0,0,2
java.lang.NumberFormatException: multiple points
print extradionario!!!!
0.645823,0.163889,0.212121,0.154617,0.242894,0.6670.543272,0.697222,0.151515,0.19184,0.260982,0.746522,0.779528,0.972441,0.73622,0.534504,1,0,0,0,0,0,0,0,0,0,0,0,0,0,0,0,0,0,0,0,0,0,0,0,0,0,0,0,0,0,0,0,1,0,0,0,0,0,0,0,0,0,0,0,20.545273,0.672222,0.19697,0.202577,0.262274,0.74849,0.767717,0.984252,0.755906,0.537014,1,0,0,0,0,0,0,0,0,0,0,0,0,0,0,0,0,0,0,0,0,0,0,0,0,0,0,0,0,0,0,0,1,0,0,0,0,0,0,0,0,0,0,0,2
java.lang.NumberFormatException: multiple points
thread is open, sizeMB250
print extradionario!!!!
0.50075,0.261111,0.272727,0.136006,0.25969,0.426584,0.964567,0.826772,0.346457,0.60.498249,0.263889,0.257576,0.10952,0.237726,0.430518,0.964567,0.838583,0.358268,0.5971,1,0,0,0,0,0,0,0,0,0,0,0,0,0,0,0,0,0,0,0,0,0,0,0,0,0,0,0,0,0,0,0,1,0,0,0,0,0,0,0,0,0,0,0,20.493747,0.244444,0.227273,0.088762,0.241602,0.426584,0.952756,0.84252,0.385827,0.593336,1,0,0,0,0,0,0,0,0,0,0,0,0,0,0,0,0,0,0,0,0,0,0,0,0,0,0,0,0,0,0,0,1,0,0,0,0,0,0,0,0,0,0,0,2
java.lang.NumberFormatException: multiple points
thread is open, sizeMB250
thread is open, sizeMB250
thread is open, sizeMB250
thread is open, sizeMB500
[newChuckSize]:500
thread is open, sizeMB250
print extradionario!!!!
0.533767,0.152778,0.121212,0.382248,0.217054,0.6616550.576288,0.430556,0.19697,0.228346,0.295866,0.69327,0.925197,0.948819,0.531496,0.2133,1,0,0,0,0,0,0,0,0,0,0,0,0,0,0,0,0,0,0,0,0,0,0,0,0,0,0,0,0,0,0,0,0,1,0,0,0,0,0,0,0,0,0,0,20.573787,0.408333,0.227273,0.212598,0.289406,0.689195,0.940945,0.933071,0.488189,0.211348,1,0,0,0,0,0,0,0,0,0,0,0,0,0,0,0,0,0,0,0,0,0,0,0,0,0,0,0,0,0,0,0,0,1,0,0,0,0,0,0,0,0,0,0,2
java.lang.NumberFormatException: multiple points
[newChuckSize]:250
thread is open, sizeMB250
thread is open, sizeMB250
print extradionario!!!!
0.454227,0.505556,0.106061,0.171797,0.228682,0.210763,0.8779530.531766,0.452778,0.439394,0.064424,0.276486,0.752002,0.913386,0.917323,0.433071,0.131326,1,0,0,0,0,0,0,0,0,0,0,0,0,0,0,0,0,0,0,0,0,0,0,0,0,0,0,0,0,0,0,0,0,1,0,0,0,0,0,0,0,0,0,0,20.528764,0.430556,0.439394,0.064424,0.268734,0.755936,0.940945,0.893701,0.377953,0.12798,1,0,0,0,0,0,0,0,0,0,0,0,0,0,0,0,0,0,0,0,0,0,0,0,0,0,0,0,0,0,0,0,0,1,0,0,0,0,0,0,0,0,0,0,2
java.lang.NumberFormatException: multiple points
thread is open, sizeMB250
thread is open, sizeMB250
thread is open, sizeMB250
thread is open, sizeMB250
print extradionario!!!!
0.612806,0.022222,0.181818,0.156049,0.242894,0.5140.674337,0.141667,0.090909,0.204009,0.257106,0.804833,0.877953,0.893701,0.547244,0.321623,1,0,0,0,0,0,0,0,0,0,0,0,0,0,0,0,0,0,0,0,0,0,0,0,0,0,0,0,0,0,0,0,1,0,0,0,0,0,0,0,0,0,0,0,10.672836,0.125,0.106061,0.18325,0.25323,0.800899,0.874016,0.885827,0.543307,0.323156,1,0,0,0,0,0,0,0,0,0,0,0,0,0,0,0,0,0,0,0,0,0,0,0,0,0,0,0,0,0,0,0,1,0,0,0,0,0,0,0,0,0,0,0,1
java.lang.NumberFormatException: multiple points
thread is open, sizeMB250
print extradionario!!!!
0.544272,0.175,0.10.589295,0.2,0.060606,0,0.223514,0.517212,0.88189,0.913386,0.566929,0.04503,1,0,0,0,0,0,0,0,0,0,0,0,0,0,0,0,0,0,0,0,0,0,0,0,0,0,1,0,0,0,0,0,0,0,0,0,0,0,0,0,0,0,0,0,10.588294,0.2,0.060606,0,0.223514,0.513278,0.88189,0.913386,0.566929,0.043636,1,0,0,0,0,0,0,0,0,0,0,0,0,0,0,0,0,0,0,0,0,0,0,0,0,0,1,0,0,0,0,0,0,0,0,0,0,0,0,0,0,0,0,0,1
java.lang.NumberFormatException: multiple points
thread is open, sizeMB250
print extradionario!!!!
0.615808,0.266667,0.0.670835,0.455556,0.045455,0.224052,0.328165,0.274413,0.877953,0.944882,0.602362,0.388262,1,0,0,0,0,0,0,0,0,0,0,0,0,0,0,0,0,0,0,0,0,0,0,0,0,0,0,0,0,0,0,0,1,0,0,0,0,0,0,0,0,0,0,0,70.670835,0.327778,0.060606,0.219041,0.328165,0.270339,0.889764,0.929134,0.570866,0.385613,1,0,0,0,0,0,0,0,0,0,0,0,0,0,0,0,0,0,0,0,0,0,0,0,0,0,0,0,0,0,0,0,1,0,0,0,0,0,0,0,0,0,0,0,7
java.lang.NumberFormatException: multiple points
thread is open, sizeMB250
thread is open, sizeMB250
thread is open, sizeMB250
thread is open, sizeMB250
print extradionario!!!!
0.466733,0.161111,0.136364,0.23121,0.350129,0.200225,0.893701,0.870079,0.5,0.112220.13957,0.036111,0.606061,0.128848,0.368217,0.037656,0.594488,0.511811,0.354331,0.068591,0,0,0,1,0,0,0,0,0,0,0,0,0,1,0,0,0,0,0,0,0,0,0,0,0,0,0,0,0,0,0,0,0,0,0,0,0,0,0,0,0,0,0,0,30.135068,0.05,0.590909,0.150322,0.375969,0.039764,0.629921,0.507874,0.311024,0.065384,0,0,0,1,0,0,0,0,0,0,0,0,0,1,0,0,0,0,0,0,0,0,0,0,0,0,0,0,0,0,0,0,0,0,0,0,0,0,0,0,0,0,0,0,3
java.lang.NumberFormatException: multiple points
thread is open, sizeMB250
thread is open, sizeMB250
learning evaluation instances,Wall Time (Actual Time),Avg Delay (ms),outRate (inst/s),classified instances,classifications correct (percent),Kappa Statistic (percent),Kappa Temporal Statistic (percent),Kappa M Statistic (percent),F1 Score (percent),F1 Score for class 0 (percent),F1 Score for class 1 (percent),F1 Score for class 2 (percent),F1 Score for class 3 (percent),F1 Score for class 4 (percent),F1 Score for class 5 (percent),F1 Score for class 6 (percent),Precision (percent),Precision for class 0 (percent),Precision for class 1 (percent),Precision for class 2 (percent),Precision for class 3 (percent),Precision for class 4 (percent),Precision for class 5 (percent),Precision for class 6 (percent),Recall (percent),Recall for class 0 (percent),Recall for class 1 (percent),Recall for class 2 (percent),Recall for class 3 (percent),Recall for class 4 (percent),Recall for class 5 (percent),Recall for class 6 (percent),model training instances,model serialized size (bytes),ensemble size,[avg] model training instances,[err] model training instances,[avg] model serialized size (bytes),[err] model serialized size (bytes),[avg] tree size (nodes),[err] tree size (nodes),[avg] tree size (leaves),[err] tree size (leaves),[avg] active learning leaves,[err] active learning leaves,[avg] tree depth,[err] tree depth,[avg] active leaf byte size estimate,[err] active leaf byte size estimate,[avg] inactive leaf byte size estimate,[err] inactive leaf byte size estimate,[avg] byte size estimate overhead,[err] byte size estimate overhead
146251.0,120.16600036621094,210.0,1217.07470703125,146250.0,84.39794871794872,66.77118556305714,-289.98461801401413,52.38512582947291,64.95410181207532,?,74.19252187748607,89.34727920020487,86.04060913705584,90.08130081300813,65.02291075714598,47.11409395973154,62.07607378357157,0.0,78.74915559558659,88.23914466506655,79.10000000000001,89.78930307941653,54.08348457350273,44.57142857142857,68.11197169100515,0.0,70.13436277950467,90.4836003051106,94.31637519872814,90.37520391517128,81.50984682713349,49.964412811387895,0.0,1.0,25.0,3774.08,2868.823581772385,1.0,0.0,0.9599999999999999,0.19999999999999998,0.9599999999999999,0.19999999999999998,0.9599999999999999,0.19999999999999998,0.0,0.0,0.0,0.0,0.0,0.0,1.0,0.0
