Connected!
[newChuckSize]:0
thread is open, sizeMB500
[newChuckSize]:500
thread is open, sizeMB500
print extradionario!!!!
0.462731,0.9660.109555,0.286111,0.454545,0.030064,0.244186,0.125193,0.996063,0.73622,0.153543,0.022585,0,0,0,1,1,0,0,0,0,0,0,0,0,0,0,0,0,0,0,0,0,0,0,0,0,0,0,0,0,0,0,0,0,0,0,0,0,0,0,0,0,0,0,0,40.102051,0.277778,0.272727,0.021475,0.224806,0.128144,0.972441,0.834646,0.34252,0.026488,0,0,0,1,1,0,0,0,0,0,0,0,0,0,0,0,0,0,0,0,0,0,0,0,0,0,0,0,0,0,0,0,0,0,0,0,0,0,0,0,0,0,0,0,4
java.lang.NumberFormatException: multiple points
print extradionario!!!!
0.184092,0.380556,0.530300.1991,0.391667,0.378788,0.125268,0.344961,0.199944,0.972441,0.885827,0.358268,0.122125,0,0,0,1,0,0,1,0,0,0,0,0,0,0,0,0,0,0,0,0,0,0,0,0,0,0,0,0,0,0,0,0,0,0,0,0,0,0,0,0,0,0,0,0,40.194597,0.380556,0.393939,0.115963,0.339793,0.202754,0.980315,0.870079,0.326772,0.118918,0,0,0,1,0,0,1,0,0,0,0,0,0,0,0,0,0,0,0,0,0,0,0,0,0,0,0,0,0,0,0,0,0,0,0,0,0,0,0,0,0,0,0,0,4
java.lang.NumberFormatException: multiple points
thread is open, sizeMB500
thread is open, sizeMB500
thread is open, sizeMB500
thread is open, sizeMB500
print extradionario!!!!
0.404202,0.030550.38069,0.341667,0.242424,0.09592,0.244186,0.242377,0.964567,0.893701,0.417323,0.662624,1,0,0,0,0,0,0,0,0,0,0,0,0,0,0,0,0,0,0,0,0,0,0,0,0,0,0,0,0,0,0,0,0,1,0,0,0,0,0,0,0,0,0,0,20.361681,0.963889,0.378788,0.021475,0.24031,0.236055,0.641732,0.748031,0.625984,0.634881,1,0,0,0,0,0,0,0,0,0,0,0,0,0,0,0,0,0,0,0,0,0,0,0,0,0,0,0,0,0,0,0,1,0,0,0,0,0,0,0,0,0,0,0,2
java.lang.NumberFormatException: multiple points
thread is open, sizeMB500
thread is open, sizeMB500
print extradionario!!!!
0.684842,0,0.166667,0.4996420.686343,0.086111,0.19697,0.747316,0.262274,0.566531,0.850394,0.826772,0.503937,0.340443,1,0,0,0,0,0,0,0,0,0,0,0,0,0,0,0,0,0,0,0,0,0,0,0,0,0,1,0,0,0,0,0,0,0,0,0,0,0,0,0,0,0,0,0,10.684842,0.052778,0.166667,0.726557,0.29199,0.56906,0.834646,0.854331,0.555118,0.34128,1,0,0,0,0,0,0,0,0,0,0,0,0,0,0,0,0,0,0,0,0,0,0,0,0,0,1,0,0,0,0,0,0,0,0,0,0,0,0,0,0,0,0,0,1
java.lang.NumberFormatException: multiple points
thread is open, sizeMB500
print extradionario!!!!
0.447224,0.083333,0.151515,0.14380.338669,0.152778,0.242424,0.136006,0.245478,0.036251,0.897638,0.807087,0.417323,0.323714,1,0,0,0,0,0,0,0,0,0,0,0,0,0,0,0,0,0,0,0,0,0,0,0,0,0,0,0,0,0,0,0,1,0,0,0,0,0,0,0,0,0,0,0,20.335168,0.141667,0.227273,0.130279,0.236434,0.032879,0.889764,0.811024,0.429134,0.321902,1,0,0,0,0,0,0,0,0,0,0,0,0,0,0,0,0,0,0,0,0,0,0,0,0,0,0,0,0,0,0,0,1,0,0,0,0,0,0,0,0,0,0,0,2
java.lang.NumberFormatException: multiple points
print extradionario!!!!
0.522261,0.780556,0.151515,0,0.223514,0.51946,0.76378,0.940.566283,0.055556,0.19697,0.292054,0.329457,0.641,0.830709,0.834646,0.535433,0.585529,1,0,0,0,0,0,0,0,0,0,0,0,0,0,0,0,0,0,0,0,0,0,0,0,0,0,0,0,0,0,0,0,1,0,0,0,0,0,0,0,0,0,0,0,10.564782,0.088889,0.19697,0.274875,0.325581,0.642827,0.850394,0.830709,0.503937,0.587481,1,0,0,0,0,0,0,0,0,0,0,0,0,0,0,0,0,0,0,0,0,0,0,0,0,0,0,0,0,0,0,0,1,0,0,0,0,0,0,0,0,0,0,0,1
java.lang.NumberFormatException: multiple points
thread is open, sizeMB500
thread is open, sizeMB500
thread is open, sizeMB500
print extradionario!!!!
0.469735,0.161111,0.121212,0.10.612306,0.15,0.212121,0.151754,0.248062,0.593227,0.897638,0.822835,0.437008,0.407779,1,0,0,0,0,0,0,0,0,0,0,0,0,0,0,0,0,0,0,0,0,0,0,0,0,0,0,0,0,0,0,0,1,0,0,0,0,0,0,0,0,0,0,0,20.609305,0.161111,0.151515,0.137437,0.24031,0.596178,0.897638,0.858268,0.484252,0.403736,1,0,0,0,0,0,0,0,0,0,0,0,0,0,0,0,0,0,0,0,0,0,0,0,0,0,0,0,0,0,0,0,1,0,0,0,0,0,0,0,0,0,0,0,2
java.lang.NumberFormatException: multiple points
thread is open, sizeMB500
thread is open, sizeMB500
thread is open, sizeMB500
print extradionario!!!!
0.573287,0.672222,0.19697,0.2398,0.325581,0.753267,0.767717,0.9842520.5993,0.763889,0.378788,0.312813,0.412145,0.784881,0.570866,0.929134,0.889764,0.153492,1,0,0,0,0,0,0,0,0,0,0,0,0,0,0,0,0,0,0,0,0,0,0,0,0,0,0,0,0,0,0,0,1,0,0,0,0,0,0,0,0,0,0,0,20.607804,0.761111,0.424242,0.333572,0.434109,0.782071,0.527559,0.917323,0.913386,0.152238,1,0,0,0,0,0,0,0,0,0,0,0,0,0,0,0,0,0,0,0,0,0,0,0,0,0,0,0,0,0,0,0,1,0,0,0,0,0,0,0,0,0,0,0,2
java.lang.NumberFormatException: multiple points
thread is open, sizeMB500
thread is open, sizeMB500
thread is open, sizeMB500
thread is open, sizeMB500
thread is open, sizeMB500
print extradionario!!!!
0.626813,0.141667,0.19697,0.184681,0.22093,0.3320.703352,0.294444,0.060606,0.107373,0.231266,0.87298,0.893701,0.92126,0.559055,0.035689,1,0,0,0,0,0,0,0,0,0,0,0,0,0,0,0,0,0,0,0,0,0,0,0,0,1,0,0,0,0,0,0,0,0,0,0,0,0,0,0,0,0,0,0,10.702851,0.327778,0.060606,0.090909,0.229974,0.877195,0.889764,0.929134,0.570866,0.034435,1,0,0,0,0,0,0,0,0,0,0,0,0,0,0,0,0,0,0,0,0,0,0,0,0,1,0,0,0,0,0,0,0,0,0,0,0,0,0,0,0,0,0,0,1
java.lang.NumberFormatException: multiple points
thread is open, sizeMB500
thread is open, sizeMB500
print extradionario!!!!
0.706853,0.083333,0.227273,0.171797,0.280362,0.54120.717859,0.227778,0.181818,0.107373,0.268734,0.431924,0.933071,0.862205,0.437008,0.328036,1,0,0,0,0,0,0,0,0,0,0,0,0,0,0,0,0,0,0,0,0,0,0,0,0,0,0,0,0,0,0,0,0,0,0,0,0,0,0,0,0,0,1,0,70.714357,0.238889,0.212121,0.090909,0.25969,0.430097,0.944882,0.850394,0.405512,0.332079,1,0,0,0,0,0,0,0,0,0,0,0,0,0,0,0,0,0,0,0,0,0,0,0,0,0,0,0,0,0,0,0,0,0,0,0,0,0,0,0,0,0,1,0,1
java.lang.NumberFormatException: multiple points
print extradionario!!!!
0.743372,0.802778,0.272727,0.384395,0.25323,0.492483,0.660.472236,0.941667,0.242424,0.287759,0.406977,0.188141,0.724409,0.846457,0.665354,0.167433,0,0,1,0,0,0,0,0,0,0,0,0,0,0,0,0,0,0,0,0,0,0,0,0,0,0,0,1,0,0,0,0,0,0,0,0,0,0,0,0,0,0,0,0,20.472236,0.041667,0.257576,0.307802,0.406977,0.187158,0.795276,0.791339,0.523622,0.16339,0,0,1,0,0,0,0,0,0,0,0,0,0,0,0,0,0,0,0,0,0,0,0,0,0,0,0,1,0,0,0,0,0,0,0,0,0,0,0,0,0,0,0,0,2
java.lang.NumberFormatException: multiple points
thread is open, sizeMB500
thread is open, sizeMB500
learning evaluation instances,Wall Time (Actual Time),Avg Delay (ms),outRate (inst/s),classified instances,classifications correct (percent),Kappa Statistic (percent),Kappa Temporal Statistic (percent),Kappa M Statistic (percent),F1 Score (percent),F1 Score for class 0 (percent),F1 Score for class 1 (percent),F1 Score for class 2 (percent),F1 Score for class 3 (percent),F1 Score for class 4 (percent),F1 Score for class 5 (percent),F1 Score for class 6 (percent),Precision (percent),Precision for class 0 (percent),Precision for class 1 (percent),Precision for class 2 (percent),Precision for class 3 (percent),Precision for class 4 (percent),Precision for class 5 (percent),Precision for class 6 (percent),Recall (percent),Recall for class 0 (percent),Recall for class 1 (percent),Recall for class 2 (percent),Recall for class 3 (percent),Recall for class 4 (percent),Recall for class 5 (percent),Recall for class 6 (percent),model training instances,model serialized size (bytes),ensemble size,change detections,[avg] model training instances,[err] model training instances,[avg] model serialized size (bytes),[err] model serialized size (bytes),[avg] tree size (nodes),[err] tree size (nodes),[avg] tree size (leaves),[err] tree size (leaves),[avg] active learning leaves,[err] active learning leaves,[avg] tree depth,[err] tree depth,[avg] active leaf byte size estimate,[err] active leaf byte size estimate,[avg] inactive leaf byte size estimate,[err] inactive leaf byte size estimate,[avg] byte size estimate overhead,[err] byte size estimate overhead
98001.0,120.21700286865234,602.0,815.2008056640625,98000.0,91.69591836734693,82.7553506574899,-69.15402203284144,75.31395983740823,70.97043045972204,3.571428571428571,87.92104698562541,94.55984776403426,82.55848386141547,89.33333333333333,73.26272281064324,64.1711229946524,70.17139266890497,3.7037037037037033,91.1587462082912,93.6241408416737,81.7116060961313,90.31862745098039,64.74885844748859,65.93406593406593,71.78787504651066,3.4482758620689653,84.90544714834627,95.51444695606712,83.4230999401556,88.3693045563549,84.3545508625818,62.5,0.0,1.0,25.0,189.0,140773.12,163602.6363910741,1.0,0.0,66.4,89.73293709669822,33.68000000000001,44.88199341978176,33.68000000000001,44.88199341978176,5.6000000000000005,4.83045891539648,0.0,0.0,0.0,0.0,1.0,0.0
