Connected!
[newChuckSize]:0
thread is open, sizeMB500
[newChuckSize]:500
print extradionario!!!!
0.547274,0.75,0.015152,0.030064,0.226098,0.663482,0.850394,0.937008,0.629921,0.321760.167084,0.736111,0.545455,0.077309,0.320413,0.083181,0.433071,0.901575,0.96063,0.094382,0,0,0,1,0,0,0,0,0,0,0,0,0,1,0,0,0,0,0,0,0,0,0,0,0,0,0,0,0,0,0,0,0,0,0,0,0,0,0,0,0,0,0,0,30.228114,0.566667,0.212121,0.167502,0.29845,0.128425,0.834646,0.992126,0.677165,0.104838,0,0,0,1,0,0,0,0,0,1,0,0,0,0,0,0,0,0,0,0,0,0,0,0,0,0,0,0,0,0,0,0,0,0,0,0,0,0,0,0,0,0,0,0,3
java.lang.NumberFormatException: multiple points
thread is open, sizeMB500
print extradionario!!!!
0.424212,0.088889,0.136364,0.286328,0.260982,0.333849,0.858268,0.8700.688344,0.45,0.045455,0,0.223514,0.321905,0.874016,0.944882,0.602362,0.089781,0,0,1,0,0,0,0,0,0,0,0,0,0,0,0,0,0,0,0,0,0,0,0,0,0,1,0,0,0,0,0,0,0,0,0,0,0,0,0,0,0,0,0,0,70.709855,0.561111,0.333333,0.042949,0.24677,0.345932,0.80315,0.996063,0.685039,0.079883,0,0,1,0,0,0,0,0,0,0,0,0,0,0,0,0,0,0,0,0,0,0,0,0,0,0,0,0,0,0,0,0,0,0,0,0,0,0,0,0,0,0,1,0,7
java.lang.NumberFormatException: multiple points
print extradionario!!!!
0.645323,0.061111,0.10.710355,0.261111,0.19697,0.568361,0.485788,0.081073,0.944882,0.866142,0.42126,0.164785,1,0,0,0,0,0,0,0,0,0,0,0,0,0,0,0,0,0,0,0,0,0,0,0,0,1,0,0,0,0,0,0,0,0,0,0,0,0,0,0,0,0,0,0,10.624812,0.683333,0.166667,0.221188,0.184755,0.363636,0.775591,0.980315,0.748031,0.086156,0,0,1,0,0,0,0,0,0,0,0,0,0,0,0,0,0,0,0,0,0,0,0,0,0,0,0,0,0,0,0,0,0,0,0,1,0,0,0,0,0,0,0,0,1
java.lang.NumberFormatException: multiple points
print extradionario!!!!
0.385693,0.430556,0.227273,0.030064,0.23385,0.163693,0.9330710.433717,0.913889,0.393939,0.077309,0.329457,0.360264,0.57874,0.779528,0.728346,0.941308,1,0,0,0,0,0,0,0,0,0,0,0,0,0,0,0,0,0,0,0,0,0,0,0,0,0,0,0,0,0,0,0,1,0,0,0,0,0,0,0,0,0,0,0,20.436718,0.913889,0.287879,0.09592,0.354005,0.356049,0.677165,0.84252,0.708661,0.94549,1,0,0,0,0,0,0,0,0,0,0,0,0,0,0,0,0,0,0,0,0,0,0,0,0,0,0,0,0,0,0,0,1,0,0,0,0,0,0,0,0,0,0,0,2
java.lang.NumberFormatException: multiple points
thread is open, sizeMB500
print extradionario!!!!
0.476238,0.866667,0.378788,0.021475,0.244186,0.669664,0.57080.366183,0.958333,0.045455,0.107373,0.258398,0.186174,0.84252,0.925197,0.625984,0.684233,1,0,0,0,0,0,0,0,0,0,0,0,0,0,0,1,0,0,0,0,0,0,0,0,0,0,0,0,0,0,0,0,0,0,0,0,0,0,0,0,0,0,0,0,2
java.lang.NumberFormatException: multiple points
print extradionario!!!!
0.564782,0.125,0.136364,0.32713,0.312661,0.690038,0.877950.625813,0.052778,0.181818,0.19184,0.342377,0.686666,0.830709,0.84252,0.543307,0.298341,1,0,0,0,0,0,0,0,0,0,0,0,0,0,0,0,0,0,0,0,0,0,0,0,0,0,0,0,0,0,0,0,1,0,0,0,0,0,0,0,0,0,0,0,1
java.lang.NumberFormatException: multiple points
thread is open, sizeMB500
print extradionario!!!!
0.504752,0.9888890.483242,0.05,0.151515,0.09592,0.231266,0.403822,0.838583,0.866142,0.562992,0.608532,1,0,0,0,0,0,0,0,0,0,0,0,0,0,0,0,0,0,0,0,0,0,0,0,0,0,0,0,0,0,0,0,1,0,0,0,0,0,0,0,0,0,0,0,2
java.lang.NumberFormatException: multiple points
print extradionario!!!!
0.558279,0.205556,0.136364,0.2584110.476238,0.113889,0.242424,0.173228,0.288114,0.324294,0.870079,0.80315,0.448819,0.488638,1,0,0,0,0,0,0,0,0,0,0,0,0,0,0,1,0,0,0,0,0,0,0,0,0,0,0,0,0,0,0,0,0,0,0,0,0,0,0,0,0,0,0,0,2
java.lang.NumberFormatException: multiple points
thread is open, sizeMB500
thread is open, sizeMB500
print extradionario!!!!
0.569785,0.2,0.075758,0.198282,0.273902,0.700570.581291,0.011111,0.151515,0.128848,0.245478,0.738232,0.814961,0.870079,0.594488,0.627631,1,0,0,0,0,0,0,0,0,0,0,0,0,0,0,0,0,0,0,0,0,0,0,0,0,0,0,0,0,0,0,0,1,0,0,0,0,0,0,0,0,0,0,0,2
java.lang.NumberFormatException: multiple points
thread is open, sizeMB500
print extradionario!!!!
0.465733,0.452778,0.136364,0.228346,0.24677,0.327245,0.901570.491746,0.258333,0.151515,0.130279,0.276486,0.419278,0.929134,0.885827,0.472441,0.302802,1,0,0,0,0,0,0,0,0,0,0,0,0,0,0,0,0,0,0,0,0,0,0,0,0,0,0,0,0,0,0,0,1,0,0,0,0,0,0,0,0,0,0,0,20.489745,0.258333,0.121212,0.10952,0.271318,0.415203,0.917323,0.897638,0.5,0.305033,1,0,0,0,0,0,0,0,0,0,0,0,0,0,0,0,0,0,0,0,0,0,0,0,0,0,0,0,0,0,0,0,1,0,0,0,0,0,0,0,0,0,0,0,2
java.lang.NumberFormatException: multiple points
thread is open, sizeMB500
thread is open, sizeMB500
thread is open, sizeMB500
print extradionario!!!!
0.53927,0.916667,0.242424,0.136006,0.262274,0.499087,0.712590.534267,0.188889,0.166667,0.259127,0.30491,0.426584,0.913386,0.858268,0.464567,0.342256,1,0,0,0,0,0,0,0,0,0,0,0,0,0,0,0,0,0,0,0,0,0,0,0,0,0,0,0,0,0,0,0,1,0,0,0,0,0,0,0,0,0,0,0,20.530765,0.202778,0.227273,0.2398,0.295866,0.425179,0.933071,0.822835,0.393701,0.34602,1,0,0,0,0,0,0,0,0,0,0,0,0,0,0,0,0,0,0,0,0,0,0,0,0,0,0,0,0,0,0,0,1,0,0,0,0,0,0,0,0,0,0,0,2
java.lang.NumberFormatException: multiple points
thread is open, sizeMB500
print extradionario!!!!
0.527264,0.319444,0.227273,0.154617,0.284238,0.511732,0.964567,0.880.638819,0.95,0.272727,0.14388,0.275194,0.612196,0.708661,0.826772,0.65748,0.41712,1,0,0,0,0,0,0,0,0,0,0,0,0,0,0,0,0,0,0,0,0,0,0,0,0,0,0,0,0,0,0,0,1,0,0,0,0,0,0,0,0,0,0,0,1
java.lang.NumberFormatException: multiple points
thread is open, sizeMB500
thread is open, sizeMB500
print extradionario!!!!
0.54077,0.313889,0.19697,0.182534,0.0.488744,0.975,0.151515,0.090909,0.24031,0.149501,0.795276,0.877953,0.625984,0.251777,1,0,0,0,0,0,0,0,0,0,0,0,0,0,0,0,0,0,0,0,0,0,0,0,0,0,0,0,0,0,0,0,0,1,0,0,0,0,0,0,0,0,0,0,20.488744,0.013889,0.151515,0.107373,0.241602,0.145567,0.818898,0.870079,0.590551,0.254984,1,0,0,0,0,0,0,0,0,0,0,0,0,0,0,0,0,0,0,0,0,0,0,0,0,0,0,0,0,0,0,0,0,1,0,0,0,0,0,0,0,0,0,0,2
java.lang.NumberFormatException: multiple points
thread is open, sizeMB500
print extradionario!!!!
0.607304,0.813889,0.060606,0.258411,0.24677,0.465365,0.822835,0.0.568784,0.944444,0.075758,0.064424,0.232558,0.241253,0.826772,0.917323,0.637795,0.226405,1,0,0,0,0,0,0,0,0,0,0,0,0,0,0,0,0,0,0,0,0,0,0,0,0,0,0,0,0,0,0,0,1,0,0,0,0,0,0,0,0,0,0,0,10.569285,0,0.090909,0.085898,0.23385,0.237319,0.834646,0.901575,0.610236,0.230448,1,0,0,0,0,0,0,0,0,0,0,0,0,0,0,0,0,0,0,0,0,0,0,0,0,0,0,0,0,0,0,0,1,0,0,0,0,0,0,0,0,0,0,0,1
java.lang.NumberFormatException: multiple points
thread is open, sizeMB500
print extradionario!!!!
0.573787,0.15,0.1210.683842,0.875,0.090909,0.021475,0.231266,0.518477,0.799213,0.925197,0.673228,0.229332,1,0,0,0,0,0,0,0,0,0,0,0,0,0,0,0,0,0,0,0,0,0,0,0,0,1,0,0,0,0,0,0,0,0,0,0,0,0,0,0,0,0,0,0,1
java.lang.NumberFormatException: multiple points
thread is open, sizeMB500
thread is open, sizeMB500
thread is open, sizeMB500
thread is open, sizeMB500
thread is open, sizeMB500
thread is open, sizeMB500
print extradionario!!!!
0.248624,0.308333,0.545455,0.137437,0.364341,0.218912,0.996063,0.692913,0.062992,0.05030.527764,0.122222,0.19697,0.258411,0.255814,0.341295,0.874016,0.830709,0.476378,0.194758,0,0,1,0,0,0,0,0,0,0,0,0,0,0,0,0,0,0,0,0,0,0,0,0,0,0,0,1,0,0,0,0,0,0,0,0,0,0,0,0,0,0,0,0,1
java.lang.NumberFormatException: multiple points
thread is open, sizeMB500
thread is open, sizeMB500
print extradionario!!!!
0.43972,0.088889,0.106061,0.367215,0.273902,0.012646,0.862205,0.88189,0.559055,0.1074860.305153,0.891667,0.348485,0.060845,0.280362,0.140368,0.606299,0.826772,0.755906,0.093963,0,0,0,1,0,0,0,0,0,0,0,0,0,1,0,0,0,0,0,0,0,0,0,0,0,0,0,0,0,0,0,0,0,0,0,0,0,0,0,0,0,0,0,0,2
java.lang.NumberFormatException: multiple points
thread is open, sizeMB500
learning evaluation instances,Wall Time (Actual Time),Avg Delay (ms),outRate (inst/s),classified instances,classifications correct (percent),Kappa Statistic (percent),Kappa Temporal Statistic (percent),Kappa M Statistic (percent),F1 Score (percent),F1 Score for class 0 (percent),F1 Score for class 1 (percent),F1 Score for class 2 (percent),F1 Score for class 3 (percent),F1 Score for class 4 (percent),F1 Score for class 5 (percent),F1 Score for class 6 (percent),Precision (percent),Precision for class 0 (percent),Precision for class 1 (percent),Precision for class 2 (percent),Precision for class 3 (percent),Precision for class 4 (percent),Precision for class 5 (percent),Precision for class 6 (percent),Recall (percent),Recall for class 0 (percent),Recall for class 1 (percent),Recall for class 2 (percent),Recall for class 3 (percent),Recall for class 4 (percent),Recall for class 5 (percent),Recall for class 6 (percent),model training instances,model serialized size (bytes),ensemble size,[avg] model training instances,[err] model training instances,[avg] model serialized size (bytes),[err] model serialized size (bytes),[avg] tree size (nodes),[err] tree size (nodes),[avg] tree size (leaves),[err] tree size (leaves),[avg] active learning leaves,[err] active learning leaves,[avg] tree depth,[err] tree depth,[avg] active leaf byte size estimate,[err] active leaf byte size estimate,[avg] inactive leaf byte size estimate,[err] inactive leaf byte size estimate,[avg] byte size estimate overhead,[err] byte size estimate overhead
297501.0,120.11000061035156,176.0,2476.904541015625,297500.0,78.70588235294119,61.796455322347136,-361.29760431078364,50.921528676237045,49.6652419285854,?,71.5031406486095,85.5994020012949,79.3917499789969,14.929214929214929,24.56671251719395,32.050120772946855,60.2980759324789,0.0,80.15426395654852,80.45108854623709,68.54283020236454,70.73170731707317,49.749303621169915,72.45733788395906,42.22021868464888,0.0,64.53754423930931,91.45167706731426,94.3207904980537,8.345323741007196,16.310502283105023,20.575692963752665,0.0,1.0,25.0,309810.8,117776.61920559614,1.0,0.0,54.800000000000004,47.66637529048473,23.6,26.159765544311238,23.6,26.159765544311238,6.3999999999999995,4.618802153517006,0.0,0.0,0.0,0.0,1.0,0.0
