Connected!
[newChuckSize]:0
thread is open, sizeMB250
[newChuckSize]:250
print extradionario!!!!
0.568284,0.6472220.586293,0.65,0.166667,0.211167,0.344961,0.826612,0.795276,0.984252,0.728346,0.247316,1,0,0,0,0,0,0,0,0,0,0,0,0,0,0,0,0,0,0,0,0,0,0,0,0,0,0,0,0,0,0,0,1,0,0,0,0,0,0,0,0,0,0,0,10.63982,0.869444,0.19697,0.154617,0.263566,0.7513,0.732283,0.905512,0.724409,0.077095,1,0,0,0,0,0,0,0,0,0,0,0,0,0,0,0,0,0,0,0,0,0,0,0,0,0,0,0,0,0,0,0,1,0,0,0,0,0,0,0,0,0,0,0,2
java.lang.NumberFormatException: multiple points
thread is open, sizeMB250
print extradionario!!!!
0.157079,0.138889,0.424240.193597,0.127778,0.560606,0.136006,0.370801,0.147534,0.799213,0.527559,0.141732,0.217064,0,0,0,1,0,0,0,0,0,0,0,0,0,1,0,0,0,0,0,0,0,0,0,0,0,0,0,0,0,0,0,0,0,0,0,0,0,0,0,0,0,0,0,0,30.138069,0.036111,0.121212,0,0.223514,0.123929,0.838583,0.885827,0.586614,0.208142,0,0,0,1,0,0,0,0,0,0,0,0,0,0,0,0,0,0,0,0,1,0,0,0,0,0,0,0,0,0,0,0,0,0,0,0,0,0,0,0,0,0,0,0,4
java.lang.NumberFormatException: multiple points
print extradionario!!!!
0.275138,0.0.529765,0.6,0.181818,0.720115,0.382429,0.362793,0.814961,0.992126,0.704724,0.188763,0,0,1,0,0,0,0,0,0,0,0,0,0,0,0,0,0,0,0,0,0,0,0,0,0,0,0,0,0,0,0,0,0,0,0,0,0,1,0,0,0,0,0,0,20.429215,0.366667,0.19697,0.214746,0.231266,0.279191,0.948819,0.917323,0.472441,0.370974,0,0,1,0,0,0,0,1,0,0,0,0,0,0,0,0,0,0,0,0,0,0,0,0,0,0,0,0,0,0,0,0,0,0,0,0,0,0,0,0,0,0,0,0,6
java.lang.NumberFormatException: multiple points
thread is open, sizeMB250
print extradionario!!!!
0.327664,0.155556,0.20.510255,0.297222,0.227273,0.121689,0.260982,0.668821,0.96063,0.870079,0.401575,0.653144,1,0,0,0,0,0,0,0,0,0,0,0,0,0,0,0,0,0,0,0,0,0,0,0,0,0,0,1,0,0,0,0,0,0,0,0,0,0,0,0,0,0,0,0,20.505753,0.344444,0.272727,0.137437,0.25323,0.664746,0.976378,0.877953,0.38189,0.657326,1,0,0,0,0,0,0,0,0,0,0,0,0,0,0,0,0,0,0,0,0,0,0,0,0,0,0,1,0,0,0,0,0,0,0,0,0,0,0,0,0,0,0,0,2
java.lang.NumberFormatException: multiple points
print extradionario!!!!
0.40220.576288,0.375,0.136364,0.193271,0.260982,0.847408,0.92126,0.933071,0.527559,0.497281,1,0,0,0,0,0,0,0,0,0,0,0,0,0,0,0,0,0,0,0,0,0,0,0,0,0,0,0,0,0,0,0,1,0,0,0,0,0,0,0,0,0,0,0,2
java.lang.NumberFormatException: multiple points
thread is open, sizeMB250
print extradionario!!!!
0.54027,0.0.411706,0.069444,0.075758,0.064424,0.231266,0.254742,0.858268,0.901575,0.582677,0.756727,1,0,0,0,0,0,0,0,0,0,0,0,0,0,0,0,0,0,0,0,0,0,0,0,0,0,0,0,0,0,0,0,1,0,0,0,0,0,0,0,0,0,0,0,20.413207,0.161111,0.045455,0.064424,0.235142,0.252073,0.874016,0.917323,0.57874,0.753938,1,0,0,0,0,0,0,0,0,0,0,0,0,0,0,0,0,0,0,0,0,0,0,0,0,0,0,0,0,0,0,0,1,0,0,0,0,0,0,0,0,0,0,0,2
java.lang.NumberFormatException: multiple points
print extradionario!!!!
0.31966,0.030556,0.106061,0.137437,0.232558,0.143881,0.838583,0.885827,0.0.423712,0.016667,0.212121,0.077309,0.250646,0.311086,0.791339,0.834646,0.574803,0.71574,1,0,0,0,0,0,0,0,0,0,0,0,0,0,0,1,0,0,0,0,0,0,0,0,0,0,0,0,0,0,0,0,0,0,0,0,0,0,0,0,0,0,0,0,20.422711,0.1,0.166667,0.085898,0.254522,0.308697,0.862205,0.850394,0.515748,0.712812,1,0,0,0,0,0,0,0,0,0,0,0,0,0,0,1,0,0,0,0,0,0,0,0,0,0,0,0,0,0,0,0,0,0,0,0,0,0,0,0,0,0,0,0,2
java.lang.NumberFormatException: multiple points
print extradionario!!!!
0.546773,0.455556,0.0900.695848,0.180556,0.181818,0.432355,0.329457,0.537305,0.909449,0.850394,0.456693,0.314652,1,0,0,0,0,0,0,0,0,0,0,0,0,0,0,0,0,0,0,0,0,0,0,0,0,0,0,0,0,0,0,0,0,0,0,0,0,0,0,0,0,0,0,1,10.694347,0.133333,0.19697,0.451682,0.325581,0.539272,0.88189,0.830709,0.468504,0.314373,1,0,0,0,0,0,0,0,0,0,0,0,0,0,0,0,0,0,0,0,0,0,0,0,0,0,0,0,0,0,0,0,0,0,0,0,0,0,0,0,0,0,0,1,1
java.lang.NumberFormatException: multiple points
thread is open, sizeMB250
print extradionario!!!!
0.533767,0.205556,0.181818,0.10952,0.236434,0.69889,0.925197,0.850394,0.437008,0.46070.564782,0.625,0.19697,0.214746,0.355297,0.869046,0.791339,0.992126,0.728346,0.695107,1,0,0,0,0,0,0,0,0,0,0,0,0,0,0,0,0,0,0,0,0,0,0,0,0,0,0,0,0,0,0,0,0,1,0,0,0,0,0,0,0,0,0,0,20.568284,0.708333,0.227273,0.23622,0.364341,0.865393,0.732283,0.976378,0.787402,0.698453,1,0,0,0,0,0,0,0,0,0,0,0,0,0,0,0,0,0,0,0,0,0,0,0,0,0,0,0,0,0,0,0,0,1,0,0,0,0,0,0,0,0,0,0,2
java.lang.NumberFormatException: multiple points
print extradionario!!!!
0.641821,0.158333,0.333333,0.273443,0.271318,0.60.574787,0.725,0.075758,0.652827,0.381137,0.813967,0.822835,0.952756,0.677165,0.779869,1,0,0,0,0,0,0,0,0,0,0,0,0,0,0,0,0,0,0,0,0,0,0,1,0,0,0,0,0,0,0,0,0,0,0,0,0,0,0,0,0,0,0,0,20.574787,0.575,0.045455,0.674302,0.381137,0.810454,0.854331,0.952756,0.633858,0.783215,1,0,0,0,0,0,0,0,0,0,0,0,0,0,0,0,0,0,0,0,0,0,0,1,0,0,0,0,0,0,0,0,0,0,0,0,0,0,0,0,0,0,0,0,2
java.lang.NumberFormatException: multiple points
thread is open, sizeMB250
print extradionario!!!!
0.470735,0.836111,0.166667,0.077309,0.2540.531766,0.647222,0.106061,0.19184,0.257106,0.805536,0.818898,0.972441,0.692913,0.825317,1,0,0,0,0,0,0,0,0,0,0,0,0,0,0,0,0,0,0,1,0,0,0,0,0,0,0,0,0,0,0,0,0,0,0,0,0,0,0,0,0,0,0,0,10.531766,0.480556,0.090909,0.211167,0.257106,0.808627,0.88189,0.956693,0.606299,0.828384,1,0,0,0,0,0,0,0,0,0,0,0,0,0,0,0,0,0,0,1,0,0,0,0,0,0,0,0,0,0,0,0,0,0,0,0,0,0,0,0,0,0,0,0,1
java.lang.NumberFormatException: multiple points
thread is open, sizeMB250
print extradionario!!!!
0.372186,0.388889,0.212121,0.151754,0.255814,0.150485,0.944882,0.925197,0.40.587794,0.125,0.015152,0.516822,0.312661,0.785443,0.862205,0.929134,0.606299,0.78196,1,0,0,0,0,0,0,0,0,0,0,0,0,0,0,1,0,0,0,0,0,0,0,0,0,0,0,0,0,0,0,0,0,0,0,0,0,0,0,0,0,0,0,0,20.587794,0.208333,0.106061,0.503221,0.312661,0.781509,0.897638,0.897638,0.523622,0.780287,1,0,0,0,0,0,0,0,0,0,0,0,0,0,0,1,0,0,0,0,0,0,0,0,0,0,0,0,0,0,0,0,0,0,0,0,0,0,0,0,0,0,0,0,2
java.lang.NumberFormatException: multiple points
thread is open, sizeMB250
print extradionario!!!!
0.54820.607304,0.7,0.030303,0.41446,0.312661,0.829001,0.84252,0.944882,0.645669,0.574794,1,0,0,0,0,0,0,0,0,0,0,0,0,0,0,0,0,0,0,0,0,0,0,0,0,0,0,0,0,0,0,0,1,0,0,0,0,0,0,0,0,0,0,0,2
java.lang.NumberFormatException: multiple points
print extradionario!!!!
0.597799,0.95,0.151510.518259,0.352778,0.212121,0.068003,0.235142,0.60503,0.952756,0.905512,0.448819,0.45267,1,0,0,0,0,0,0,0,0,0,0,0,0,0,0,0,0,0,0,0,0,0,0,0,0,0,0,0,0,0,0,0,1,0,0,0,0,0,0,0,0,0,0,0,10.515758,0.341667,0.212121,0.060845,0.244186,0.600955,0.956693,0.901575,0.440945,0.452391,1,0,0,0,0,0,0,0,0,0,0,0,0,0,0,0,0,0,0,0,0,0,0,0,0,0,0,0,0,0,0,0,1,0,0,0,0,0,0,0,0,0,0,0,1
java.lang.NumberFormatException: multiple points
thread is open, sizeMB250
thread is open, sizeMB250
print extradionario!!!!
0.623812,0.075,0.212121,0.259127,0.24031,0.535478,0.838583,0.826772,0.511811,0.510.673337,0.125,0.015152,0.360057,0.30491,0.391879,0.862205,0.925197,0.602362,0.654677,1,0,0,0,0,0,0,0,0,0,0,0,0,0,0,0,0,0,0,0,0,0,0,0,0,0,0,0,0,0,0,0,0,0,0,0,0,0,0,0,0,0,1,0,10.673337,0.125,0.075758,0.339298,0.30491,0.395391,0.870079,0.901575,0.562992,0.650495,1,0,0,0,0,0,0,0,0,0,0,0,0,0,0,0,0,0,0,0,0,0,0,0,0,0,0,0,0,0,0,0,0,0,0,0,0,0,0,0,0,0,1,0,1
java.lang.NumberFormatException: multiple points
thread is open, sizeMB250
thread is open, sizeMB250
print extradionario!!!!
0.552276,0.336111,0.181818,0.064424,0.20.64032,0.458333,0.166667,0.137437,0.262274,0.396375,0.905512,0.96063,0.562992,0.479297,1,0,0,0,0,0,0,0,0,0,0,0,0,0,0,0,0,0,0,0,0,0,0,0,0,0,0,0,0,0,0,0,0,1,0,0,0,0,0,0,0,0,0,0,10.64032,0.488889,0.181818,0.125268,0.262274,0.400169,0.889764,0.968504,0.590551,0.475394,1,0,0,0,0,0,0,0,0,0,0,0,0,0,0,0,0,0,0,0,0,0,0,0,0,0,0,0,0,0,0,0,0,1,0,0,0,0,0,0,0,0,0,0,1
java.lang.NumberFormatException: multiple points
thread is open, sizeMB250
thread is open, sizeMB250
thread is open, sizeMB250
print extradionario!!!!
0.68880.577289,0.380556,0.151515,0.068003,0.239018,0.379092,0.929134,0.929134,0.515748,0.077095,1,0,0,0,0,0,0,0,0,0,0,0,0,0,0,0,0,0,0,0,0,0,0,0,0,0,0,0,0,0,0,0,1,0,0,0,0,0,0,0,0,0,0,0,1
java.lang.NumberFormatException: multiple points
thread is open, sizeMB250
thread is open, sizeMB250
thread is open, sizeMB250
print extradionario!!!!
0.706853,0.733333,0.106061,0.060.692846,0.25,0.106061,0.121689,0.249354,0.368695,0.909449,0.901575,0.519685,0.373344,1,0,0,0,0,0,0,0,0,0,0,0,0,0,0,0,0,0,0,0,0,0,0,0,0,0,0,0,0,0,0,0,1,0,0,0,0,0,0,0,0,0,0,0,70.691846,0.202778,0.090909,0.107373,0.24677,0.364479,0.893701,0.901575,0.535433,0.377527,1,0,0,0,0,0,0,0,0,0,0,0,0,0,0,0,0,0,0,0,0,0,0,0,0,0,0,0,0,0,0,0,1,0,0,0,0,0,0,0,0,0,0,0,7
java.lang.NumberFormatException: multiple points
thread is open, sizeMB250
print extradionario!!!!
0.506253,0.075,0.318182,0.11590.71986,0.152778,0.166667,0.077309,0.217054,0.388366,0.893701,0.850394,0.476378,0.354245,1,0,0,0,0,0,0,0,0,0,0,0,0,0,0,0,0,0,0,0,0,0,0,0,0,0,0,0,0,0,0,0,1,0,0,0,0,0,0,0,0,0,0,0,10.717359,0.158333,0.181818,0.090909,0.217054,0.386539,0.897638,0.846457,0.468504,0.358009,1,0,0,0,0,0,0,0,0,0,0,0,0,0,0,0,0,0,0,0,0,0,0,0,0,0,0,0,0,0,0,0,1,0,0,0,0,0,0,0,0,0,0,0,1
java.lang.NumberFormatException: multiple points
thread is open, sizeMB250
thread is open, sizeMB250
print extradionario!!!!
0.642821,0.205556,0.242424,0.137437,0.171835,0.264718,0.930.378689,0.811111,0.257576,0.021475,0.239018,0.194464,0.669291,0.92126,0.80315,0.121985,0,0,1,0,0,0,0,0,0,0,0,0,0,0,0,0,0,0,0,0,0,0,0,0,0,0,0,0,0,0,0,0,0,0,0,0,1,0,0,0,0,0,0,0,20.382691,0.797222,0.272727,0.030064,0.21447,0.198117,0.661417,0.929134,0.814961,0.121567,0,0,1,0,0,0,0,0,0,0,0,0,0,0,0,0,0,0,0,0,0,0,0,0,0,0,0,0,0,0,0,0,0,0,0,0,1,0,0,0,0,0,0,0,2
java.lang.NumberFormatException: multiple points
thread is open, sizeMB250
thread is open, sizeMB250
thread is open, sizeMB250
print extradionario!!!!
0.221611,0.086111,0.287879,0.030064,0.23385,0.135731,0.8300.656328,0.375,0.045455,0,0.223514,0.455248,0.88189,0.937008,0.586614,0.462568,1,0,0,0,0,0,0,0,0,0,0,0,0,0,0,0,0,0,0,0,0,0,0,0,0,0,1,0,0,0,0,0,0,0,0,0,0,0,0,0,0,0,0,0,10.655828,0.338889,0.045455,0,0.223514,0.451033,0.885827,0.933071,0.57874,0.465077,1,0,0,0,0,0,0,0,0,0,0,0,0,0,0,0,0,0,0,0,0,0,0,0,0,0,1,0,0,0,0,0,0,0,0,0,0,0,0,0,0,0,0,0,1
java.lang.NumberFormatException: multiple points
learning evaluation instances,Wall Time (Actual Time),Avg Delay (ms),outRate (inst/s),classified instances,classifications correct (percent),Kappa Statistic (percent),Kappa Temporal Statistic (percent),Kappa M Statistic (percent),F1 Score (percent),F1 Score for class 0 (percent),F1 Score for class 1 (percent),F1 Score for class 2 (percent),F1 Score for class 3 (percent),F1 Score for class 4 (percent),F1 Score for class 5 (percent),F1 Score for class 6 (percent),Precision (percent),Precision for class 0 (percent),Precision for class 1 (percent),Precision for class 2 (percent),Precision for class 3 (percent),Precision for class 4 (percent),Precision for class 5 (percent),Precision for class 6 (percent),Recall (percent),Recall for class 0 (percent),Recall for class 1 (percent),Recall for class 2 (percent),Recall for class 3 (percent),Recall for class 4 (percent),Recall for class 5 (percent),Recall for class 6 (percent),model training instances,model serialized size (bytes),ensemble size,[avg] model training instances,[err] model training instances,[avg] model serialized size (bytes),[err] model serialized size (bytes),[avg] tree size (nodes),[err] tree size (nodes),[avg] tree size (leaves),[err] tree size (leaves),[avg] active learning leaves,[err] active learning leaves,[avg] tree depth,[err] tree depth,[avg] active leaf byte size estimate,[err] active leaf byte size estimate,[avg] inactive leaf byte size estimate,[err] inactive leaf byte size estimate,[avg] byte size estimate overhead,[err] byte size estimate overhead
142751.0,120.13099670410156,207.0,1188.29443359375,142750.0,84.56882661996498,69.41914383675909,-236.04881769641457,57.8717870257038,64.28953005611619,?,76.52813307452018,89.24450497484206,85.27949074995027,81.99608610567515,66.81009192255036,49.136868064118374,63.19562787188529,0.0,82.24924012158054,87.30200689407238,80.84103337733359,81.35922330097087,61.57173756308579,49.04615384615384,65.42196971979442,0.0,71.5511646354655,91.27541262699404,90.23363502420543,82.64299802761342,73.02265925609235,49.22791846819024,0.0,1.0,25.0,4060.9199999999996,4037.9898765763796,1.0,0.0,1.4400000000000002,1.3564659966250536,1.2000000000000004,0.7071067811865475,1.2000000000000004,0.7071067811865475,0.24000000000000005,0.6633249580710799,0.0,0.0,0.0,0.0,1.0,0.0
