Connected!
[newChuckSize]:0
thread is open, sizeMB500
[newChuckSize]:500
thread is open, sizeMB500
print extradionario!!!!
0.42071,0.211111,0.136364,0.30995,0.204134,0.157932,0.909449,0.88189,0.490.135568,0.947222,0.19697,0,0.223514,0.147956,0.755906,0.866142,0.653543,0.194619,0,0,0,1,0,0,0,0,0,0,0,0,0,0,0,0,0,0,0,0,1,0,0,0,0,0,0,0,0,0,0,0,0,0,0,0,0,0,0,0,0,0,0,0,40.134567,0.011111,0.106061,0.021475,0.228682,0.146691,0.830709,0.893701,0.602362,0.192667,0,0,0,1,0,0,0,0,0,0,0,0,0,0,0,0,0,0,0,0,1,0,0,0,0,0,0,0,0,0,0,0,0,0,0,0,0,0,0,0,0,0,0,0,4
java.lang.NumberFormatException: multiple points
thread is open, sizeMB500
thread is open, sizeMB500
thread is open, sizeMB500
print extradionario!!!!
0.622311,0.169444,0.075758,0.0608450.783892,0.536111,0.242424,0.399427,0.370801,0.59393,0.850394,0.988189,0.645669,0.408755,0,0,1,0,0,0,0,0,0,0,0,0,0,0,0,0,0,0,0,0,0,0,0,0,0,0,0,0,0,0,0,0,0,0,0,0,1,0,0,0,0,0,0,0,70.784892,0.527778,0.242424,0.387258,0.373385,0.593227,0.858268,0.988189,0.633858,0.412659,0,0,1,0,0,0,0,0,0,0,0,0,0,0,0,0,0,0,0,0,0,0,0,0,0,0,0,0,0,0,0,0,0,0,0,0,1,0,0,0,0,0,0,0,7
java.lang.NumberFormatException: multiple points
thread is open, sizeMB500
print extradionario!!!!
0.35918,0.058333,0.060606,0,0.223514,0.115077,0.854331,0.9094490.115058,0.902778,0.5,0.068003,0.294574,0.052129,0.476378,0.724409,0.755906,0.074028,0,0,0,1,0,0,0,0,0,0,0,0,0,1,0,0,0,0,0,0,0,0,0,0,0,0,0,0,0,0,0,0,0,0,0,0,0,0,0,0,0,0,0,0,60.127564,0.375,0.272727,0,0.223514,0.169313,0.964567,0.905512,0.42126,0.178726,0,0,0,1,1,0,0,0,0,0,0,0,0,0,0,0,0,0,0,0,0,0,0,0,0,0,0,0,0,0,0,0,0,0,0,0,0,0,0,0,0,0,0,0,4
java.lang.NumberFormatException: multiple points
thread is open, sizeMB500
thread is open, sizeMB500
thread is open, sizeMB500
thread is open, sizeMB500
print extradionario!!!!
0.538769,0.25,0.212121,0.163207,0.347545,0.804131,0.944882,0.850.390195,0.030556,0.181818,0.167502,0.277778,0.231839,0.814961,0.846457,0.566929,0.606859,1,0,0,0,0,0,0,0,0,0,0,0,0,0,0,0,0,0,0,0,0,0,0,0,0,0,0,0,0,0,0,0,1,0,0,0,0,0,0,0,0,0,0,0,20.389195,0.019444,0.19697,0.176807,0.277778,0.228186,0.80315,0.84252,0.574803,0.60435,1,0,0,0,0,0,0,0,0,0,0,0,0,0,0,0,0,0,0,0,0,0,0,0,0,0,0,0,0,0,0,0,1,0,0,0,0,0,0,0,0,0,0,0,2
java.lang.NumberFormatException: multiple points
thread is open, sizeMB500
thread is open, sizeMB500
thread is open, sizeMB500
thread is open, sizeMB500
print extradionario!!!!
0.445723,0.183333,0.090909,0.107373,0.236434,0.383589,0.889764,0.8970.691346,0.772222,0.136364,0.604868,0.308786,0.584516,0.771654,0.952756,0.728346,0.346996,1,0,0,0,0,0,0,0,0,0,0,0,0,0,0,0,0,0,0,0,0,0,0,0,0,0,1,0,0,0,0,0,0,0,0,0,0,0,0,0,0,0,0,0,10.692846,0.694444,0.090909,0.584109,0.312661,0.587186,0.818898,0.96063,0.685039,0.348111,1,0,0,0,0,0,0,0,0,0,0,0,0,0,0,0,0,0,0,0,0,0,0,0,0,0,1,0,0,0,0,0,0,0,0,0,0,0,0,0,0,0,0,0,1
java.lang.NumberFormatException: multiple points
thread is open, sizeMB500
thread is open, sizeMB500
print extradionario!!!!
0.447224,0.5361110.376188,0.069444,0.30303,0.339298,0.313953,0.084446,0.807087,0.755906,0.46063,0.364422,1,0,0,0,0,0,0,0,0,0,0,0,0,0,0,0,0,0,0,0,0,0,0,0,0,0,0,0,0,0,0,0,1,0,0,0,0,0,0,0,0,0,0,0,20.373687,0.061111,0.287879,0.327845,0.307494,0.08023,0.807087,0.775591,0.484252,0.362192,1,0,0,0,0,0,0,0,0,0,0,0,0,0,0,0,0,0,0,0,0,0,0,0,0,0,0,0,0,0,0,0,1,0,0,0,0,0,0,0,0,0,0,0,2
java.lang.NumberFormatException: multiple points
thread is open, sizeMB500
print extradionario!!!!
0.548274,0.394444,0.151515,0.214746,0.273902,0.727132,0.925197,0.937008,0.519685,0.0.571286,0.166667,0.272727,0.319256,0.333333,0.648869,0.909449,0.791339,0.377953,0.538966,1,0,0,0,0,0,0,0,0,0,0,0,0,0,0,0,0,0,0,0,0,0,0,0,0,0,0,0,0,0,0,0,1,0,0,0,0,0,0,0,0,0,0,0,10.566283,0.172222,0.333333,0.312813,0.324289,0.650415,0.917323,0.744094,0.311024,0.540639,1,0,0,0,0,0,0,0,0,0,0,0,0,0,0,0,0,0,0,0,0,0,0,0,0,0,0,0,0,0,0,0,1,0,0,0,0,0,0,0,0,0,0,0,1
java.lang.NumberFormatException: multiple points
thread is open, sizeMB500
thread is open, sizeMB500
thread is open, sizeMB500
thread is open, sizeMB500
thread is open, sizeMB25
[newChuckSize]:25
thread is open, sizeMB500
thread is open, sizeMB500
print extradionario!!!!
0.543272,0.488889,0.045455,0.021475,0.215762,0.583954,0.870079,0.940.55978,0.938889,0.075758,0.021475,0.226098,0.364479,0.822835,0.917323,0.637795,0.119615,1,0,0,0,0,0,0,0,0,0,0,0,0,0,0,0,0,0,0,0,0,0,0,0,0,0,0,0,0,0,0,0,1,0,0,0,0,0,0,0,0,0,0,0,10.56078,0.838889,0.136364,0.030064,0.228682,0.361248,0.767717,0.929134,0.712598,0.122961,1,0,0,0,0,0,0,0,0,0,0,0,0,0,0,0,0,0,0,0,0,0,0,0,0,0,0,0,0,0,0,0,1,0,0,0,0,0,0,0,0,0,0,0,1
java.lang.NumberFormatException: multiple points
learning evaluation instances,Wall Time (Actual Time),Avg Delay (ms),outRate (inst/s),classified instances,classifications correct (percent),Kappa Statistic (percent),Kappa Temporal Statistic (percent),Kappa M Statistic (percent),F1 Score (percent),F1 Score for class 0 (percent),F1 Score for class 1 (percent),F1 Score for class 2 (percent),F1 Score for class 3 (percent),F1 Score for class 4 (percent),F1 Score for class 5 (percent),F1 Score for class 6 (percent),Precision (percent),Precision for class 0 (percent),Precision for class 1 (percent),Precision for class 2 (percent),Precision for class 3 (percent),Precision for class 4 (percent),Precision for class 5 (percent),Precision for class 6 (percent),Recall (percent),Recall for class 0 (percent),Recall for class 1 (percent),Recall for class 2 (percent),Recall for class 3 (percent),Recall for class 4 (percent),Recall for class 5 (percent),Recall for class 6 (percent),model training instances,model serialized size (bytes)
39481.0,120.11199951171875,1338.0,328.7015380859375,39125.0,94.29009584664537,88.4447192209187,33.09374064091048,82.76367564231157,71.0444764801835,?,91.75342017768573,96.9144860970822,63.53421859039836,90.18970189701896,82.67868641339344,70.67357512953367,71.61143970841941,0.0,92.82090868989854,96.63271511097598,67.75599128540306,83.53413654618474,81.78343949044586,78.75288683602771,70.48642027369077,0.0,90.71020584114667,97.19790511869721,59.80769230769231,97.99764428739694,83.59375,64.09774436090225,0.0,1.0
