Connected!
[newChuckSize]:0
thread is open, sizeMB500
[newChuckSize]:500
thread is open, sizeMB2000
print extradionario!!!!
0.468234,0.130556,0.151515,0.322835,0.346253,0.31755,0.88189,0.862205,0.500.469735,0.336111,0.242424,0.258411,0.223514,0.054939,0.968504,0.885827,0.405512,0.074446,1,0,0,0,0,0,0,0,0,0,0,0,0,0,0,0,0,0,0,0,0,0,0,0,0,0,0,0,0,0,0,0,0,1,0,0,0,0,0,0,0,0,0,0,50.411706,0.172222,0.333333,0.088762,0.275194,0.239708,0.913386,0.740157,0.30315,0.169385,0,0,1,0,0,0,0,0,0,0,0,0,0,0,0,0,0,0,0,0,0,0,0,0,0,0,0,1,0,0,0,0,0,0,0,0,0,0,0,0,0,0,0,0,2
java.lang.NumberFormatException: multiple points
thread is open, sizeMB2000
[newChuckSize]:2000
print extradionario!!!!
0.232116,0.105550.195598,0.869444,0.181818,0,0.223514,0.162287,0.744094,0.909449,0.716535,0.063293,0,0,0,1,0,0,0,0,0,0,0,0,0,1,0,0,0,0,0,0,0,0,0,0,0,0,0,0,0,0,0,0,0,0,0,0,0,0,0,0,0,0,0,0,40.197599,0.866667,0.19697,0,0.223514,0.160461,0.728346,0.905512,0.728346,0.059111,0,0,0,1,1,0,0,0,0,0,0,0,0,0,0,0,0,0,0,0,0,0,0,0,0,0,0,0,0,0,0,0,0,0,0,0,0,0,0,0,0,0,0,0,4
java.lang.NumberFormatException: multiple points
thread is open, sizeMB2000
print extradionario!!!!
0.3136570.688844,0.880556,0.333333,0.279885,0.364341,0.498244,0.61811,0.84252,0.767717,0.25833,0,0,1,0,0,0,0,0,0,0,0,0,0,0,0,0,0,0,0,0,0,0,0,0,0,0,0,0,0,0,0,0,0,0,1,0,0,0,0,0,0,0,0,0,1
java.lang.NumberFormatException: multiple points
thread is open, sizeMB2000
print extradionario!!!!
0.418709,0.333333,0.393939,0.030064,0.236434,0.448785,0.996063,0.80.383692,0.022222,0.19697,0.130279,0.271318,0.235774,0.807087,0.846457,0.574803,0.61369,1,0,0,0,0,0,0,0,0,0,0,0,0,0,0,0,0,0,0,0,0,0,0,0,0,0,0,0,0,0,0,0,1,0,0,0,0,0,0,0,0,0,0,0,20.383192,0.013889,0.166667,0.136006,0.270026,0.23212,0.807087,0.858268,0.586614,0.61132,1,0,0,0,0,0,0,0,0,0,0,0,0,0,0,0,0,0,0,0,0,0,0,0,0,0,0,0,0,0,0,0,1,0,0,0,0,0,0,0,0,0,0,0,2
java.lang.NumberFormatException: multiple points
print extradionario!!!!
0.551776,0.955556,0.121212,0.307802,0.397933,0.71280.513757,0.152778,0.090909,0.18325,0.25323,0.56358,0.88189,0.893701,0.547244,0.890422,1,0,0,0,0,0,0,0,0,0,0,0,0,0,0,1,0,0,0,0,0,0,0,0,0,0,0,0,0,0,0,0,0,0,0,0,0,0,0,0,0,0,0,0,20.512256,0.125,0.090909,0.19184,0.25323,0.560067,0.874016,0.889764,0.547244,0.894326,1,0,0,0,0,0,0,0,0,0,0,0,0,0,0,1,0,0,0,0,0,0,0,0,0,0,0,0,0,0,0,0,0,0,0,0,0,0,0,0,0,0,0,0,2
java.lang.NumberFormatException: multiple points
thread is open, sizeMB2000
print extradionario!!!!
0.441221,0.283333,0.0.434217,0.227778,0.045455,0.182534,0.22093,0.206969,0.88189,0.917323,0.566929,0.533947,1,0,0,0,0,0,0,0,0,0,0,0,0,0,0,1,0,0,0,0,0,0,0,0,0,0,0,0,0,0,0,0,0,0,0,0,0,0,0,0,0,0,0,0,20.431216,0.205556,0.121212,0.19184,0.268734,0.202754,0.905512,0.88189,0.5,0.531159,1,0,0,0,0,0,0,0,0,0,0,0,0,0,0,1,0,0,0,0,0,0,0,0,0,0,0,0,0,0,0,0,0,0,0,0,0,0,0,0,0,0,0,0,2
java.lang.NumberFormatException: multiple points
print extradionario!!!!
0.582791,0.486111,0.257576,0.386543,0.0.589295,0.319444,0.151515,0.434503,0.465116,0.813545,0.933071,0.909449,0.488189,0.707654,1,0,0,0,0,0,0,0,0,0,0,0,0,0,0,1,0,0,0,0,0,0,0,0,0,0,0,0,0,0,0,0,0,0,0,0,0,0,0,0,0,0,0,0,20.589295,0.355556,0.136364,0.446671,0.465116,0.809892,0.925197,0.925197,0.515748,0.711139,1,0,0,0,0,0,0,0,0,0,0,0,0,0,0,1,0,0,0,0,0,0,0,0,0,0,0,0,0,0,0,0,0,0,0,0,0,0,0,0,0,0,0,0,2
java.lang.NumberFormatException: multiple points
thread is open, sizeMB2000
print extradionario!!!!
0.5890.591296,0.438889,0.136364,0.654259,0.381137,0.775327,0.905512,0.952756,0.566929,0.790046,1,0,0,0,0,0,0,0,0,0,0,0,0,0,0,0,0,0,0,0,0,0,0,0,0,0,0,0,0,0,0,0,0,1,0,0,0,0,0,0,0,0,0,0,2
java.lang.NumberFormatException: multiple points
thread is open, sizeMB2000
print extradionario!!!!
0.482741,0.70.543772,0.1,0.060606,0.107373,0.254522,0.562035,0.866142,0.905512,0.57874,0.679771,1,0,0,0,0,0,0,0,0,0,0,0,0,0,0,1,0,0,0,0,0,0,0,0,0,0,0,0,0,0,0,0,0,0,0,0,0,0,0,0,0,0,0,0,20.542271,0.2,0.045455,0.125268,0.250646,0.5581,0.877953,0.917323,0.574803,0.675728,1,0,0,0,0,0,0,0,0,0,0,0,0,0,0,1,0,0,0,0,0,0,0,0,0,0,0,0,0,0,0,0,0,0,0,0,0,0,0,0,0,0,0,0,2
java.lang.NumberFormatException: multiple points
print extradionario!!!!
0.581291,0.352778,0.106061,0.360057,0.295866,0.70.653327,0.125,0.075758,0.042949,0.231266,0.479415,0.874016,0.897638,0.559055,0.676844,1,0,0,0,0,0,0,0,0,0,0,0,0,0,0,0,0,0,0,0,0,0,1,0,0,0,0,0,0,0,0,0,0,0,0,0,0,0,0,0,0,0,0,0,10.651826,0.191667,0.106061,0.042949,0.223514,0.481102,0.897638,0.889764,0.515748,0.677959,1,0,0,0,0,0,0,0,0,0,0,0,0,0,0,0,0,0,0,0,0,0,1,0,0,0,0,0,0,0,0,0,0,0,0,0,0,0,0,0,0,0,0,0,1
java.lang.NumberFormatException: multiple points
thread is open, sizeMB2000
print extradionario!!!!
0.6008,0.963889,0.0.416208,0.969444,0.166667,0.317108,0.320413,0.171702,0.787402,0.874016,0.629921,0.195037,1,0,0,0,0,0,0,0,0,0,0,0,0,0,0,1,0,0,0,0,0,0,0,0,0,0,0,0,0,0,0,0,0,0,0,0,0,0,0,0,0,0,0,0,20.416208,0,0.151515,0.327845,0.317829,0.167767,0.811024,0.874016,0.606299,0.192946,1,0,0,0,0,0,0,0,0,0,0,0,0,0,0,1,0,0,0,0,0,0,0,0,0,0,0,0,0,0,0,0,0,0,0,0,0,0,0,0,0,0,0,0,2
java.lang.NumberFormatException: multiple points
thread is open, sizeMB2000
thread is open, sizeMB2000
thread is open, sizeMB2000
print extradionario!!!!
0.53927,0.325,0.287879,0.04796,0.24677,0.518477,0.980315,0.858268,0.0.457729,0.119444,0.166667,0.259127,0.241602,0.203597,0.874016,0.850394,0.5,0.161578,1,0,0,0,0,0,0,0,0,0,0,0,0,0,0,1,0,0,0,0,0,0,0,0,0,0,0,0,0,0,0,0,0,0,0,0,0,0,0,0,0,0,0,0,20.455728,0.119444,0.121212,0.27917,0.24031,0.20177,0.874016,0.874016,0.535433,0.157535,1,0,0,0,0,0,0,0,0,0,0,0,0,0,0,1,0,0,0,0,0,0,0,0,0,0,0,0,0,0,0,0,0,0,0,0,0,0,0,0,0,0,0,0,2
java.lang.NumberFormatException: multiple points
thread is open, sizeMB2000
print extradionario!!!!
0.648824,0.413889,0.090909,0.286328,0.295866,0.0.569785,0.15,0.272727,0.23121,0.29199,0.584516,0.893701,0.787402,0.393701,0.25596,1,0,0,0,0,0,0,0,0,0,0,0,0,0,0,0,0,0,0,0,0,0,0,0,0,0,0,0,0,0,0,0,1,0,0,0,0,0,0,0,0,0,0,0,20.566283,0.15,0.242424,0.211167,0.282946,0.581425,0.897638,0.799213,0.409449,0.260142,1,0,0,0,0,0,0,0,0,0,0,0,0,0,0,0,0,0,0,0,0,0,0,0,0,0,0,0,0,0,0,0,1,0,0,0,0,0,0,0,0,0,0,0,2
java.lang.NumberFormatException: multiple points
thread is open, sizeMB2000
thread is open, sizeMB2000
thread is open, sizeMB2000
print extradionario!!!!
0.558279,0.3,0.151515,0.021475,0.213178,0.360124,0.937008,0.897638,0.472441,0.103300.571286,0.233333,0.151515,0.021475,0.218346,0.390474,0.92126,0.88189,0.476378,0.0948,1,0,0,0,0,0,0,0,0,0,0,0,0,0,0,0,0,0,0,0,0,0,1,0,0,0,0,0,0,0,0,0,0,0,0,0,0,0,0,0,0,0,0,0,10.568784,0.227778,0.106061,0.030064,0.218346,0.387101,0.905512,0.897638,0.519685,0.097588,1,0,0,0,0,0,0,0,0,0,0,0,0,0,0,0,0,0,0,0,0,0,1,0,0,0,0,0,0,0,0,0,0,0,0,0,0,0,0,0,0,0,0,0,1
java.lang.NumberFormatException: multiple points
thread is open, sizeMB2000
print extradionario!!!!
0.0.676338,0.758333,0.318182,0.27917,0.31137,0.62976,0.629921,0.948819,0.854331,0.174683,1,0,0,0,0,0,0,0,0,0,0,0,0,0,0,0,0,0,0,0,0,0,0,0,0,0,0,0,0,0,0,0,1,0,0,0,0,0,0,0,0,0,0,0,1
java.lang.NumberFormatException: multiple points
thread is open, sizeMB2000
print extradionario!!!!
0.673337,0.161111,0.0454550.715358,0.263889,0.454545,0.021475,0.248062,0.815372,0.988189,0.712598,0.141732,0.099401,1,0,0,0,0,0,0,0,0,0,0,0,0,0,0,0,0,0,0,0,0,0,0,0,0,0,0,0,0,0,0,0,0,0,0,0,0,0,0,0,0,1,0,0,10.705853,0.255556,0.257576,0,0.223514,0.819165,0.964567,0.830709,0.350394,0.098425,1,0,0,0,0,0,0,0,0,0,0,0,0,0,0,0,0,0,0,0,0,0,0,0,0,0,0,0,0,0,0,0,0,0,0,0,0,0,0,0,0,1,0,0,1
java.lang.NumberFormatException: multiple points
thread is open, sizeMB2000
thread is open, sizeMB500
print extradionario!!!!
0.757379,0.7583330.04052,0.986111,0.5,0.068003,0.257106,0.016861,0.586614,0.641732,0.543307,0.1185,0,0,0,1,0,0,0,0,1,0,0,0,0,0,0,0,0,0,0,0,0,0,0,0,0,0,0,0,0,0,0,0,0,0,0,0,0,0,0,0,0,0,0,0,60.041021,0.988889,0.575758,0.088762,0.248062,0.016861,0.531496,0.574803,0.511811,0.121288,0,0,0,1,0,0,0,0,1,0,0,0,0,0,0,0,0,0,0,0,0,0,0,0,0,0,0,0,0,0,0,0,0,0,0,0,0,0,0,0,0,0,0,0,6
java.lang.NumberFormatException: multiple points
[newChuckSize]:500
thread is open, sizeMB2000
[newChuckSize]:2000
thread is open, sizeMB2000
thread is open, sizeMB2000
thread is open, sizeMB2000
learning evaluation instances,Wall Time (Actual Time),Avg Delay (ms),outRate (inst/s),classified instances,classifications correct (percent),Kappa Statistic (percent),Kappa Temporal Statistic (percent),Kappa M Statistic (percent),F1 Score (percent),F1 Score for class 0 (percent),F1 Score for class 1 (percent),F1 Score for class 2 (percent),F1 Score for class 3 (percent),F1 Score for class 4 (percent),F1 Score for class 5 (percent),F1 Score for class 6 (percent),Precision (percent),Precision for class 0 (percent),Precision for class 1 (percent),Precision for class 2 (percent),Precision for class 3 (percent),Precision for class 4 (percent),Precision for class 5 (percent),Precision for class 6 (percent),Recall (percent),Recall for class 0 (percent),Recall for class 1 (percent),Recall for class 2 (percent),Recall for class 3 (percent),Recall for class 4 (percent),Recall for class 5 (percent),Recall for class 6 (percent),model training instances,model serialized size (bytes)
127650.0,120.26499938964844,1683.0,1061.4061279296875,127000.0,90.27322834645669,82.74381767031544,-81.82219605534311,77.16762471581981,70.68335011954339,?,87.94014084507042,93.41567620087046,88.91364902506965,79.56147220046985,72.39516336506301,68.24517212426532,73.91080673702015,0.0,92.13742218123127,90.71240241947991,84.61357210179077,78.39506172839506,86.42506142506143,85.09212730318258,67.72596637549455,0.0,84.10860871395496,96.28501659944577,93.67418807877918,80.7631160572337,62.28419654714475,56.966638631903564,0.0,1.0
