Connected!
linha fdp!!!!
0.571286,0.661111,0.136364,0.423765,0.342370.451726,0.527778,0.075758,0.021475,0.219638,0.277083,0.866142,0.96063,0.625984,0.369023,1,0,0,0,0,0,0,0,0,0,0,0,0,0,0,0,0,0,0,0,0,0,0,0,0,0,0,0,0,0,0,0,0,1,0,0,0,0,0,0,0,0,0,0,20.531766,0.75,0.075758,0.085898,0.235142,0.680483,0.814961,0.948819,0.681102,0.499373,1,0,0,0,0,0,0,0,0,0,0,0,0,0,0,0,0,0,0,0,0,0,0,0,0,0,1,0,0,0,0,0,0,0,0,0,0,0,0,0,0,0,0,0,2
java.lang.NumberFormatException: multiple points
linha fdp!!!!
0.686343,0.438889,0.121212,0.030064,0.228682,0.5790.718359,0.208333,0.242424,0.163207,0.215762,0.271322,0.937008,0.822835,0.385827,0.160742,0,0,1,0,0,0,0,0,0,0,0,0,0,0,0,0,0,0,0,0,0,0,0,0,0,0,0,0,0,0,0,0,0,0,0,0,0,0,0,0,0,0,1,0,70.717859,0.033333,0.181818,0.644238,0.341085,0.264859,0.814961,0.846457,0.562992,0.098703,0,0,1,0,0,0,0,0,0,0,0,0,0,0,0,0,0,0,0,0,0,0,0,0,0,0,0,1,0,0,0,0,0,0,0,0,0,0,0,0,0,0,0,0,1
java.lang.NumberFormatException: multiple points
linha fdp!!!!
0.69080.170085,0.111111,0.530303,0.26199,0.373385,0.057328,0.783465,0.562992,0.212598,0.0948,0,0,0,1,0,0,0,0,0,0,0,0,0,1,0,0,0,0,0,0,0,0,0,0,0,0,0,0,0,0,0,0,0,0,0,0,0,0,0,0,0,0,0,0,3
java.lang.NumberFormatException: multiple points
linha fdp!!!!
0.315658,0.497222,0.287879,0.380816,0.529716,0.131938,0.0.276638,0.766667,0.469697,0.211167,0.488372,0.097091,0.484252,0.901575,0.929134,0.226405,0,0,0,1,0,0,0,0,0,0,0,0,0,1,0,0,0,0,0,0,0,0,0,0,0,0,0,0,0,0,0,0,0,0,0,0,0,0,0,0,0,0,0,0,30.284142,0.8,0.393939,0.23121,0.515504,0.096951,0.53937,0.893701,0.88189,0.224453,0,0,0,1,0,0,0,0,0,0,0,0,0,1,0,0,0,0,0,0,0,0,0,0,0,0,0,0,0,0,0,0,0,0,0,0,0,0,0,0,0,0,0,0,3
java.lang.NumberFormatException: multiple points
linha fdp!!!!
0.563782,0.230556,0.272727,0.030064,0.23385,0.274273,0.952756,0.811024,0.0.262131,0.877778,0.257576,0.182534,0.229974,0.16018,0.685039,0.88189,0.744094,0.022585,0,0,0,1,0,0,0,0,0,0,0,0,0,1,0,0,0,0,0,0,0,0,0,0,0,0,0,0,0,0,0,0,0,0,0,0,0,0,0,0,0,0,0,0,60.266133,0.816667,0.30303,0.198282,0.24031,0.155965,0.629921,0.909449,0.822835,0.018681,0,0,0,1,0,0,0,0,0,0,0,0,0,1,0,0,0,0,0,0,0,0,0,0,0,0,0,0,0,0,0,0,0,0,0,0,0,0,0,0,0,0,0,0,6
java.lang.NumberFormatException: multiple points
linha fdp!!!!
0.609805,0.4,0.227273,0.425913,0.377261,0.054798,0.944882,0.0.325163,0.016667,0.136364,0.156049,0.299742,0.124772,0.826772,0.877953,0.594488,0.058274,0,0,0,1,0,0,0,0,0,1,0,0,0,0,0,0,0,0,0,0,0,0,0,0,0,0,0,0,0,0,0,0,0,0,0,0,0,0,0,0,0,0,0,0,30.324662,0.15,0.136364,0.151754,0.29845,0.120697,0.885827,0.870079,0.511811,0.059947,0,0,0,1,0,0,0,0,0,1,0,0,0,0,0,0,0,0,0,0,0,0,0,0,0,0,0,0,0,0,0,0,0,0,0,0,0,0,0,0,0,0,0,0,3
java.lang.NumberFormatException: multiple points
linha fdp!!!!
0.61931,0.469444,0.227273,0.151750.618309,0.558333,0.166667,0.184681,0.27907,0.046368,0.846457,0.984252,0.661417,0.097588,0,0,1,0,0,0,0,0,0,0,0,0,0,0,0,0,0,0,0,0,0,0,0,0,0,0,1,0,0,0,0,0,0,0,0,0,0,0,0,0,0,0,0,0,20.62081,0.622222,0.242424,0.198282,0.28553,0.046368,0.775591,0.996063,0.748031,0.099819,0,0,1,0,0,0,0,0,0,0,0,0,0,0,0,0,0,0,0,0,0,0,0,0,0,0,1,0,0,0,0,0,0,0,0,0,0,0,0,0,0,0,0,0,2
java.lang.NumberFormatException: multiple points
linha fdp!!!!
0.0.448224,0.413889,0.393939,0.04796,0.262274,0.190951,0.956693,0.897638,0.385827,0.205353,0,0,1,0,0,0,0,1,0,0,0,0,0,0,0,0,0,0,0,0,0,0,0,0,0,0,0,0,0,0,0,0,0,0,0,0,0,0,0,0,0,0,0,0,2
java.lang.NumberFormatException: multiple points
learning evaluation instances,Wall Time (Actual Time),Avg Delay (ms),outRate (inst/s),classified instances,classifications correct (percent),Kappa Statistic (percent),Kappa Temporal Statistic (percent),Kappa M Statistic (percent),F1 Score (percent),F1 Score for class 0 (percent),F1 Score for class 1 (percent),F1 Score for class 2 (percent),F1 Score for class 3 (percent),F1 Score for class 4 (percent),F1 Score for class 5 (percent),F1 Score for class 6 (percent),Precision (percent),Precision for class 0 (percent),Precision for class 1 (percent),Precision for class 2 (percent),Precision for class 3 (percent),Precision for class 4 (percent),Precision for class 5 (percent),Precision for class 6 (percent),Recall (percent),Recall for class 0 (percent),Recall for class 1 (percent),Recall for class 2 (percent),Recall for class 3 (percent),Recall for class 4 (percent),Recall for class 5 (percent),Recall for class 6 (percent),model training instances,model serialized size (bytes),ensemble size,[avg] model training instances,[err] model training instances,[avg] model serialized size (bytes),[err] model serialized size (bytes),[avg] tree size (nodes),[err] tree size (nodes),[avg] tree size (leaves),[err] tree size (leaves),[avg] active learning leaves,[err] active learning leaves,[avg] tree depth,[err] tree depth,[avg] active leaf byte size estimate,[err] active leaf byte size estimate,[avg] inactive leaf byte size estimate,[err] inactive leaf byte size estimate,[avg] byte size estimate overhead,[err] byte size estimate overhead
309000.0,120.25,192.0,2569.646484375,308500.0,76.3290113452188,53.80661234175995,-457.825987319532,43.708277446309914,48.70750440748516,?,62.570036113740755,84.50003050454518,73.76169075671079,33.23727185398655,19.455252918287936,22.843653531868533,65.32081588069752,0.0,87.83147947632641,74.94707860936872,67.71028454196771,91.53439153439153,64.2292490118577,70.99322799097065,38.83136405013259,0.0,48.59383509421632,96.84402479135436,81.00090700528197,20.305164319248824,11.46384479717813,13.611772343648562,0.0,1.0,25.0,247954.84,119112.73615384991,1.0,0.0,52.32,46.43877690034483,22.24,25.15001656725763,22.24,25.15001656725763,5.8,4.546060565661952,0.0,0.0,0.0,0.0,1.0,0.0
