Connected!
linha fdp!!!!
0.508754,0.322222,0.136364,0.115963,0.20.596798,0.319444,0.212121,0.090909,0.264858,0.661796,0.956693,0.889764,0.429134,0.272689,1,0,0,0,0,0,0,0,0,0,0,0,0,0,0,0,0,0,0,0,0,0,0,0,0,0,0,0,0,0,0,0,0,1,0,0,0,0,0,0,0,0,0,0,20.662331,0.102778,0.212121,0.400859,0.337209,0.798932,0.862205,0.814961,0.476378,0.195873,1,0,0,0,0,0,0,0,0,0,0,0,0,0,0,0,0,0,0,0,0,0,0,0,0,0,0,0,0,0,0,0,1,0,0,0,0,0,0,0,0,0,0,0,1
java.lang.NumberFormatException: multiple points
linha fdp!!!!
0.235118,0.136111,0.424242,0.064424,0.289406,0.1800.468734,0.311111,0.151515,0.060845,0.236434,0.318955,0.937008,0.901575,0.476378,0.190297,0,0,1,0,0,0,0,0,0,0,0,0,0,0,0,0,1,0,0,0,0,0,0,0,0,0,0,0,0,0,0,0,0,0,0,0,0,0,0,0,0,0,0,0,50.534767,0.088889,0.106061,0.442377,0.334625,0.393424,0.862205,0.88189,0.559055,0.167294,0,0,1,0,0,0,0,0,0,0,0,0,0,0,0,0,0,0,0,0,0,0,0,0,0,0,0,0,0,0,0,0,0,0,1,0,0,0,0,0,0,0,0,0,1
java.lang.NumberFormatException: multiple points
linha fdp!!!!
0.577789,0.075,0.212121,0.41660.536768,0.372222,0.227273,0.367931,0.248062,0.531685,0.952756,0.913386,0.452756,0.589711,1,0,0,0,0,0,0,0,0,0,0,0,0,0,0,1,0,0,0,0,0,0,0,0,0,0,0,0,0,0,0,0,0,0,0,0,0,0,0,0,0,0,0,0,20.533767,0.386111,0.212121,0.365784,0.24031,0.527891,0.948819,0.925197,0.472441,0.585668,1,0,0,0,0,0,0,0,0,0,0,0,0,0,0,1,0,0,0,0,0,0,0,0,0,0,0,0,0,0,0,0,0,0,0,0,0,0,0,0,0,0,0,0,2
java.lang.NumberFormatException: multiple points
linha fdp!!!!
0.475238,0.219444,0.136364,0.198282,0.24677,0.397077,0.913386,0.0.536768,0.041667,0.166667,0.030064,0.231266,0.528734,0.826772,0.850394,0.559055,0.892514,1,0,0,0,0,0,0,0,0,0,0,0,0,0,0,0,0,0,0,0,0,0,0,1,0,0,0,0,0,0,0,0,0,0,0,0,0,0,0,0,0,0,0,0,20.535268,0.030556,0.121212,0.04796,0.22739,0.531966,0.834646,0.88189,0.590551,0.894605,1,0,0,0,0,0,0,0,0,0,0,0,0,0,0,0,0,0,0,0,0,0,0,0,0,0,0,0,0,0,0,0,1,0,0,0,0,0,0,0,0,0,0,0,2
java.lang.NumberFormatException: multiple points
linha fdp!!!!
0.568284,0.333333,0.075758,0.021475,0.228682,0.757904,0.901575,0.925197,0.551181,0.659550.327164,0.197222,0.166667,0.030064,0.229974,0.063229,0.913386,0.862205,0.464567,0.050328,1,0,0,0,0,0,0,0,0,0,0,0,0,0,0,0,0,0,0,0,0,0,0,0,0,0,0,0,0,0,0,0,1,0,0,0,0,0,0,0,0,0,0,0,20.325163,0.244444,0.121212,0.021475,0.224806,0.059014,0.913386,0.893701,0.503937,0.05451,1,0,0,0,0,0,0,0,0,0,0,0,0,0,0,0,0,0,0,1,0,0,0,0,0,0,0,0,0,0,0,0,0,0,0,0,0,0,0,0,0,0,0,0,2
java.lang.NumberFormatException: multiple points
linha fdp!!!!
0.581291,0.730556,0.212121,0.459556,0.249354,0.818744,0.720472,0.9680.536768,0.191667,0.19697,0.19184,0.245478,0.539272,0.917323,0.84252,0.433071,0.773317,1,0,0,0,0,0,0,0,0,0,0,0,0,0,0,0,0,0,0,0,0,0,0,0,0,0,0,0,0,0,0,0,1,0,0,0,0,0,0,0,0,0,0,0,20.533767,0.105556,0.121212,0.173228,0.237726,0.543206,0.866142,0.877953,0.543307,0.77011,1,0,0,0,0,0,0,0,0,0,0,0,0,0,0,0,0,0,0,0,0,0,0,0,0,0,0,0,0,0,0,0,1,0,0,0,0,0,0,0,0,0,0,0,2
java.lang.NumberFormatException: multiple points
linha fdp!!!!
0.313657,0.880556,0.378788,0.30136,0.514212,0.0718,0.574803,0.822835,0.70.633317,0.930556,0.257576,0.19184,0.250646,0.173528,0.700787,0.84252,0.685039,0.398578,1,0,0,0,0,0,0,0,0,0,0,0,0,0,0,0,0,0,0,0,0,0,0,0,0,0,0,0,0,0,0,0,0,1,0,0,0,0,0,0,0,0,0,0,10.634817,0.944444,0.272727,0.171797,0.254522,0.171561,0.708661,0.834646,0.665354,0.394814,1,0,0,0,0,0,0,0,0,0,0,0,0,0,0,0,0,0,0,0,0,0,0,0,0,0,0,0,0,0,0,0,0,1,0,0,0,0,0,0,0,0,0,0,1
java.lang.NumberFormatException: multiple points
linha fdp!!!!
0.574787,0.811111,0.121212,0.163207,0.29199,0.126458,0.7830.555278,0.058333,0.181818,0.14388,0.271318,0.435436,0.834646,0.84252,0.543307,0.145546,0,0,1,0,0,0,0,0,0,0,0,0,0,0,0,0,0,0,0,0,0,0,0,0,0,0,0,0,0,0,0,0,0,0,1,0,0,0,0,0,0,0,0,0,20.554777,0.030556,0.181818,0.136006,0.270026,0.437403,0.814961,0.846457,0.566929,0.149449,0,0,1,0,0,0,0,0,0,0,0,0,0,0,0,0,0,0,0,0,0,0,0,0,0,0,0,0,0,0,0,0,0,0,1,0,0,0,0,0,0,0,0,0,2
java.lang.NumberFormatException: multiple points
learning evaluation instances,Wall Time (Actual Time),Avg Delay (ms),outRate (inst/s),classified instances,classifications correct (percent),Kappa Statistic (percent),Kappa Temporal Statistic (percent),Kappa M Statistic (percent),F1 Score (percent),F1 Score for class 0 (percent),F1 Score for class 1 (percent),F1 Score for class 2 (percent),F1 Score for class 3 (percent),F1 Score for class 4 (percent),F1 Score for class 5 (percent),F1 Score for class 6 (percent),Precision (percent),Precision for class 0 (percent),Precision for class 1 (percent),Precision for class 2 (percent),Precision for class 3 (percent),Precision for class 4 (percent),Precision for class 5 (percent),Precision for class 6 (percent),Recall (percent),Recall for class 0 (percent),Recall for class 1 (percent),Recall for class 2 (percent),Recall for class 3 (percent),Recall for class 4 (percent),Recall for class 5 (percent),Recall for class 6 (percent),model training instances,model serialized size (bytes),ensemble size,[avg] model training instances,[err] model training instances,[avg] model serialized size (bytes),[err] model serialized size (bytes),[avg] tree size (nodes),[err] tree size (nodes),[avg] tree size (leaves),[err] tree size (leaves),[avg] active learning leaves,[err] active learning leaves,[avg] tree depth,[err] tree depth,[avg] active leaf byte size estimate,[err] active leaf byte size estimate,[avg] inactive leaf byte size estimate,[err] inactive leaf byte size estimate,[avg] byte size estimate overhead,[err] byte size estimate overhead
274200.0,120.01000213623047,32.0,2284.8095703125,274125.0,78.9187414500684,59.836693619468015,-349.2653346808672,48.86064971726414,52.10863461188693,?,67.16864723581438,86.3535977135498,82.87891036476324,57.63073639274279,13.738074588031225,19.80816898372669,62.683242439648076,0.0,82.14425096173503,79.22876806036359,73.359642655796,77.80979827089337,60.550458715596335,65.68977841315225,44.586869047521944,0.0,56.81143400640079,94.88648353421631,95.23702285778629,45.76271186440678,7.747994521620035,11.662436548223349,0.0,1.0,25.0,273233.6400000001,132227.6617810106,1.0,0.0,58.84,47.18816942130022,24.96,26.32723558092139,24.96,26.32723558092139,6.56,4.805205510693586,0.0,0.0,0.0,0.0,1.0,0.0
