Connected!
linha fdp!!!!
0.607804,0.147222,0.166667,0.04796,0.229974,0.7472250.475238,0.227778,0.333333,0.151754,0.388889,0.032036,0.96063,0.771654,0.279528,0.215252,1,0,0,0,0,0,0,0,0,0,0,0,0,0,0,0,0,0,0,0,0,0,0,0,0,0,0,0,0,0,0,0,1,0,0,0,0,0,0,0,0,0,0,0,50.676338,0.319444,0.060606,0.259127,0.262274,0.798792,0.893701,0.929134,0.566929,0.354524,1,0,0,0,0,0,0,0,0,0,0,0,0,0,0,0,0,0,0,0,0,0,0,0,0,0,0,0,0,0,0,0,1,0,0,0,0,0,0,0,0,0,0,0,1
java.lang.NumberFormatException: multiple points
linha fdp!!!!
0.434717,0.15,0.060606,0.2398,0.254522,0.318950.553277,0.102778,0.106061,0.286328,0.401809,0.716594,0.866142,0.88189,0.551181,0.71337,1,0,0,0,0,0,0,0,0,0,0,0,0,0,0,1,0,0,0,0,0,0,0,0,0,0,0,0,0,0,0,0,0,0,0,0,0,0,0,0,0,0,0,0,10.551776,0.955556,0.121212,0.307802,0.397933,0.7128,0.799213,0.893701,0.641732,0.717273,1,0,0,0,0,0,0,0,0,0,0,0,0,0,0,0,0,0,0,0,0,0,0,1,0,0,0,0,0,0,0,0,0,0,0,0,0,0,0,0,0,0,0,0,1
java.lang.NumberFormatException: multiple points
linha fdp!!!!
0.504252,0.9,0.212121,0,0.223514,0.892089,0.72040.692846,0.075,0.090909,0.516106,0.29199,0.52199,0.854331,0.889764,0.570866,0.342953,1,0,0,0,0,0,0,0,0,0,0,0,0,0,0,0,0,0,0,0,0,0,0,0,0,0,1,0,0,0,0,0,0,0,0,0,0,0,0,0,0,0,0,0,10.694347,0.005556,0.090909,0.557623,0.295866,0.526345,0.834646,0.901575,0.606299,0.342953,1,0,0,0,0,0,0,0,0,0,0,0,0,0,0,0,0,0,0,0,0,0,0,0,0,0,1,0,0,0,0,0,0,0,0,0,0,0,0,0,0,0,0,0,1
java.lang.NumberFormatException: multiple points
linha fdp!!!!
0.546773,0.913889,0.060606,0.095920.554777,0.077778,0.060606,0.042949,0.219638,0.69327,0.858268,0.913386,0.590551,0.835912,1,0,0,0,0,0,0,0,0,0,0,0,0,0,0,0,0,0,0,0,0,0,0,1,0,0,0,0,0,0,0,0,0,0,0,0,0,0,0,0,0,0,0,0,20.556778,0.958333,0.106061,0.04796,0.223514,0.689195,0.814961,0.905512,0.633858,0.832009,1,0,0,0,0,0,0,0,0,0,0,0,0,0,0,0,0,0,0,0,0,0,0,1,0,0,0,0,0,0,0,0,0,0,0,0,0,0,0,0,0,0,0,0,2
java.lang.NumberFormatException: multiple points
linha fdp!!!!
0.494747,0.963889,0.136364,0.021475,0.232558,0.40.437719,0.172222,0.090909,0,0.223514,0.306449,0.885827,0.897638,0.543307,0.192388,1,0,0,0,0,0,0,0,0,0,0,0,0,0,0,0,0,0,0,0,0,0,0,1,0,0,0,0,0,0,0,0,0,0,0,0,0,0,0,0,0,0,0,0,20.435218,0.211111,0.121212,0,0.223514,0.302234,0.905512,0.889764,0.503937,0.188206,1,0,0,0,0,0,0,0,0,0,0,0,0,0,0,0,0,0,0,0,0,0,0,1,0,0,0,0,0,0,0,0,0,0,0,0,0,0,0,0,0,0,0,0,2
java.lang.NumberFormatException: multiple points
linha fdp!!!!
0.558279,0.663889,0.151515,0.440940.416708,0.375,0.015152,0.395848,0.326873,0.135731,0.866142,0.937008,0.606299,0.19183,1,0,0,0,0,0,0,0,0,0,0,0,0,0,0,1,0,0,0,0,0,0,0,0,0,0,0,0,0,0,0,0,0,0,0,0,0,0,0,0,0,0,0,0,20.415708,0.558333,0.060606,0.375089,0.324289,0.131938,0.858268,0.956693,0.633858,0.190436,1,0,0,0,0,0,0,0,0,0,0,0,0,0,0,1,0,0,0,0,0,0,0,0,0,0,0,0,0,0,0,0,0,0,0,0,0,0,0,0,0,0,0,0,2
java.lang.NumberFormatException: multiple points
linha fdp!!!!
0.571286,0.188889,0.166667,0.030064,0.23385,0.283546,0.913386,0.858268,0.0.407704,0.141667,0.19697,0.182534,0.308786,0.062245,0.889764,0.830709,0.46063,0.028022,0,0,1,0,0,0,0,0,0,0,0,0,0,1,0,0,0,0,0,0,0,0,0,0,0,0,0,0,0,0,0,0,0,0,0,0,0,0,0,0,0,0,0,0,20.404702,0.144444,0.212121,0.163207,0.301034,0.058592,0.889764,0.822835,0.444882,0.031786,0,0,1,0,0,0,0,0,0,0,0,0,0,1,0,0,0,0,0,0,0,0,0,0,0,0,0,0,0,0,0,0,0,0,0,0,0,0,0,0,0,0,0,0,2
java.lang.NumberFormatException: multiple points
linha fdp!!!!
0.513757,0.777778,0.363636,0.280.3997,0.05,0.227273,0.042949,0.235142,0.265561,0.818898,0.818898,0.527559,0.138993,0,0,1,0,0,0,0,0,0,0,0,0,0,1,0,0,0,0,0,0,0,0,0,0,0,0,0,0,0,0,0,0,0,0,0,0,0,0,0,0,0,0,0,0,20.398199,0.077778,0.212121,0.030064,0.23385,0.265561,0.84252,0.822835,0.503937,0.139551,0,0,1,0,0,0,0,0,0,0,0,0,0,1,0,0,0,0,0,0,0,0,0,0,0,0,0,0,0,0,0,0,0,0,0,0,0,0,0,0,0,0,0,0,2
java.lang.NumberFormatException: multiple points
learning evaluation instances,Wall Time (Actual Time),Avg Delay (ms),outRate (inst/s),classified instances,classifications correct (percent),Kappa Statistic (percent),Kappa Temporal Statistic (percent),Kappa M Statistic (percent),F1 Score (percent),F1 Score for class 0 (percent),F1 Score for class 1 (percent),F1 Score for class 2 (percent),F1 Score for class 3 (percent),F1 Score for class 4 (percent),F1 Score for class 5 (percent),F1 Score for class 6 (percent),Precision (percent),Precision for class 0 (percent),Precision for class 1 (percent),Precision for class 2 (percent),Precision for class 3 (percent),Precision for class 4 (percent),Precision for class 5 (percent),Precision for class 6 (percent),Recall (percent),Recall for class 0 (percent),Recall for class 1 (percent),Recall for class 2 (percent),Recall for class 3 (percent),Recall for class 4 (percent),Recall for class 5 (percent),Recall for class 6 (percent),model training instances,model serialized size (bytes),ensemble size,[avg] model training instances,[err] model training instances,[avg] model serialized size (bytes),[err] model serialized size (bytes),[avg] tree size (nodes),[err] tree size (nodes),[avg] tree size (leaves),[err] tree size (leaves),[avg] active learning leaves,[err] active learning leaves,[avg] tree depth,[err] tree depth,[avg] active leaf byte size estimate,[err] active leaf byte size estimate,[avg] inactive leaf byte size estimate,[err] inactive leaf byte size estimate,[avg] byte size estimate overhead,[err] byte size estimate overhead
330925.0,120.0009994506836,179.0,2757.685302734375,330425.0,77.40576530226224,59.79200551212107,-341.4700490804806,50.357736551632435,53.90048945557354,0.1958863858961802,69.5292084259953,85.10385786146657,75.74693728286708,66.12410986775178,22.86706349206349,19.98289623717218,63.93911758265628,0.09940357852882703,84.63151243609627,76.94307264074706,67.6431207341367,86.28318584070797,69.69009826152683,62.28342958685029,46.58630375930659,6.666666666666667,59.000670757956485,95.20114208263435,86.05675350035315,53.60087960417812,13.677495920486574,11.900517782870725,0.0,1.0,25.0,324081.7200000001,140397.29442268467,1.0,0.0,80.88000000000002,57.521242452969794,40.400000000000006,28.953986484305293,40.400000000000006,28.953986484305293,8.680000000000001,3.460732099811639,0.0,0.0,0.0,0.0,1.0,0.0
