Connected!
linha fdp!!!!
0.442721,0.1660.47974,0.180556,0.287879,0.176807,0.397933,0.037937,0.92126,0.783465,0.350394,0.225568,1,0,0,0,0,0,0,0,0,0,0,0,0,0,0,0,0,0,0,0,0,0,0,0,0,0,0,0,0,0,0,0,1,0,0,0,0,0,0,0,0,0,0,0,50.454227,0.202778,0.545455,0.09592,0.341085,0.021076,0.92126,0.57874,0.047244,0.209118,1,0,0,0,0,0,0,0,0,0,0,0,0,0,0,0,0,0,0,0,0,0,0,0,0,0,0,0,0,0,0,0,1,0,0,0,0,0,0,0,0,0,0,0,5
java.lang.NumberFormatException: multiple points
linha fdp!!!!
0.343172,0.205556,0.106061,0.324982,0.248062,0.118168,0.901575,0.8930.530265,0.994444,0.136364,0.151754,0.270026,0.599831,0.814961,0.88189,0.610236,0.858218,1,0,0,0,0,0,0,0,0,0,0,0,0,0,0,1,0,0,0,0,0,0,0,0,0,0,0,0,0,0,0,0,0,0,0,0,0,0,0,0,0,0,0,0,20.528764,0.05,0.106061,0.156049,0.270026,0.596178,0.846457,0.889764,0.582677,0.862122,1,0,0,0,0,0,0,0,0,0,0,0,0,0,0,1,0,0,0,0,0,0,0,0,0,0,0,0,0,0,0,0,0,0,0,0,0,0,0,0,0,0,0,0,2
java.lang.NumberFormatException: multiple points
linha fdp!!!!
0.570.70085,0.097222,0.166667,0.30995,0.273902,0.521849,0.862205,0.846457,0.511811,0.443329,1,0,0,0,0,0,0,0,0,0,0,0,0,0,0,0,0,0,0,0,0,0,0,0,0,0,0,0,0,0,0,0,0,0,0,0,0,0,0,0,0,0,0,1,1
java.lang.NumberFormatException: multiple points
linha fdp!!!!
0.322661,0.391667,0.227273,0.077309,0.217054,0.058733,0.944882,0.9250.632316,0.444444,0.090909,0.090909,0.245478,0.393003,0.893701,0.948819,0.582677,0.81528,1,0,0,0,0,0,0,0,0,0,0,0,0,0,0,0,0,0,0,0,0,0,0,0,0,0,0,0,0,0,0,0,1,0,0,0,0,0,0,0,0,0,0,0,10.632316,0.413889,0.060606,0.107373,0.245478,0.395672,0.885827,0.940945,0.586614,0.816395,1,0,0,0,0,0,0,0,0,0,0,0,0,0,0,0,0,0,0,0,0,0,0,0,0,0,0,0,0,0,0,0,1,0,0,0,0,0,0,0,0,0,0,0,1
java.lang.NumberFormatException: multiple points
linha fdp!!!!
0.623812,0.8,0.075758,0.107373,0.267442,0.4641,0.0.554777,0.452778,0.106061,0.242663,0.263566,0.575945,0.893701,0.952756,0.582677,0.309494,1,0,0,0,0,0,0,0,0,0,0,0,0,0,0,1,0,0,0,0,0,0,0,0,0,0,0,0,0,0,0,0,0,0,0,0,0,0,0,0,0,0,0,0,10.554277,0.452778,0.121212,0.228346,0.262274,0.57173,0.897638,0.952756,0.57874,0.309494,1,0,0,0,0,0,0,0,0,0,0,0,0,0,0,1,0,0,0,0,0,0,0,0,0,0,0,0,0,0,0,0,0,0,0,0,0,0,0,0,0,0,0,0,1
java.lang.NumberFormatException: multiple points
linha fdp!!!!
0.418709,0.258333,0.348485,0.064424,0.30.683842,0.933333,0.121212,0,0.223514,0.643951,0.795276,0.901575,0.653543,0.056043,1,0,0,0,0,0,0,0,0,0,0,0,0,0,0,0,0,0,0,0,0,0,0,0,0,0,0,0,0,0,0,0,0,0,0,0,0,0,0,0,0,1,0,0,10.684842,0.938889,0.121212,0,0.223514,0.641,0.795276,0.897638,0.649606,0.059947,1,0,0,0,0,0,0,0,0,0,0,0,0,0,0,0,0,0,0,0,0,0,0,0,0,0,0,0,0,0,0,0,0,0,0,0,0,0,0,0,0,1,0,0,1
java.lang.NumberFormatException: multiple points
linha fdp!!!!
0.550775,0.763889,0.0450.608304,0.363889,0.060606,0.211167,0.237726,0.195307,0.893701,0.933071,0.570866,0.216925,1,0,0,0,0,0,0,0,0,0,0,0,0,0,0,0,0,0,0,0,0,0,0,0,0,0,0,0,0,0,0,0,1,0,0,0,0,0,0,0,0,0,0,0,20.607304,0.352778,0.075758,0.228346,0.235142,0.191232,0.901575,0.933071,0.559055,0.214276,1,0,0,0,0,0,0,0,0,0,0,0,0,0,0,0,0,0,0,0,0,0,0,0,0,0,0,0,0,0,0,0,1,0,0,0,0,0,0,0,0,0,0,0,2
java.lang.NumberFormatException: multiple points
linha fdp!!!!
0.213607,0.783333,0.454545,0.068003,0.28553,0.0.511756,0.022222,0.212121,0.364352,0.341085,0.111423,0.795276,0.830709,0.566929,0.115991,0,0,1,0,0,0,0,0,0,0,0,0,0,0,0,0,0,0,0,0,0,0,0,0,0,0,0,0,0,0,0,0,0,0,1,0,0,0,0,0,0,0,0,0,20.510255,0.052778,0.212121,0.365068,0.458656,0.115077,0.822835,0.826772,0.535433,0.119755,0,0,1,0,0,0,0,0,0,0,0,0,0,0,0,0,0,0,0,0,0,0,0,0,0,0,0,0,0,0,0,0,0,0,0,1,0,0,0,0,0,0,0,0,2
java.lang.NumberFormatException: multiple points
linha fdp!!!!
0.553777,0.961111,0.136364,0.0640.63932,0.791667,0.545455,0.32713,0.26615,0.211325,0.389764,0.838583,0.948819,0.429667,1,0,0,0,0,0,0,0,0,0,0,0,0,0,0,0,0,0,0,0,0,0,0,0,0,0,0,0,0,0,0,0,1,0,0,0,0,0,0,0,0,0,0,0,10.651326,0.802778,0.575758,0.307802,0.297158,0.209217,0.358268,0.811024,0.944882,0.426042,1,0,0,0,0,0,0,0,0,0,0,0,0,0,0,0,0,0,0,0,0,0,0,0,0,0,0,0,0,0,0,0,1,0,0,0,0,0,0,0,0,0,0,0,1
java.lang.NumberFormatException: multiple points
linha fdp!!!!
0.542771,0.977778,0.212121,0.060845,0.2370.73987,0.811111,0.333333,0.14388,0.295866,0.318393,0.606299,0.905512,0.838583,0.407779,1,0,0,0,0,0,0,0,0,0,0,0,0,0,0,0,0,0,0,0,0,0,0,0,0,0,0,0,0,0,0,0,0,0,0,0,0,0,0,0,0,0,1,0,10.743872,0.872222,0.272727,0.163207,0.306202,0.314177,0.661417,0.877953,0.759843,0.408755,1,0,0,0,0,0,0,0,0,0,0,0,0,0,0,0,0,0,0,0,0,0,0,0,0,0,0,0,0,0,0,0,0,0,0,0,0,0,0,0,0,0,1,0,1
java.lang.NumberFormatException: multiple points
linha fdp!!!!
0.524262,0.311111,0.227273,0.090909,0.267440.322661,0.811111,0.19697,0.085898,0.250646,0.056765,0.720472,0.933071,0.76378,0.083647,0,0,0,1,0,0,0,0,0,0,0,0,0,1,0,0,0,0,0,0,0,0,0,0,0,0,0,0,0,0,0,0,0,0,0,0,0,0,0,0,0,0,0,0,20.325663,0.758333,0.212121,0.107373,0.258398,0.059576,0.712598,0.956693,0.791339,0.086993,0,0,0,1,0,0,0,0,0,0,0,0,0,1,0,0,0,0,0,0,0,0,0,0,0,0,0,0,0,0,0,0,0,0,0,0,0,0,0,0,0,0,0,0,2
java.lang.NumberFormatException: multiple points
learning evaluation instances,Wall Time (Actual Time),Avg Delay (ms),outRate (inst/s),classified instances,classifications correct (percent),Kappa Statistic (percent),Kappa Temporal Statistic (percent),Kappa M Statistic (percent),F1 Score (percent),F1 Score for class 0 (percent),F1 Score for class 1 (percent),F1 Score for class 2 (percent),F1 Score for class 3 (percent),F1 Score for class 4 (percent),F1 Score for class 5 (percent),F1 Score for class 6 (percent),Precision (percent),Precision for class 0 (percent),Precision for class 1 (percent),Precision for class 2 (percent),Precision for class 3 (percent),Precision for class 4 (percent),Precision for class 5 (percent),Precision for class 6 (percent),Recall (percent),Recall for class 0 (percent),Recall for class 1 (percent),Recall for class 2 (percent),Recall for class 3 (percent),Recall for class 4 (percent),Recall for class 5 (percent),Recall for class 6 (percent),model training instances,model serialized size (bytes),ensemble size,[avg] model training instances,[err] model training instances,[avg] model serialized size (bytes),[err] model serialized size (bytes),[avg] tree size (nodes),[err] tree size (nodes),[avg] tree size (leaves),[err] tree size (leaves),[avg] active learning leaves,[err] active learning leaves,[avg] tree depth,[err] tree depth,[avg] active leaf byte size estimate,[err] active leaf byte size estimate,[avg] inactive leaf byte size estimate,[err] inactive leaf byte size estimate,[avg] byte size estimate overhead,[err] byte size estimate overhead
320000.0,120.0260009765625,92.0,2666.089111328125,319750.0,77.55371383893667,58.06157367663538,-415.9370282510243,47.664778071883255,46.83421397878409,?,69.41473894104661,85.27074340050528,73.80825565912119,2.158273381294964,16.766283524904214,7.42074207420742,66.03804805971649,0.0,82.46358624384878,78.0984959597708,64.88099882949669,100.0,68.11955168119552,68.7037037037037,36.28310398480892,0.0,59.93134190705539,93.89354361754559,85.58414822439526,1.090909090909091,9.559594547361062,3.9221905063960247,0.0,1.0,25.0,267002.16,67095.76609883815,1.0,0.0,79.28000000000002,55.18040111005599,39.64000000000001,28.053342046893455,39.64000000000001,28.053342046893455,8.520000000000001,3.343152205130163,0.0,0.0,0.0,0.0,1.0,0.0
