Connected!
[newChuckSize]:0
thread is open, sizeMB25
[newChuckSize]:25
thread is open, sizeMB25
print extradionario!!!!
0.536768,0.05,0.00.525263,0.213889,0.151515,0.085898,0.231266,0.668681,0.917323,0.870079,0.468504,0.208978,1,0,0,0,0,0,0,0,0,0,0,0,0,0,0,0,0,0,0,0,0,0,0,0,0,0,0,0,0,0,0,0,0,1,0,0,0,0,0,0,0,0,0,0,20.526263,0.361111,0.454545,0.077309,0.290698,0.77069,0.992126,0.814961,0.23622,0.113063,1,0,0,0,0,0,0,0,0,0,0,0,0,0,0,0,0,0,0,0,0,0,0,0,0,0,0,0,0,0,0,0,0,1,0,0,0,0,0,0,0,0,0,0,2
java.lang.NumberFormatException: multiple points
thread is open, sizeMB25
thread is open, sizeMB25
print extradionario!!!!
0.429715,0.236111,0.287879,0.090.271636,0.25,0.272727,0.292054,0.239018,0.131938,0.96063,0.822835,0.350394,0.129932,0,0,0,1,0,1,0,0,0,0,0,0,0,0,0,0,0,0,0,0,0,0,0,0,0,0,0,0,0,0,0,0,0,0,0,0,0,0,0,0,0,0,0,0,30.261131,0.544444,0.242424,0.211167,0.344961,0.154981,0.846457,0.992126,0.653543,0.15154,0,0,0,1,0,0,1,0,0,0,0,0,0,0,0,0,0,0,0,0,0,0,0,0,0,0,0,0,0,0,0,0,0,0,0,0,0,0,0,0,0,0,0,0,3
java.lang.NumberFormatException: multiple points
thread is open, sizeMB25
print extradionario!!!!
0.578789,0.838889,0.212121,0.00.504252,0.897222,0.136364,0.182534,0.286822,0.58297,0.775591,0.909449,0.681102,0.726614,1,0,0,0,0,0,0,0,0,0,0,0,0,0,0,1,0,0,0,0,0,0,0,0,0,0,0,0,0,0,0,0,0,0,0,0,0,0,0,0,0,0,0,0,20.507254,0.880556,0.136364,0.198282,0.303618,0.578896,0.771654,0.913386,0.692913,0.730796,1,0,0,0,0,0,0,0,0,0,0,0,0,0,0,1,0,0,0,0,0,0,0,0,0,0,0,0,0,0,0,0,0,0,0,0,0,0,0,0,0,0,0,0,2
java.lang.NumberFormatException: multiple points
thread is open, sizeMB25
thread is open, sizeMB25
print extradionario!!!!
0.546773,0.008333,0.240.505753,0.286111,0.378788,0.10952,0.27907,0.773219,0.992126,0.779528,0.228346,0.622194,1,0,0,0,0,0,0,0,0,0,0,0,0,0,0,0,0,0,0,0,0,0,0,0,0,0,0,0,0,0,0,0,1,0,0,0,0,0,0,0,0,0,0,0,20.49925,0.288889,0.378788,0.088762,0.262274,0.769285,0.992126,0.779528,0.228346,0.626098,1,0,0,0,0,0,0,0,0,0,0,0,0,0,0,0,0,0,0,0,0,0,0,0,0,0,0,0,0,0,0,0,1,0,0,0,0,0,0,0,0,0,0,0,2
java.lang.NumberFormatException: multiple points
thread is open, sizeMB25
thread is open, sizeMB25
thread is open, sizeMB25
thread is open, sizeMB25
thread is open, sizeMB25
thread is open, sizeMB25
print extradionario!!!!
0.554777,0.169444,0.106061,0.228346,0.235142,0.659267,0.880.677839,0.138889,0.181818,0.156049,0.235142,0.457496,0.885827,0.838583,0.472441,0.654677,1,0,0,0,0,0,0,0,0,0,0,0,0,0,0,0,0,0,0,0,0,0,0,0,0,0,0,0,0,0,0,0,0,0,0,0,0,0,0,0,0,0,1,0,10.676338,0.102778,0.106061,0.151754,0.231266,0.45862,0.866142,0.88189,0.547244,0.65649,1,0,0,0,0,0,0,0,0,0,0,0,0,0,0,0,0,0,0,0,0,0,0,0,0,0,0,0,0,0,0,0,0,0,0,0,0,0,0,0,0,0,1,0,1
java.lang.NumberFormatException: multiple points
print extradionario!!!!
0.617309,0.375,0.30303,0.107373,0.249350.57979,0.116667,0.090909,0.365784,0.29199,0.757763,0.870079,0.893701,0.559055,0.792416,1,0,0,0,0,0,0,0,0,0,0,0,0,0,0,1,0,0,0,0,0,0,0,0,0,0,0,0,0,0,0,0,0,0,0,0,0,0,0,0,0,0,0,0,20.57979,0.283333,0.106061,0.352183,0.29199,0.753829,0.913386,0.909449,0.519685,0.790743,1,0,0,0,0,0,0,0,0,0,0,0,0,0,0,1,0,0,0,0,0,0,0,0,0,0,0,0,0,0,0,0,0,0,0,0,0,0,0,0,0,0,0,0,2
java.lang.NumberFormatException: multiple points
thread is open, sizeMB25
thread is open, sizeMB25
thread is open, sizeMB25
thread is open, sizeMB25
thread is open, sizeMB25
print extradionario!!!!
0.351176,0.977778,0.151515,0,0.223514,0.169875,0.795276,0.874016,0.620.576288,0.066667,0.136364,0.202577,0.289406,0.689335,0.846457,0.866142,0.555118,0.532553,1,0,0,0,0,0,0,0,0,0,0,0,0,0,0,0,0,0,0,0,0,0,0,0,0,0,0,0,0,0,0,0,1,0,0,0,0,0,0,0,0,0,0,0,10.575288,0.088889,0.136364,0.221188,0.297158,0.685963,0.858268,0.870079,0.547244,0.531716,1,0,0,0,0,0,0,0,0,0,0,0,0,0,0,0,0,0,0,0,0,0,0,0,0,0,0,0,0,0,0,0,1,0,0,0,0,0,0,0,0,0,0,0,1
java.lang.NumberFormatException: multiple points
thread is open, sizeMB25
print extradionario!!!!
0.588294,0.16940.461731,0.938889,0.075758,0.042949,0.239018,0.253337,0.822835,0.917323,0.637795,0.391468,1,0,0,0,0,0,0,0,0,0,0,0,0,0,0,0,0,0,0,0,0,0,0,0,0,0,0,0,0,0,0,0,1,0,0,0,0,0,0,0,0,0,0,0,20.46073,0.983333,0.075758,0.060845,0.231266,0.250386,0.834646,0.909449,0.61811,0.394674,1,0,0,0,0,0,0,0,0,0,0,0,0,0,0,0,0,0,0,0,0,0,0,0,0,0,0,0,0,0,0,0,1,0,0,0,0,0,0,0,0,0,0,0,2
java.lang.NumberFormatException: multiple points
thread is open, sizeMB25
thread is open, sizeMB25
print extradionario!!!!
0.528764,0.25,0.015152,0.064424,0.22739,0.6918650.376688,0.1,0.030303,0.042949,0.218346,0.101447,0.862205,0.92126,0.598425,0.220689,1,0,0,0,0,0,0,0,0,0,0,0,0,0,0,1,0,0,0,0,0,0,0,0,0,0,0,0,0,0,0,0,0,0,0,0,0,0,0,0,0,0,0,0,20.378689,0.852778,0.227273,0.064424,0.231266,0.101307,0.704724,0.905512,0.751969,0.218876,1,0,0,0,0,0,0,0,0,0,0,0,0,0,0,1,0,0,0,0,0,0,0,0,0,0,0,0,0,0,0,0,0,0,0,0,0,0,0,0,0,0,0,0,2
java.lang.NumberFormatException: multiple points
thread is open, sizeMB25
thread is open, sizeMB25
thread is open, sizeMB25
learning evaluation instances,Wall Time (Actual Time),Avg Delay (ms),outRate (inst/s),classified instances,classifications correct (percent),Kappa Statistic (percent),Kappa Temporal Statistic (percent),Kappa M Statistic (percent),F1 Score (percent),F1 Score for class 0 (percent),F1 Score for class 1 (percent),F1 Score for class 2 (percent),F1 Score for class 3 (percent),F1 Score for class 4 (percent),F1 Score for class 5 (percent),F1 Score for class 6 (percent),Precision (percent),Precision for class 0 (percent),Precision for class 1 (percent),Precision for class 2 (percent),Precision for class 3 (percent),Precision for class 4 (percent),Precision for class 5 (percent),Precision for class 6 (percent),Recall (percent),Recall for class 0 (percent),Recall for class 1 (percent),Recall for class 2 (percent),Recall for class 3 (percent),Recall for class 4 (percent),Recall for class 5 (percent),Recall for class 6 (percent),model training instances,model serialized size (bytes)
35126.0,120.0469970703125,83.0,292.6020812988281,35125.0,94.11814946619216,85.90681643912461,4.4845122515025535,79.24452481414507,71.2188355453494,?,89.7749196141479,96.22106754841757,66.30434782608697,74.75728155339806,83.37777777777778,87.6190476190476,72.74387351638391,0.0,91.90806799138137,95.33913179141152,67.77777777777779,80.20833333333334,87.99249530956847,85.98130841121495,69.75642783956366,0.0,87.73854416638099,97.11947236680044,64.8936170212766,70.0,79.22297297297297,89.32038834951457,0.0,1.0
