Connected!
[newChuckSize]:0
thread is open, sizeMB500
[newChuckSize]:500
thread is open, sizeMB500
print extradionario!!!!
0.536768,0.05,0.030303,0.347173,0.24031,0.60784,0.854331,0.92126,0.6060.457729,0.661111,0.333333,0.10952,0.245478,0.224814,0.685039,0.992126,0.826772,0.174822,0,0,1,0,0,0,0,0,0,0,0,0,0,0,0,0,0,0,0,0,0,0,0,0,0,0,0,0,0,0,0,0,0,0,0,0,1,0,0,0,0,0,0,0,20.506753,0.636111,0.257576,0.077309,0.206718,0.262611,0.755906,0.996063,0.767717,0.205772,0,0,1,0,0,0,0,0,0,0,0,0,0,0,0,0,0,0,0,0,0,0,0,0,0,0,1,0,0,0,0,0,0,0,0,0,0,0,0,0,0,0,0,0,5
java.lang.NumberFormatException: multiple points
thread is open, sizeMB500
thread is open, sizeMB500
print extradionario!!!!
0.695848,0.422222,0.287879,0.214746,0.217054,0.157932,0.944882,0.933071,0.4685040.621811,0.561111,0.19697,0.198282,0.245478,0.241534,0.838583,0.988189,0.669291,0.110414,0,0,1,0,0,0,0,0,0,0,0,0,0,0,0,0,0,0,0,0,0,0,0,0,0,0,0,0,0,0,0,0,0,0,1,0,0,0,0,0,0,0,0,0,20.71936,0.613889,0.136364,0.10952,0.24677,0.527891,0.822835,0.980315,0.692913,0.239509,0,0,1,0,0,0,0,0,0,0,0,0,0,0,0,0,0,0,0,0,0,0,0,0,0,0,0,0,0,0,0,0,0,0,0,1,0,0,0,0,0,0,0,0,1
java.lang.NumberFormatException: multiple points
thread is open, sizeMB500
print extradionario!!!!
0.476738,0.247222,0.3939390.744372,0.363889,0.075758,0.121689,0.255814,0.255445,0.901575,0.933071,0.559055,0.447093,1,0,0,0,0,0,0,0,0,0,0,0,0,0,0,0,0,0,0,0,0,0,0,0,0,0,0,0,0,0,0,0,0,0,0,0,0,0,0,0,0,1,0,0,70.758379,0.766667,0.136364,0.265569,0.29199,0.545455,0.775591,0.952756,0.724409,0.290395,0,0,1,0,0,0,0,0,0,0,0,0,0,0,0,0,0,0,0,0,0,0,0,0,0,0,0,0,0,0,0,0,0,0,0,0,0,0,0,0,0,1,0,0,7
java.lang.NumberFormatException: multiple points
print extradionario!!!!
0.35510.390695,0.116667,0.090909,0.030064,0.218346,0.146691,0.870079,0.893701,0.559055,0.865468,1,0,0,0,0,0,0,0,0,0,0,0,0,0,0,1,0,0,0,0,0,0,0,0,0,0,0,0,0,0,0,0,0,0,0,0,0,0,0,0,0,0,0,0,2
java.lang.NumberFormatException: multiple points
print extradionario!!!!
0.451726,0.861111,0.060606,0.163207,0.346253,0.38120.366183,0.347222,0.166667,0,0.223514,0.171983,0.940945,0.913386,0.476378,0.719504,1,0,0,0,0,0,0,0,0,0,0,0,0,0,0,0,0,0,0,0,0,1,0,0,0,0,0,0,0,0,0,0,0,0,0,0,0,0,0,0,0,0,0,0,20.362681,0.344444,0.227273,0.021475,0.217054,0.170859,0.964567,0.893701,0.42126,0.717273,1,0,0,0,0,0,0,0,0,0,0,0,0,0,0,0,0,0,0,0,0,1,0,0,0,0,0,0,0,0,0,0,0,0,0,0,0,0,0,0,0,0,0,0,2
java.lang.NumberFormatException: multiple points
thread is open, sizeMB500
print extradionario!!!!
0.38019,0.019444,0.181818,0.068003,0.25969,0.209639,0.807087,0.85030.650325,0.961111,0.166667,0,0.223514,0.725868,0.783465,0.877953,0.637795,0.144152,1,0,0,0,0,0,0,0,0,0,0,0,0,0,0,0,0,0,0,0,0,0,0,0,0,0,0,0,0,0,0,0,1,0,0,0,0,0,0,0,0,0,0,0,10.651826,0.966667,0.181818,0.021475,0.236434,0.727694,0.779528,0.870079,0.633858,0.145546,1,0,0,0,0,0,0,0,0,0,0,0,0,0,0,0,0,0,0,0,0,0,0,0,0,0,0,0,0,0,0,0,1,0,0,0,0,0,0,0,0,0,0,0,1
java.lang.NumberFormatException: multiple points
thread is open, sizeMB500
print extradionario!!!!
0.52076,0.863889,0.333333,0.115963,0.295866,0.807222,0.0.592796,0.722222,0.060606,0.505369,0.452196,0.85626,0.826772,0.952756,0.669291,0.515823,1,0,0,0,0,0,0,0,0,0,0,0,0,0,0,0,0,0,0,0,0,0,0,0,0,0,0,0,0,0,0,0,1,0,0,0,0,0,0,0,0,0,0,0,20.594297,0.625,0.19697,0.48461,0.456072,0.858227,0.795276,0.992126,0.728346,0.51903,1,0,0,0,0,0,0,0,0,0,0,0,0,0,0,0,0,0,0,0,0,0,0,0,0,0,0,0,0,0,0,0,1,0,0,0,0,0,0,0,0,0,0,0,2
java.lang.NumberFormatException: multiple points
thread is open, sizeMB500
print extradionario!!!!
0.52076,0.702778,0.409091,0.021475,0.241602,0.865112,0.590551,0.968504,0.8930.632816,0.119444,0.363636,0.182534,0.26615,0.663903,0.850394,0.708661,0.34252,0.444584,1,0,0,0,0,0,0,0,0,0,0,0,0,0,0,0,0,0,0,0,0,0,0,0,0,0,0,0,0,0,0,0,1,0,0,0,0,0,0,0,0,0,0,0,10.627814,0.125,0.393939,0.198282,0.263566,0.664746,0.854331,0.688976,0.311024,0.44542,1,0,0,0,0,0,0,0,0,0,0,0,0,0,0,0,0,0,0,0,0,0,0,0,0,0,0,0,0,0,0,0,1,0,0,0,0,0,0,0,0,0,0,0,1
java.lang.NumberFormatException: multiple points
print extradionario!!!!
0.449225,0.975,0.090909,0.042949,0.229974,0.326683,0.826772,0.905512,0.625984,0.54040.381691,0.386111,0.151515,0.287759,0.308786,0.102712,0.925197,0.933071,0.519685,0.347135,1,0,0,0,0,0,0,0,0,0,0,0,0,0,0,1,0,0,0,0,0,0,0,0,0,0,0,0,0,0,0,0,0,0,0,0,0,0,0,0,0,0,0,0,20.37969,0.441667,0.181818,0.269148,0.303618,0.098637,0.917323,0.952756,0.543307,0.344765,1,0,0,0,0,0,0,0,0,0,0,0,0,0,0,0,0,0,0,0,0,0,0,0,0,0,0,0,0,0,0,0,0,1,0,0,0,0,0,0,0,0,0,0,2
java.lang.NumberFormatException: multiple points
thread is open, sizeMB500
thread is open, sizeMB500
print extradionario!!!!
0.53927,0.286111,0.136364,0.171797,0.242894,0.0.48074,0.413889,0.181818,0.173228,0.260982,0.383167,0.929134,0.940945,0.519685,0.347275,1,0,0,0,0,0,0,0,0,0,0,0,0,0,0,1,0,0,0,0,0,0,0,0,0,0,0,0,0,0,0,0,0,0,0,0,0,0,0,0,0,0,0,0,20.47924,0.402778,0.19697,0.151754,0.257106,0.380497,0.937008,0.933071,0.5,0.343092,1,0,0,0,0,0,0,0,0,0,0,0,0,0,0,1,0,0,0,0,0,0,0,0,0,0,0,0,0,0,0,0,0,0,0,0,0,0,0,0,0,0,0,0,2
java.lang.NumberFormatException: multiple points
thread is open, sizeMB500
print extradionario!!!!
0.364682,0.25,0.045455,0.2398,0.213178,0.126458,0.885827,0.92126,0.570866,0.0150.527764,0.119444,0.136364,0.130279,0.245478,0.573416,0.874016,0.866142,0.523622,0.547888,1,0,0,0,0,0,0,0,0,0,0,0,0,0,0,0,0,0,0,0,0,0,0,0,0,0,0,0,0,0,0,0,1,0,0,0,0,0,0,0,0,0,0,0,20.526263,0.161111,0.151515,0.136006,0.245478,0.570044,0.897638,0.858268,0.484252,0.543706,1,0,0,0,0,0,0,0,0,0,0,0,0,0,0,0,0,0,0,0,0,0,0,0,0,0,0,0,0,0,0,0,1,0,0,0,0,0,0,0,0,0,0,0,2
java.lang.NumberFormatException: multiple points
thread is open, sizeMB500
print extradionario!!!!
0.46270.384192,0.269444,0.121212,0.258411,0.26615,0.077561,0.92126,0.897638,0.5,0.209815,1,0,0,0,0,0,0,0,0,0,0,0,0,0,0,1,0,0,0,0,0,0,0,0,0,0,0,0,0,0,0,0,0,0,0,0,0,0,0,0,0,0,0,0,2
java.lang.NumberFormatException: multiple points
thread is open, sizeMB500
print extradionario!!!!
0.45973,0.144444,0.227273,0.2505370.571286,0.077778,0.318182,0.289191,0.288114,0.638752,0.814961,0.751969,0.440945,0.123101,1,0,0,0,0,0,0,0,0,0,0,0,0,0,0,0,0,0,0,0,0,0,0,0,0,0,0,0,0,0,0,0,1,0,0,0,0,0,0,0,0,0,0,0,20.569285,0.077778,0.333333,0.303508,0.289406,0.634818,0.807087,0.728346,0.425197,0.122403,1,0,0,0,0,0,0,0,0,0,0,0,0,0,0,0,0,0,0,0,0,0,0,0,0,0,0,0,0,0,0,0,1,0,0,0,0,0,0,0,0,0,0,0,2
java.lang.NumberFormatException: multiple points
thread is open, sizeMB500
print extradionario!!!!
0.468734,0.0.525263,0.25,0.030303,0,0.223514,0.631024,0.874016,0.929134,0.590551,0.246898,1,0,0,0,0,0,0,0,0,0,0,0,0,0,0,0,0,0,0,0,0,0,0,1,0,0,0,0,0,0,0,0,0,0,0,0,0,0,0,0,0,0,0,0,20.525263,0.191667,0.090909,0,0.223514,0.634959,0.889764,0.897638,0.535433,0.243134,1,0,0,0,0,0,0,0,0,0,0,0,0,0,0,0,0,0,0,0,0,0,1,0,0,0,0,0,0,0,0,0,0,0,0,0,0,0,0,0,0,0,0,0,2
java.lang.NumberFormatException: multiple points
thread is open, sizeMB500
thread is open, sizeMB500
thread is open, sizeMB500
print extradionario!!!!
0.585293,0.05,0.060606,0.0.635818,0.052778,0.166667,0.107373,0.228682,0.725165,0.834646,0.850394,0.551181,0.325666,1,0,0,0,0,0,0,0,0,0,0,0,0,0,0,0,0,0,0,0,0,0,0,0,0,0,0,0,0,0,0,0,1,0,0,0,0,0,0,0,0,0,0,0,20.634817,0.038889,0.181818,0.10952,0.231266,0.72095,0.822835,0.850394,0.562992,0.327478,1,0,0,0,0,0,0,0,0,0,0,0,0,0,0,0,0,0,0,0,0,0,0,0,0,0,0,0,0,0,0,0,1,0,0,0,0,0,0,0,0,0,0,0,2
java.lang.NumberFormatException: multiple points
thread is open, sizeMB500
thread is open, sizeMB500
thread is open, sizeMB500
print extradionario!!!!
0.602801,0.0.705853,0,0,0,0.223514,0.824786,0.858268,0.937008,0.614173,0.100516,1,0,0,0,0,0,0,0,0,0,0,0,0,0,0,0,0,0,0,0,0,0,0,0,0,0,0,0,0,0,0,0,0,0,0,0,0,0,0,0,0,1,0,0,10.705853,0.822222,0.363636,0.021475,0.223514,0.844035,0.570866,0.885827,0.850394,0.095358,1,0,0,0,0,0,0,0,0,0,0,0,0,0,0,0,0,0,0,0,0,0,0,0,0,0,0,0,0,0,0,0,0,0,0,0,0,0,0,0,0,1,0,0,1
java.lang.NumberFormatException: multiple points
thread is open, sizeMB500
print extradionario!!!!
0.577789,0.825,0.181818,0.416607,0.357881,0.223128,0.732283,0.929134,0.740.466233,0.744444,0.19697,0.171797,0.374677,0.192216,0.73622,0.964567,0.775591,0.095497,0,0,1,0,0,0,0,0,0,0,0,0,0,0,0,0,0,0,0,0,0,0,0,0,0,0,0,1,0,0,0,0,0,0,0,0,0,0,0,0,0,0,0,0,20.468234,0.75,0.090909,0.193271,0.379845,0.19334,0.807087,0.952756,0.692913,0.097309,0,0,1,0,0,0,0,0,0,0,0,0,0,0,0,0,0,0,0,0,0,0,0,0,0,0,0,0,0,0,0,0,0,0,0,1,0,0,0,0,0,0,0,0,2
java.lang.NumberFormatException: multiple points
thread is open, sizeMB500
thread is open, sizeMB500
print extradionario!!!!
0.583292,0.038880.698349,0.544444,0.30303,0.211167,0.267442,0.277083,0.830709,0.992126,0.65748,0.479019,1,0,0,0,0,0,0,0,0,0,0,0,0,0,0,0,0,0,0,0,0,0,0,0,0,0,0,0,0,0,0,0,1,0,0,0,0,0,0,0,0,0,0,0,10.69985,0.569444,0.30303,0.23121,0.271318,0.273008,0.80315,1,0.69685,0.48097,1,0,0,0,0,0,0,0,0,0,0,0,0,0,0,0,0,0,0,0,0,0,0,0,0,0,0,0,0,0,0,0,1,0,0,0,0,0,0,0,0,0,0,0,1
java.lang.NumberFormatException: multiple points
thread is open, sizeMB500
learning evaluation instances,Wall Time (Actual Time),Avg Delay (ms),outRate (inst/s),classified instances,classifications correct (percent),Kappa Statistic (percent),Kappa Temporal Statistic (percent),Kappa M Statistic (percent),F1 Score (percent),F1 Score for class 0 (percent),F1 Score for class 1 (percent),F1 Score for class 2 (percent),F1 Score for class 3 (percent),F1 Score for class 4 (percent),F1 Score for class 5 (percent),F1 Score for class 6 (percent),Precision (percent),Precision for class 0 (percent),Precision for class 1 (percent),Precision for class 2 (percent),Precision for class 3 (percent),Precision for class 4 (percent),Precision for class 5 (percent),Precision for class 6 (percent),Recall (percent),Recall for class 0 (percent),Recall for class 1 (percent),Recall for class 2 (percent),Recall for class 3 (percent),Recall for class 4 (percent),Recall for class 5 (percent),Recall for class 6 (percent),model training instances,model serialized size (bytes)
136001.0,120.13300323486328,434.0,1132.0869140625,136000.0,90.24411764705881,80.90694732460886,-80.44335645314857,73.91372734064723,68.88150684047281,?,85.92797081649037,93.49709833850068,88.82907133243607,69.5798319327731,70.19667170953102,68.28521434820647,75.25276686534743,0.0,91.95430018388448,90.49707602339181,84.75120385232745,91.18942731277532,84.40748440748442,83.96987627756859,63.50487929946619,0.0,80.64294400676783,96.70284492682126,93.31919406150583,56.25,60.081391046984834,57.537781054183554,0.0,1.0
