Connected!
[newChuckSize]:0
thread is open, sizeMB500
[newChuckSize]:500
thread is open, sizeMB500
thread is open, sizeMB500
thread is open, sizeMB500
print extradionario!!!!
0.456728,0.191667,0.090909,0.289191,0.286822,0.380357,0.880.625313,0.447222,0.257576,0.182534,0.270026,0.866938,0.925197,0.952756,0.519685,0.300432,1,0,0,0,0,0,0,0,0,0,0,0,0,0,0,0,0,0,0,0,0,0,0,0,0,0,0,0,0,0,0,0,1,0,0,0,0,0,0,0,0,0,0,0,20.625313,0.533333,0.257576,0.167502,0.264858,0.867922,0.854331,0.988189,0.641732,0.302942,1,0,0,0,0,0,0,0,0,0,0,0,0,0,0,0,0,0,0,0,0,0,0,0,0,0,0,0,0,0,0,0,1,0,0,0,0,0,0,0,0,0,0,0,2
java.lang.NumberFormatException: multiple points
thread is open, sizeMB500
print extradionario!!!!
0.525263,0.886111,0.20.61931,0.069444,0.272727,0.151754,0.325581,0.697906,0.818898,0.779528,0.480315,0.301547,1,0,0,0,0,0,0,0,0,0,0,0,0,0,0,0,0,0,0,0,0,0,0,0,0,0,0,0,0,0,0,0,1,0,0,0,0,0,0,0,0,0,0,0,10.616808,0.094444,0.30303,0.150322,0.319121,0.700576,0.834646,0.751969,0.417323,0.303917,1,0,0,0,0,0,0,0,0,0,0,0,0,0,0,0,0,0,0,0,0,0,0,0,0,0,0,0,0,0,0,0,1,0,0,0,0,0,0,0,0,0,0,0,1
java.lang.NumberFormatException: multiple points
thread is open, sizeMB500
thread is open, sizeMB250
[newChuckSize]:250
print extradionario!!!!
0.554777,0.408333,0.106061,0.23622,0.277778,0.707461,0.901575,0.0.531766,0.494444,0.30303,0.088762,0.223514,0.794576,0.88189,0.972441,0.574803,0.674334,1,0,0,0,0,0,0,0,0,0,0,0,0,0,0,0,0,0,0,0,0,0,0,0,0,0,0,0,0,0,0,0,0,1,0,0,0,0,0,0,0,0,0,0,20.530265,0.480556,0.318182,0.077309,0.22093,0.797246,0.897638,0.964567,0.543307,0.677262,1,0,0,0,0,0,0,0,0,0,0,0,0,0,0,0,0,0,0,0,0,0,0,0,0,0,0,0,0,0,0,0,0,1,0,0,0,0,0,0,0,0,0,0,2
java.lang.NumberFormatException: multiple points
thread is open, sizeMB250
thread is open, sizeMB250
print extradionario!!!!
0.587794,0.358333,0.151515,0.261274,0.299742,0.394548,0.9330710.436718,0.152778,0.19697,0.077309,0.242894,0.362512,0.897638,0.830709,0.444882,0.292346,1,0,0,0,0,0,0,0,0,0,0,0,0,0,0,1,0,0,0,0,0,0,0,0,0,0,0,0,0,0,0,0,0,0,0,0,0,0,0,0,0,0,0,0,20.433717,0.161111,0.19697,0.060845,0.237726,0.358719,0.901575,0.830709,0.444882,0.288303,1,0,0,0,0,0,0,0,0,0,0,0,0,0,0,1,0,0,0,0,0,0,0,0,0,0,0,0,0,0,0,0,0,0,0,0,0,0,0,0,0,0,0,0,2
java.lang.NumberFormatException: multiple points
print extradionario!!!!
0.505253,0.458333,0.151515,0.269148,0.289406,0.51117,0.901570.566283,0.663889,0.166667,0.501074,0.337209,0.818463,0.783465,0.984252,0.73622,0.529067,1,0,0,0,0,0,0,0,0,0,0,0,0,0,0,0,0,0,0,0,0,0,0,0,0,0,0,0,0,0,0,0,1,0,0,0,0,0,0,0,0,0,0,0,2
java.lang.NumberFormatException: multiple points
thread is open, sizeMB250
print extradionario!!!!
0.6008,0.188880.550275,0.233333,0.106061,0.198282,0.277778,0.74582,0.909449,0.893701,0.507874,0.335703,1,0,0,0,0,0,0,0,0,0,0,0,0,0,0,0,0,0,0,0,0,0,0,0,0,0,0,0,0,0,0,0,0,1,0,0,0,0,0,0,0,0,0,0,20.548274,0.236111,0.151515,0.176807,0.27261,0.741605,0.925197,0.874016,0.464567,0.333612,1,0,0,0,0,0,0,0,0,0,0,0,0,0,0,0,0,0,0,0,0,0,0,0,0,1,0,0,0,0,0,0,0,0,0,0,0,0,0,0,0,0,0,0,2
java.lang.NumberFormatException: multiple points
thread is open, sizeMB250
thread is open, sizeMB250
print extradionario!!!!
0.490745,0.975,0.318182,0.125268,0.303618,0.277645,0.7000.574787,0.147222,0.242424,0.136006,0.211886,0.619081,0.893701,0.807087,0.42126,0.345323,1,0,0,0,0,0,0,0,0,0,0,0,0,0,0,0,0,0,0,0,0,0,0,0,0,0,0,0,0,0,0,0,1,0,0,0,0,0,0,0,0,0,0,0,20.572786,0.125,0.19697,0.151754,0.211886,0.622313,0.877953,0.830709,0.472441,0.34128,1,0,0,0,0,0,0,0,0,0,0,0,0,0,0,0,0,0,0,0,0,0,0,0,0,0,0,0,0,0,0,0,1,0,0,0,0,0,0,0,0,0,0,0,2
java.lang.NumberFormatException: multiple points
thread is open, sizeMB250
thread is open, sizeMB250
print extradionario!!!!
0.658329,0.936111,0.10.507254,0.397222,0.075758,0.198282,0.262274,0.418154,0.893701,0.940945,0.570866,0.340165,1,0,0,0,0,0,0,0,0,0,0,0,0,0,0,1,0,0,0,0,0,0,0,0,0,0,0,0,0,0,0,0,0,0,0,0,0,0,0,0,0,0,0,0,20.506253,0.316667,0.090909,0.184681,0.268734,0.415625,0.913386,0.917323,0.531496,0.336261,1,0,0,0,0,0,0,0,0,0,0,0,0,0,0,1,0,0,0,0,0,0,0,0,0,0,0,0,0,0,0,0,0,0,0,0,0,0,0,0,0,0,0,0,2
java.lang.NumberFormatException: multiple points
print extradionario!!!!
0.527764,0.136111,0.19697,0.198282,0.2760.581291,0.905556,0.045455,0.04796,0.223514,0.634256,0.830709,0.925197,0.641732,0.129932,1,0,0,0,0,0,0,0,0,0,0,0,0,0,0,0,0,0,0,0,0,0,0,0,0,0,0,0,0,0,0,0,1,0,0,0,0,0,0,0,0,0,0,0,20.582291,0.875,0.075758,0.060845,0.22739,0.632148,0.811024,0.925197,0.665354,0.134114,1,0,0,0,0,0,0,0,0,0,0,0,0,0,0,0,0,0,0,0,0,0,0,0,0,0,0,0,0,0,0,0,1,0,0,0,0,0,0,0,0,0,0,0,2
java.lang.NumberFormatException: multiple points
thread is open, sizeMB250
thread is open, sizeMB250
print extradionario!!!!
0.500.605303,0.208333,0.106061,0.077309,0.232558,0.424477,0.901575,0.889764,0.511811,0.134672,1,0,0,0,0,0,0,0,0,0,0,0,0,0,0,0,0,0,0,0,0,0,0,0,0,0,0,0,0,0,0,0,1,0,0,0,0,0,0,0,0,0,0,0,2
java.lang.NumberFormatException: multiple points
print extradionario!!!!
0.51926,0.227778,0.257576,0.068003,0.257106,0.0.591796,0.5,0.060606,0.021475,0.222222,0.405789,0.870079,0.952756,0.614173,0.071936,1,0,0,0,0,0,0,0,0,0,0,0,0,0,0,0,0,0,0,0,0,0,1,0,0,0,0,0,0,0,0,0,0,0,0,0,0,0,0,0,0,0,0,0,20.591796,0.422222,0.075758,0.021475,0.226098,0.401855,0.889764,0.944882,0.586614,0.069566,1,0,0,0,0,0,0,0,0,0,0,0,0,0,0,0,0,0,0,0,0,0,1,0,0,0,0,0,0,0,0,0,0,0,0,0,0,0,0,0,0,0,0,0,2
java.lang.NumberFormatException: multiple points
thread is open, sizeMB250
print extradionario!!!!
0.61981,0.25,0.075758,0.107373,0.231266,0.576920.673837,0.191667,0.045455,0.261274,0.25323,0.778558,0.877953,0.917323,0.570866,0.307682,1,0,0,0,0,0,0,0,0,0,0,0,0,0,0,0,0,0,0,0,0,0,0,0,0,1,0,0,0,0,0,0,0,0,0,0,0,0,0,0,0,0,0,0,10.672836,0.2,0.030303,0.265569,0.250646,0.774765,0.874016,0.92126,0.586614,0.309912,1,0,0,0,0,0,0,0,0,0,0,0,0,0,0,0,0,0,0,0,0,0,0,0,0,1,0,0,0,0,0,0,0,0,0,0,0,0,0,0,0,0,0,0,1
java.lang.NumberFormatException: multiple points
thread is open, sizeMB250
print extradionario!!!!
0.696848,0.794444,0.287879,0.136006,0.29710.711856,0.5,0.015152,0.300644,0.277778,0.710552,0.862205,0.940945,0.61811,0.10665,1,0,0,0,0,0,0,0,0,0,0,0,0,0,0,0,0,0,0,0,0,0,0,0,0,0,0,0,0,0,0,0,1,0,0,0,0,0,0,0,0,0,0,0,20.711856,0.469444,0.015152,0.289191,0.277778,0.714767,0.866142,0.940945,0.614173,0.105953,1,0,0,0,0,0,0,0,0,0,0,0,0,0,0,0,0,0,0,0,0,0,0,0,0,0,0,0,0,0,0,0,1,0,0,0,0,0,0,0,0,0,0,0,2
java.lang.NumberFormatException: multiple points
thread is open, sizeMB250
thread is open, sizeMB250
print extradionario!!!!
0.65983,0.166667,0.212121,0.2863280.535768,0.188889,0.287879,0.042949,0.211886,0.065477,0.929134,0.779528,0.338583,0.330127,1,0,0,0,0,0,0,0,0,0,0,0,0,0,0,0,0,0,0,0,0,0,0,0,0,0,0,0,0,0,0,0,1,0,0,0,0,0,0,0,0,0,0,0,20.530265,0.186111,0.363636,0.030064,0.248062,0.061402,0.929134,0.728346,0.267717,0.32943,1,0,0,0,0,0,0,0,0,0,0,0,0,0,0,0,0,0,0,0,0,0,0,0,0,0,0,0,0,0,0,0,1,0,0,0,0,0,0,0,0,0,0,0,2
java.lang.NumberFormatException: multiple points
thread is open, sizeMB250
thread is open, sizeMB250
thread is open, sizeMB250
print extradionario!!!!
0.732366,0.141667,0.19697,0.110.350175,0.269444,0.454545,0.021475,0.241602,0.241534,0.988189,0.720472,0,0.196013,0,0,1,0,0,0,0,0,0,0,0,0,0,0,0,0,0,0,0,0,0,0,0,1,0,0,0,0,0,0,0,0,0,0,0,0,0,0,0,0,0,0,0,0,20.343172,0.15,0.166667,0,0.223514,0.243642,0.889764,0.850394,0.480315,0.199498,0,0,1,0,0,0,0,0,0,0,0,0,0,0,0,0,0,0,0,0,0,0,0,1,0,0,0,0,0,0,0,0,0,0,0,0,0,0,0,0,0,0,0,0,6
java.lang.NumberFormatException: multiple points
thread is open, sizeMB250
learning evaluation instances,Wall Time (Actual Time),Avg Delay (ms),outRate (inst/s),classified instances,classifications correct (percent),Kappa Statistic (percent),Kappa Temporal Statistic (percent),Kappa M Statistic (percent),F1 Score (percent),F1 Score for class 0 (percent),F1 Score for class 1 (percent),F1 Score for class 2 (percent),F1 Score for class 3 (percent),F1 Score for class 4 (percent),F1 Score for class 5 (percent),F1 Score for class 6 (percent),Precision (percent),Precision for class 0 (percent),Precision for class 1 (percent),Precision for class 2 (percent),Precision for class 3 (percent),Precision for class 4 (percent),Precision for class 5 (percent),Precision for class 6 (percent),Recall (percent),Recall for class 0 (percent),Recall for class 1 (percent),Recall for class 2 (percent),Recall for class 3 (percent),Recall for class 4 (percent),Recall for class 5 (percent),Recall for class 6 (percent),model training instances,model serialized size (bytes),ensemble size,[avg] model training instances,[err] model training instances,[avg] model serialized size (bytes),[err] model serialized size (bytes),[avg] tree size (nodes),[err] tree size (nodes),[avg] tree size (leaves),[err] tree size (leaves),[avg] active learning leaves,[err] active learning leaves,[avg] tree depth,[err] tree depth,[avg] active leaf byte size estimate,[err] active leaf byte size estimate,[avg] inactive leaf byte size estimate,[err] inactive leaf byte size estimate,[avg] byte size estimate overhead,[err] byte size estimate overhead
149001.0,120.11900329589844,249.0,1240.44482421875,149000.0,84.93087248322148,70.459491562197,-160.77816492450643,60.484679959873986,65.75357294072232,5.714285714285714,78.64563206110341,89.28106787387749,75.59523809523812,79.4407894736842,64.67023172905526,58.97624295860886,64.9974347728526,16.666666666666664,84.15304533956022,87.09411145619448,71.95467422096317,72.30538922155688,56.178383400433574,66.62977310459326,66.52751102730868,3.4482758620689653,73.81480691273737,91.58068331000662,79.62382445141067,88.13868613138686,76.18647627047459,52.899824253075565,0.0,1.0,25.0,3115.76,2040.135050268323,1.0,0.0,0.9599999999999999,0.19999999999999998,0.9599999999999999,0.19999999999999998,0.9599999999999999,0.19999999999999998,0.0,0.0,0.0,0.0,0.0,0.0,1.0,0.0
