Connected!
[newChuckSize]:0
thread is open, sizeMB500
[newChuckSize]:500
thread is open, sizeMB2000
print extradionario!!!!
0.468234,0.1300.626313,0.272222,0.121212,0.064424,0.22739,0.754391,0.92126,0.897638,0.496063,0.112645,1,0,0,0,0,0,0,0,0,0,0,0,0,0,0,0,0,0,0,0,0,0,0,0,0,0,0,0,0,0,0,0,1,0,0,0,0,0,0,0,0,0,0,0,20.546773,0.152778,0.060606,0.021475,0.223514,0.659267,0.874016,0.909449,0.570866,0.323714,1,0,0,0,0,0,0,0,0,0,0,0,0,0,0,0,0,0,0,0,0,0,0,0,0,0,1,0,0,0,0,0,0,0,0,0,0,0,0,0,0,0,0,0,5
java.lang.NumberFormatException: multiple points
thread is open, sizeMB2000
[newChuckSize]:2000
thread is open, sizeMB2000
print extradionario!!!!
0.413707,0.058333,0.19697,0.042949,0.210.474237,0.286111,0.5,0.09592,0.319121,0.308697,0.996063,0.700787,0.098425,0.059111,0,0,1,0,0,0,0,0,0,0,0,0,0,0,0,0,1,0,0,0,0,0,0,0,0,0,0,0,0,0,0,0,0,0,0,0,0,0,0,0,0,0,0,0,50.737869,0.036111,0.045455,0.429492,0.273902,0.120837,0.850394,0.917323,0.606299,0.20842,0,0,1,0,0,0,0,0,0,0,0,0,0,0,0,0,0,0,0,0,0,0,0,0,0,0,0,0,0,0,0,0,0,0,0,1,0,0,0,0,0,0,0,0,7
java.lang.NumberFormatException: multiple points
thread is open, sizeMB2000
print extradionario!!!!
0.390195,0.158333,0.227273,0.395848,0.109819,0.166784,0.901575,0.814961,0.425190.682841,0,0.045455,0.360057,0.290698,0.605171,0.846457,0.917323,0.614173,0.246898,1,0,0,0,0,0,0,0,0,0,0,0,0,0,0,0,0,0,0,0,0,0,0,0,0,0,0,0,0,0,0,0,1,0,0,0,0,0,0,0,0,0,0,0,10.681341,0.161111,0.060606,0.354331,0.286822,0.606997,0.877953,0.905512,0.562992,0.246759,1,0,0,0,0,0,0,0,0,0,0,0,0,0,0,0,0,0,0,0,0,0,0,0,0,0,0,0,0,0,0,0,1,0,0,0,0,0,0,0,0,0,0,0,1
java.lang.NumberFormatException: multiple points
thread is open, sizeMB2000
print extradionario!!!!
0.553277,0.441667,0.166667,0.231926,0.290690.469735,0.958333,0.257576,0.042949,0.250646,0.439652,0.720472,0.826772,0.641732,0.68005,1,0,0,0,0,0,0,0,0,0,0,0,0,0,0,0,0,0,0,0,0,0,0,0,0,0,0,1,0,0,0,0,0,0,0,0,0,0,0,0,0,0,0,0,20.470235,0.027778,0.227273,0.060845,0.250646,0.435436,0.795276,0.822835,0.555118,0.676565,1,0,0,0,0,0,0,0,0,0,0,0,0,0,0,0,0,0,0,0,0,0,0,0,0,0,0,1,0,0,0,0,0,0,0,0,0,0,0,0,0,0,0,0,2
java.lang.NumberFormatException: multiple points
print extradionario!!!!
0.65983,0.086111,0.060606,0.068003,0.20.535268,0.425,0.212121,0.077309,0.26615,0.803147,0.929134,0.944882,0.519685,0.677401,1,0,0,0,0,0,0,0,0,0,0,0,0,0,0,0,0,0,0,0,0,0,0,0,0,0,0,0,0,0,0,0,0,1,0,0,0,0,0,0,0,0,0,0,20.533767,0.330556,0.181818,0.060845,0.262274,0.805817,0.948819,0.901575,0.46063,0.680468,1,0,0,0,0,0,0,0,0,0,0,0,0,0,0,0,0,0,0,0,0,0,0,0,0,0,0,0,0,0,0,0,0,1,0,0,0,0,0,0,0,0,0,0,2
java.lang.NumberFormatException: multiple points
thread is open, sizeMB2000
print extradionario!!!!
0.470235,0.447222,0.151515,0.214746,0.29199,0.250667,0.905510.548274,0.638889,0.166667,0.365784,0.299742,0.841085,0.795276,0.988189,0.724409,0.821135,1,0,0,0,0,0,0,0,0,0,0,0,0,0,0,0,0,0,0,0,0,0,0,0,0,0,0,0,0,0,0,0,1,0,0,0,0,0,0,0,0,0,0,0,20.550275,0.583333,0.136364,0.382248,0.30491,0.844176,0.838583,0.980315,0.673228,0.824341,1,0,0,0,0,0,0,0,0,0,0,0,0,0,0,0,0,0,0,0,0,0,0,0,0,0,0,0,0,0,0,0,1,0,0,0,0,0,0,0,0,0,0,0,2
java.lang.NumberFormatException: multiple points
thread is open, sizeMB2000
thread is open, sizeMB2000
thread is open, sizeMB2000
print extradionario!!!!
0.55978,0.663889,0.19697,0.34640.548274,0.508333,0.136364,0.167502,0.24677,0.564142,0.877953,0.968504,0.61811,0.301269,1,0,0,0,0,0,0,0,0,0,0,0,0,0,0,1,0,0,0,0,0,0,0,0,0,0,0,0,0,0,0,0,0,0,0,0,0,0,0,0,0,0,0,0,10.548774,0.519444,0.151515,0.154617,0.248062,0.559927,0.874016,0.976378,0.625984,0.301408,1,0,0,0,0,0,0,0,0,0,0,0,0,0,0,1,0,0,0,0,0,0,0,0,0,0,0,0,0,0,0,0,0,0,0,0,0,0,0,0,0,0,0,0,1
java.lang.NumberFormatException: multiple points
thread is open, sizeMB2000
print extradionario!!!!
0.462231,0.502778,0.151515,0.09592,0.26615,0.359843,0.877953,0.972441,0.610.553777,0.086111,0.166667,0.184681,0.25969,0.573837,0.854331,0.846457,0.519685,0.242716,1,0,0,0,0,0,0,0,0,0,0,0,0,0,0,1,0,0,0,0,0,0,0,0,0,0,0,0,0,0,0,0,0,0,0,0,0,0,0,0,0,0,0,0,20.552276,0.113889,0.136364,0.173228,0.258398,0.569622,0.870079,0.866142,0.523622,0.242855,1,0,0,0,0,0,0,0,0,0,0,0,0,0,0,1,0,0,0,0,0,0,0,0,0,0,0,0,0,0,0,0,0,0,0,0,0,0,0,0,0,0,0,0,2
java.lang.NumberFormatException: multiple points
thread is open, sizeMB2000
print extradionario!!!!
0.569285,0.094444,0.318182,0.258411,0.282946,0.641141,0.80.538769,0.547222,0.166667,0.10952,0.249354,0.723338,0.854331,0.984252,0.653543,0.249268,1,0,0,0,0,0,0,0,0,0,0,0,0,0,0,0,0,0,0,0,0,0,0,0,0,0,0,0,0,0,0,0,1,0,0,0,0,0,0,0,0,0,0,0,20.538769,0.619444,0.166667,0.115963,0.249354,0.726711,0.811024,0.988189,0.708661,0.245504,1,0,0,0,0,0,0,0,0,0,0,0,0,0,0,0,0,0,0,0,0,0,0,0,0,0,0,0,0,0,0,0,1,0,0,0,0,0,0,0,0,0,0,0,2
java.lang.NumberFormatException: multiple points
thread is open, sizeMB2000
print extradionario!!!!
0.602801,0.261111,0.15150.470735,0.080556,0.181818,0.128848,0.244186,0.333989,0.850394,0.838583,0.519685,0.184163,1,0,0,0,0,0,0,0,0,0,0,0,0,0,0,1,0,0,0,0,0,0,0,0,0,0,0,0,0,0,0,0,0,0,0,0,0,0,0,0,0,0,0,0,20.468234,0.138889,0.19697,0.128848,0.237726,0.329774,0.885827,0.834646,0.468504,0.180956,1,0,0,0,0,0,0,0,0,0,0,0,0,0,0,1,0,0,0,0,0,0,0,0,0,0,0,0,0,0,0,0,0,0,0,0,0,0,0,0,0,0,0,0,2
java.lang.NumberFormatException: multiple points
print extradionario!!!!
0.501751,0.258333,0.242424,0.27917,0.290698,0.379373,0.96063,0.838583,0.370079,0.24360.547274,0.911111,0.151515,0.167502,0.263566,0.51946,0.767717,0.897638,0.677165,0.334727,1,0,0,0,0,0,0,0,0,0,0,0,0,0,0,0,0,0,0,0,0,0,0,0,0,0,0,0,0,0,0,0,1,0,0,0,0,0,0,0,0,0,0,0,20.547774,0.966667,0.121212,0.184681,0.267442,0.51665,0.807087,0.893701,0.629921,0.33891,1,0,0,0,0,0,0,0,0,0,0,0,0,0,0,0,0,0,0,0,0,0,0,0,0,0,0,0,0,0,0,0,1,0,0,0,0,0,0,0,0,0,0,0,2
java.lang.NumberFormatException: multiple points
thread is open, sizeMB2000
thread is open, sizeMB2000
print extradionario!!!!
0.582791,0.208333,0.075758,0.1768070.67934,0.925,0.166667,0.2398,0.324289,0.673177,0.767717,0.889764,0.669291,0.450997,1,0,0,0,0,0,0,0,0,0,0,0,0,0,0,0,0,0,0,0,0,0,0,0,0,0,0,0,0,0,0,0,1,0,0,0,0,0,0,0,0,0,0,0,10.678839,0.083333,0.227273,0.259127,0.322997,0.676971,0.84252,0.811024,0.488189,0.449324,1,0,0,0,0,0,0,0,0,0,0,0,0,0,0,0,0,0,0,0,0,0,0,0,0,0,0,0,0,0,0,0,1,0,0,0,0,0,0,0,0,0,0,0,1
java.lang.NumberFormatException: multiple points
thread is open, sizeMB2000
thread is open, sizeMB2000
print extradionario!!!!
0.678339,0.013889,0.121212,0.214746,0.267442,0.805958,0.826772,0.885820.658329,0.830556,0.090909,0.214746,0.264858,0.609526,0.795276,0.937008,0.688976,0.118918,1,0,0,0,0,0,0,0,0,0,0,0,0,0,0,0,0,0,0,0,0,0,0,0,0,0,0,0,0,0,0,0,1,0,0,0,0,0,0,0,0,0,0,0,10.658829,0.05,0.060606,0.231926,0.26615,0.605311,0.854331,0.909449,0.598425,0.114875,1,0,0,0,0,0,0,0,0,0,0,0,0,0,0,0,0,0,0,0,0,0,0,0,0,0,0,0,0,0,0,0,1,0,0,0,0,0,0,0,0,0,0,0,1
java.lang.NumberFormatException: multiple points
thread is open, sizeMB2000
print extradionario!!!!
0.6008,0.033333,0.090909,0.287750.698349,0.344444,0.287879,0.021475,0.223514,0.84263,0.976378,0.877953,0.374016,0.050467,1,0,0,0,0,0,0,0,0,0,0,0,0,0,0,0,0,0,0,0,0,0,0,0,0,0,0,0,0,0,0,0,0,0,0,0,0,0,0,0,0,1,0,0,10.698349,0.375,0.090909,0,0.223514,0.846846,0.905512,0.933071,0.555118,0.046703,1,0,0,0,0,0,0,0,0,0,0,0,0,0,0,0,0,0,0,0,0,0,0,0,0,0,0,0,0,0,0,0,0,0,0,0,0,0,0,0,0,1,0,0,1
java.lang.NumberFormatException: multiple points
thread is open, sizeMB2000
print extradionario!!!!
0.361681,0.2470.421711,0.958333,0.409091,0.154617,0.413437,0.243642,0.622047,0.73622,0.633858,0.204238,0,0,1,0,0,0,0,0,0,0,0,0,0,0,0,0,1,0,0,0,0,0,0,0,0,0,0,0,0,0,0,0,0,0,0,0,0,0,0,0,0,0,0,0,60.422711,0.955556,0.378788,0.150322,0.281654,0.24027,0.633858,0.755906,0.641732,0.208142,0,0,1,0,0,0,0,0,0,0,0,0,0,0,0,0,1,0,0,0,0,0,0,0,0,0,0,0,0,0,0,0,0,0,0,0,0,0,0,0,0,0,0,0,6
java.lang.NumberFormatException: multiple points
thread is open, sizeMB2000
thread is open, sizeMB2000
thread is open, sizeMB2000
print extradionario!!!!
0.643322,0.577778,0.439394,0.130279,0.191214,0.289167,0.73622,0.9880.583792,0.422222,0.333333,0.224052,0.360465,0.164817,0.948819,0.925197,0.440945,0.43371,1,0,0,0,0,0,0,0,0,0,0,0,0,0,0,0,0,0,0,0,0,0,0,0,0,0,0,0,0,0,0,0,1,0,0,0,0,0,0,0,0,0,0,0,10.581291,0.425,0.333333,0.219041,0.354005,0.160742,0.944882,0.925197,0.440945,0.429527,1,0,0,0,0,0,0,0,0,0,0,0,0,0,0,0,0,0,0,0,0,0,0,0,0,0,0,0,0,0,0,0,1,0,0,0,0,0,0,0,0,0,0,0,1
java.lang.NumberFormatException: multiple points
thread is open, sizeMB2000
print extradionario!!!!
0.173087,0.113889,0.393939,0.121689,0.241602,0.069552,0.834646,0.677165,0.310.692346,0.497222,0.181818,0.107373,0.250646,0.492764,0.885827,0.972441,0.602362,0.553743,1,0,0,0,0,0,0,0,0,0,0,0,0,0,0,0,0,0,0,0,0,0,0,0,0,0,0,0,0,0,0,0,0,0,0,0,0,0,0,0,0,0,1,0,10.692346,0.472222,0.19697,0.09592,0.25323,0.488689,0.901575,0.964567,0.574803,0.555834,1,0,0,0,0,0,0,0,0,0,0,0,0,0,0,0,0,0,0,0,0,0,0,0,0,0,0,0,0,0,0,0,0,0,0,0,0,0,0,0,0,0,1,0,1
java.lang.NumberFormatException: multiple points
thread is open, sizeMB2000
thread is open, sizeMB2000
learning evaluation instances,Wall Time (Actual Time),Avg Delay (ms),outRate (inst/s),classified instances,classifications correct (percent),Kappa Statistic (percent),Kappa Temporal Statistic (percent),Kappa M Statistic (percent),F1 Score (percent),F1 Score for class 0 (percent),F1 Score for class 1 (percent),F1 Score for class 2 (percent),F1 Score for class 3 (percent),F1 Score for class 4 (percent),F1 Score for class 5 (percent),F1 Score for class 6 (percent),Precision (percent),Precision for class 0 (percent),Precision for class 1 (percent),Precision for class 2 (percent),Precision for class 3 (percent),Precision for class 4 (percent),Precision for class 5 (percent),Precision for class 6 (percent),Recall (percent),Recall for class 0 (percent),Recall for class 1 (percent),Recall for class 2 (percent),Recall for class 3 (percent),Recall for class 4 (percent),Recall for class 5 (percent),Recall for class 6 (percent),model training instances,model serialized size (bytes)
131001.0,120.76399993896484,1708.0,1084.7686767578125,131000.0,90.09847328244275,82.60698822423598,-69.3784277879343,76.81348539558829,70.9158047626551,?,86.78056062365233,93.16680429397192,90.18748478207938,72.2077922077922,76.12951807228916,75.1491646778043,74.06035820508379,0.0,91.63674577458622,90.31305892211674,85.99953563965637,75.44097693351425,84.35544430538174,90.67674586033118,68.02740643111979,0.0,82.41316846499173,96.20678169342483,94.80419759406195,69.24034869240349,69.36535162950257,64.16199694345389,0.0,1.0
