Connected!
[newChuckSize]:0
thread is open, sizeMB2000
[newChuckSize]:2000
print extradionario!!!!
0.568284,0.647222,0.212121,0.456693,0.3380.515758,0.875,0.106061,0.24481,0.341085,0.224111,0.791339,0.92126,0.677165,0.26056,0,0,1,0,0,0,0,0,0,0,0,0,0,0,0,0,1,0,0,0,0,0,0,0,0,0,0,0,0,0,0,0,0,0,0,0,0,0,0,0,0,0,0,0,20.116558,0.75,0.439394,0.107373,0.339793,0.037937,0.515748,0.92126,0.925197,0.01185,0,0,0,1,0,0,0,0,1,0,0,0,0,0,0,0,0,0,0,0,0,0,0,0,0,0,0,0,0,0,0,0,0,0,0,0,0,0,0,0,0,0,0,0,3
java.lang.NumberFormatException: multiple points
print extradionario!!!!
0.108054,0.636111,0.30303,0,0.223514,0.10.269135,0.988889,0.227273,0.151754,0.228682,0.160461,0.76378,0.834646,0.606299,0.020912,0,0,0,1,0,0,0,0,0,0,0,0,0,1,0,0,0,0,0,0,0,0,0,0,0,0,0,0,0,0,0,0,0,0,0,0,0,0,0,0,0,0,0,0,60.305153,0.338889,0.272727,0.125268,0.284238,0.109878,0.976378,0.874016,0.374016,0.029276,0,0,0,1,0,1,0,0,0,0,0,0,0,0,0,0,0,0,0,0,0,0,0,0,0,0,0,0,0,0,0,0,0,0,0,0,0,0,0,0,0,0,0,0,3
java.lang.NumberFormatException: multiple points
thread is open, sizeMB2000
thread is open, sizeMB2000
thread is open, sizeMB2000
thread is open, sizeMB2000
thread is open, sizeMB2000
print extradionario!!!!
0.335668,0.355556,0.212121,0.242663,0.320413,0.050724,0.956693,0.905512,0.4440.577789,0.241667,0.227273,0.355762,0.320413,0.205564,0.948819,0.846457,0.393701,0.316465,0,0,1,0,0,0,0,0,0,0,0,0,0,0,0,0,0,0,0,0,0,0,0,0,0,0,1,0,0,0,0,0,0,0,0,0,0,0,0,0,0,0,0,0,20.673337,0.433333,0.166667,0.085898,0.24677,0.321062,0.917323,0.948819,0.547244,0.224453,0,0,1,0,0,0,0,0,0,0,0,0,0,0,0,0,0,0,0,0,0,0,0,0,0,0,0,0,0,0,1,0,0,0,0,0,0,0,0,0,0,0,0,0,1
java.lang.NumberFormatException: multiple points
thread is open, sizeMB500
[newChuckSize]:500
thread is open, sizeMB2000
print extradionario!!!!
0.582791,0.625,0.0151520.535268,0.375,0.090909,0.060845,0.22739,0.673879,0.905512,0.933071,0.555118,0.873832,1,0,0,0,0,0,0,0,0,0,0,0,0,0,0,0,0,0,0,0,0,0,0,0,0,0,0,0,0,0,0,0,1,0,0,0,0,0,0,0,0,0,0,0,20.536768,0.3,0.121212,0.042949,0.24031,0.670788,0.917323,0.913386,0.511811,0.869929,1,0,0,0,0,0,0,0,0,0,0,0,0,0,0,0,0,0,0,0,0,0,0,1,0,0,0,0,0,0,0,0,0,0,0,0,0,0,0,0,0,0,0,0,2
java.lang.NumberFormatException: multiple points
print extradionario!!!!
0.531766,0.2222220.428214,0.047222,0.287879,0.021475,0.229974,0.24027,0.791339,0.779528,0.507874,0.463823,1,0,0,0,0,0,0,0,0,0,0,0,0,0,0,0,0,0,0,0,0,0,0,1,0,0,0,0,0,0,0,0,0,0,0,0,0,0,0,0,0,0,0,0,20.426713,0.016667,0.287879,0.021475,0.231266,0.236336,0.76378,0.787402,0.551181,0.460477,1,0,0,0,0,0,0,0,0,0,0,0,0,0,0,0,0,0,0,0,0,0,0,1,0,0,0,0,0,0,0,0,0,0,0,0,0,0,0,0,0,0,0,0,2
java.lang.NumberFormatException: multiple points
[newChuckSize]:2000
thread is open, sizeMB2000
print extradionario!!!!
0.475738,0.10.545273,0.172222,0.060606,0.107373,0.25323,0.625966,0.877953,0.913386,0.570866,0.781821,1,0,0,0,0,0,0,0,0,0,0,0,0,0,0,0,0,0,0,0,0,0,0,0,0,0,0,0,0,0,0,0,1,0,0,0,0,0,0,0,0,0,0,0,20.545273,0.175,0.106061,0.121689,0.262274,0.628917,0.893701,0.885827,0.519685,0.784191,1,0,0,0,0,0,0,0,0,0,0,0,0,0,0,0,0,0,0,0,0,0,0,0,0,0,0,0,0,0,0,0,1,0,0,0,0,0,0,0,0,0,0,0,2
java.lang.NumberFormatException: multiple points
print extradionario!!!!
0.530765,0.375,0.166667,0.250537,0.338501,0.402276,0.937000.337669,0.4,0.060606,0.021475,0.222222,0.106084,0.889764,0.940945,0.582677,0.03792,1,0,0,0,0,0,0,0,0,0,0,0,0,0,0,0,0,0,0,0,0,0,0,0,0,0,0,0,0,0,0,0,0,1,0,0,0,0,0,0,0,0,0,0,20.338669,0.244444,0.075758,0,0.223514,0.102009,0.897638,0.909449,0.53937,0.037641,1,0,0,0,0,0,0,0,0,0,0,0,0,0,0,0,0,0,0,0,0,0,0,0,0,0,0,0,0,0,0,0,0,1,0,0,0,0,0,0,0,0,0,0,2
java.lang.NumberFormatException: multiple points
thread is open, sizeMB2000
thread is open, sizeMB2000
print extradionario!!!!
0.522761,0.077778,0.060606,0.34932,0.276486,0.540.558279,0.175,0.060606,0.312813,0.29845,0.764648,0.88189,0.909449,0.562992,0.367907,1,0,0,0,0,0,0,0,0,0,0,0,0,0,0,0,0,0,0,0,0,0,0,0,0,0,0,0,0,0,0,0,0,1,0,0,0,0,0,0,0,0,0,0,20.558279,0.15,0.136364,0.292054,0.29845,0.760433,0.885827,0.870079,0.511811,0.365816,1,0,0,0,0,0,0,0,0,0,0,0,0,0,0,0,0,0,0,0,0,0,0,0,0,0,0,0,0,0,0,0,0,1,0,0,0,0,0,0,0,0,0,0,2
java.lang.NumberFormatException: multiple points
thread is open, sizeMB2000
thread is open, sizeMB2000
print extradionario!!!!
0.426713,0.966667,0.121212,0.182534,0.20.523262,0.588889,0.19697,0.042949,0.231266,0.454405,0.822835,0.992126,0.69685,0.203959,1,0,0,0,0,0,0,0,0,0,0,0,0,0,0,0,0,0,0,0,0,0,0,0,0,0,0,0,0,0,0,0,1,0,0,0,0,0,0,0,0,0,0,0,20.525763,0.580556,0.19697,0.042949,0.239018,0.451735,0.822835,0.992126,0.692913,0.207723,1,0,0,0,0,0,0,0,0,0,0,0,0,0,0,0,0,0,0,0,0,0,0,0,0,0,0,0,0,0,0,0,1,0,0,0,0,0,0,0,0,0,0,0,1
java.lang.NumberFormatException: multiple points
thread is open, sizeMB2000
print extradionario!!!!
0.0.568284,0.497222,0.151515,0.151754,0.271318,0.551496,0.88189,0.968504,0.606299,0.181514,1,0,0,0,0,0,0,0,0,0,0,0,0,0,0,0,0,0,0,0,0,0,0,0,0,0,0,0,0,0,0,0,0,1,0,0,0,0,0,0,0,0,0,0,2
java.lang.NumberFormatException: multiple points
print extradionario!!!!
0.56020.585793,0.2,0.136364,0.259127,0.299742,0.631867,0.909449,0.877953,0.492126,0.113063,1,0,0,0,0,0,0,0,0,0,0,0,0,0,0,0,0,0,0,0,0,0,0,0,0,0,0,0,0,0,0,0,0,1,0,0,0,0,0,0,0,0,0,0,1
java.lang.NumberFormatException: multiple points
thread is open, sizeMB2000
thread is open, sizeMB2000
thread is open, sizeMB2000
print extradionario!!!!
0.684842,0.738889,0.318182,0.387258,0.378553,0.838556,0.6377950.674337,0.211111,0.060606,0.202577,0.244186,0.809751,0.885827,0.913386,0.562992,0.431758,1,0,0,0,0,0,0,0,0,0,0,0,0,0,0,0,0,0,0,0,0,0,0,0,0,0,0,0,0,0,0,0,1,0,0,0,0,0,0,0,0,0,0,0,20.673337,0.238889,0.106061,0.184681,0.241602,0.805677,0.905512,0.901575,0.519685,0.432455,1,0,0,0,0,0,0,0,0,0,0,0,0,0,0,0,0,0,0,0,0,0,1,0,0,0,0,0,0,0,0,0,0,0,0,0,0,0,0,0,0,0,0,0,2
java.lang.NumberFormatException: multiple points
thread is open, sizeMB2000
print extradionario!!!!
0.710855,0.775,0.045455,0.0.592796,0.2,0.090909,0.286328,0.306202,0.186736,0.893701,0.897638,0.535433,0.348808,1,0,0,0,0,0,0,0,0,0,0,0,0,0,0,0,0,0,0,0,0,0,0,0,0,0,0,0,0,0,0,0,1,0,0,0,0,0,0,0,0,0,0,0,20.590795,0.225,0.106061,0.265569,0.301034,0.182942,0.905512,0.893701,0.507874,0.345602,1,0,0,0,0,0,0,0,0,0,0,0,0,0,0,0,0,0,0,0,0,0,0,0,0,0,0,0,0,0,0,0,1,0,0,0,0,0,0,0,0,0,0,0,2
java.lang.NumberFormatException: multiple points
thread is open, sizeMB2000
print extradionario!!!!
0.65933,0.088889,0.090909,0.068003,0.242894,0.545033,0.862205,0.890.682841,0.575,0.19697,0.064424,0.254522,0.385275,0.826772,0.992126,0.685039,0.359682,1,0,0,0,0,0,0,0,0,0,0,0,0,0,0,0,0,0,0,0,0,0,0,0,0,0,0,0,0,0,0,0,1,0,0,0,0,0,0,0,0,0,0,0,70.684842,0.608333,0.19697,0.068003,0.262274,0.3812,0.807087,0.992126,0.716535,0.363864,1,0,0,0,0,0,0,0,0,0,0,0,0,0,0,0,0,0,0,0,0,0,0,0,0,0,0,0,0,0,0,0,1,0,0,0,0,0,0,0,0,0,0,0,7
java.lang.NumberFormatException: multiple points
thread is open, sizeMB2000
thread is open, sizeMB2000
thread is open, sizeMB2000
thread is open, sizeMB2000
print extradionario!!!!
0.0.542271,0.075,0.257576,0.269148,0.307494,0.06913,0.830709,0.787402,0.476378,0.088666,0,0,1,0,0,0,0,0,0,0,0,0,0,0,0,0,0,0,0,0,0,0,0,0,0,0,0,0,0,0,0,0,0,0,1,0,0,0,0,0,0,0,0,0,2
java.lang.NumberFormatException: multiple points
thread is open, sizeMB2000
learning evaluation instances,Wall Time (Actual Time),Avg Delay (ms),outRate (inst/s),classified instances,classifications correct (percent),Kappa Statistic (percent),Kappa Temporal Statistic (percent),Kappa M Statistic (percent),F1 Score (percent),F1 Score for class 0 (percent),F1 Score for class 1 (percent),F1 Score for class 2 (percent),F1 Score for class 3 (percent),F1 Score for class 4 (percent),F1 Score for class 5 (percent),F1 Score for class 6 (percent),Precision (percent),Precision for class 0 (percent),Precision for class 1 (percent),Precision for class 2 (percent),Precision for class 3 (percent),Precision for class 4 (percent),Precision for class 5 (percent),Precision for class 6 (percent),Recall (percent),Recall for class 0 (percent),Recall for class 1 (percent),Recall for class 2 (percent),Recall for class 3 (percent),Recall for class 4 (percent),Recall for class 5 (percent),Recall for class 6 (percent),model training instances,model serialized size (bytes)
108001.0,120.10900115966797,2116.0,899.1915893554688,108000.0,89.74351851851851,81.68368480429329,-35.864099104624174,75.11625294844434,70.9433186753795,?,86.24835952186713,93.15279461433484,87.46040618595119,80.74162679425837,74.17433676231727,73.07906976744187,72.64745932608704,0.0,91.91457191457192,90.25647844458233,85.71950328707085,77.49712973593572,81.51527171757239,81.62926018287614,69.31729592282882,0.0,81.24018576058268,96.24115821478647,89.2734880182579,84.26966292134831,68.04635761589404,66.1502189289323,0.0,1.0
