Connected!
[newChuckSize]:0
thread is open, sizeMB500
[newChuckSize]:500
print extradionario!!!!
0.536768,0.05,0.00.493747,0.75,0.227273,0.04796,0.242894,0.266685,0.700787,0.96063,0.80315,0.190715,0,0,1,0,0,0,0,0,0,0,0,0,0,0,0,0,0,0,0,0,0,0,0,0,0,0,1,0,0,0,0,0,0,0,0,0,0,0,0,0,0,0,0,0,50.511756,0.55,0.060606,0,0.223514,0.280455,0.858268,0.956693,0.633858,0.204238,0,0,1,0,0,0,0,0,0,0,0,0,0,0,0,0,0,0,0,0,0,0,0,0,0,0,1,0,0,0,0,0,0,0,0,0,0,0,0,0,0,0,0,0,5
java.lang.NumberFormatException: multiple points
thread is open, sizeMB250
[newChuckSize]:250
thread is open, sizeMB250
thread is open, sizeMB250
thread is open, sizeMB250
print extradionario!!!!
0.431216,0.152778,0.060606,0,0.223514,0.343684,0.8740.445223,0.225,0.151515,0.09592,0.241602,0.374175,0.917323,0.877953,0.476378,0.923184,1,0,0,0,0,0,0,0,0,0,0,0,0,0,0,1,0,0,0,0,0,0,0,0,0,0,0,0,0,0,0,0,0,0,0,0,0,0,0,0,0,0,0,0,20.444222,0.875,0.030303,0.060845,0.239018,0.366447,0.84252,0.933071,0.633858,0.91705,1,0,0,0,0,0,0,0,0,0,0,0,0,0,0,1,0,0,0,0,0,0,0,0,0,0,0,0,0,0,0,0,0,0,0,0,0,0,0,0,0,0,0,0,2
java.lang.NumberFormatException: multiple points
thread is open, sizeMB250
print extradionario!!!!
0.617309,0.483333,0.19697,0.04796,0.22739,0.74034,0.89370.486243,0.230556,0.166667,0.060845,0.232558,0.762821,0.925197,0.870079,0.456693,0.635438,1,0,0,0,0,0,0,0,0,0,0,0,0,0,0,0,0,0,0,0,0,0,0,0,0,0,0,0,0,0,0,0,1,0,0,0,0,0,0,0,0,0,0,0,10.484242,0.208333,0.106061,0.042949,0.22739,0.758747,0.897638,0.897638,0.523622,0.639203,1,0,0,0,0,0,0,0,0,0,0,0,0,0,0,0,0,0,0,0,0,0,0,0,0,0,0,0,0,0,0,0,1,0,0,0,0,0,0,0,0,0,0,0,1
java.lang.NumberFormatException: multiple points
thread is open, sizeMB250
thread is open, sizeMB250
print extradionario!!!!
0.40.452726,0.102778,0.212121,0.287759,0.321705,0.224392,0.862205,0.818898,0.480315,0.129653,1,0,0,0,0,0,0,0,0,0,0,0,0,0,0,0,0,0,0,0,0,0,0,0,0,0,0,0,0,0,0,0,1,0,0,0,0,0,0,0,0,0,0,0,2
java.lang.NumberFormatException: multiple points
thread is open, sizeMB250
print extradionario!!!!
0.466233,0.119444,0.136364,0.068003,0.244186,0.451310.548774,0.088889,0.090909,0.021475,0.228682,0.695799,0.862205,0.889764,0.566929,0.5734,1,0,0,0,0,0,0,0,0,0,0,0,0,0,0,0,0,0,0,0,0,0,0,0,0,0,0,0,0,0,0,0,1,0,0,0,0,0,0,0,0,0,0,0,10.549775,0.908333,0.242424,0,0.223514,0.688914,0.708661,0.866142,0.708661,0.57117,1,0,0,0,0,0,0,0,0,0,0,0,0,0,0,0,0,0,0,0,0,0,0,1,0,0,0,0,0,0,0,0,0,0,0,0,0,0,0,0,0,0,0,0,1
java.lang.NumberFormatException: multiple points
print extradionario!!!!
0.373687,0.1333330.548274,0.955556,0.136364,0.391553,0.236434,0.502037,0.799213,0.889764,0.637795,0.808867,1,0,0,0,0,0,0,0,0,0,0,0,0,0,0,0,0,0,0,0,0,0,0,0,0,0,0,0,0,0,0,0,1,0,0,0,0,0,0,0,0,0,0,0,10.548274,0.025,0.151515,0.370795,0.275194,0.505972,0.822835,0.870079,0.586614,0.805521,1,0,0,0,0,0,0,0,0,0,0,0,0,0,0,0,0,0,0,0,0,0,0,0,0,0,0,0,0,0,0,0,1,0,0,0,0,0,0,0,0,0,0,0,2
java.lang.NumberFormatException: multiple points
thread is open, sizeMB250
print extradionario!!!!
0.529765,0.227778,0.181818,0.10.468234,0.961111,0.227273,0.136006,0.275194,0.394689,0.751969,0.850394,0.641732,0.385892,1,0,0,0,0,0,0,0,0,0,0,0,0,0,0,0,0,0,0,0,0,0,0,0,0,0,0,0,0,0,0,0,1,0,0,0,0,0,0,0,0,0,0,0,10.468734,0.994444,0.19697,0.14388,0.27907,0.390614,0.783465,0.846457,0.602362,0.382267,1,0,0,0,0,0,0,0,0,0,0,0,0,0,0,0,0,0,0,0,0,0,0,0,0,0,0,0,0,0,0,0,1,0,0,0,0,0,0,0,0,0,0,0,1
java.lang.NumberFormatException: multiple points
thread is open, sizeMB250
print extradionario!!!!
0.582791,0.9,0.060606,0.303508,0.312661,0.6983280.481241,0.372222,0.318182,0.154617,0.250646,0.46972,0.976378,0.889764,0.377953,0.235466,1,0,0,0,0,0,0,0,0,0,0,0,0,0,0,1,0,0,0,0,0,0,0,0,0,0,0,0,0,0,0,0,0,0,0,0,0,0,0,0,0,0,0,0,20.477239,0.372222,0.333333,0.14388,0.260982,0.465786,0.976378,0.885827,0.366142,0.237836,1,0,0,0,0,0,0,0,0,0,0,0,0,0,0,1,0,0,0,0,0,0,0,0,0,0,0,0,0,0,0,0,0,0,0,0,0,0,0,0,0,0,0,0,2
java.lang.NumberFormatException: multiple points
thread is open, sizeMB250
thread is open, sizeMB250
print extradionario!!!!
0.548774,0.45,0.348485,0.211167,0.359173,0.772095,0.925197,0.940945,0.48030.44072,0.858333,0.19697,0.060845,0.249354,0.199803,0.728346,0.909449,0.732283,0.269343,1,0,0,0,0,0,0,0,0,0,0,0,0,0,0,1,0,0,0,0,0,0,0,0,0,0,0,0,0,0,0,0,0,0,0,0,0,0,0,0,0,0,0,0,10.441721,0.013889,0.121212,0.068003,0.251938,0.19615,0.826772,0.88189,0.598425,0.265579,1,0,0,0,0,0,0,0,0,0,0,0,0,0,0,1,0,0,0,0,0,0,0,0,0,0,0,0,0,0,0,0,0,0,0,0,0,0,0,0,0,0,0,0,1
java.lang.NumberFormatException: multiple points
print extradionario!!!!
0.585793,0.886111,0.20.57979,0.408333,0.30303,0.115963,0.299742,0.579458,0.956693,0.917323,0.429134,0.297644,1,0,0,0,0,0,0,0,0,0,0,0,0,0,0,0,0,0,0,0,0,0,0,0,0,0,0,0,0,0,0,0,0,1,0,0,0,0,0,0,0,0,0,0,20.574787,0.383333,0.318182,0.10952,0.29199,0.583392,0.972441,0.893701,0.385827,0.29374,1,0,0,0,0,0,0,0,0,0,0,0,0,0,0,0,0,0,0,0,0,0,0,0,0,0,0,0,0,0,0,0,0,1,0,0,0,0,0,0,0,0,0,0,2
java.lang.NumberFormatException: multiple points
thread is open, sizeMB250
thread is open, sizeMB250
thread is open, sizeMB250
print extradionario!!!!
0.611306,0.352778,0.181818,0.182534,0.302326,0.676409,0.944882,0.913380.654827,0.766667,0.272727,0.471725,0.382429,0.857103,0.665354,0.948819,0.830709,0.221665,1,0,0,0,0,0,0,0,0,0,0,0,0,0,0,0,0,0,0,0,0,0,0,0,0,0,0,0,0,0,0,0,0,1,0,0,0,0,0,0,0,0,0,0,20.65983,0.772222,0.272727,0.482462,0.392765,0.860475,0.661417,0.944882,0.826772,0.219434,1,0,0,0,0,0,0,0,0,0,0,0,0,0,0,0,0,0,0,0,0,0,0,0,0,0,0,0,0,0,0,0,0,1,0,0,0,0,0,0,0,0,0,0,2
java.lang.NumberFormatException: multiple points
print extradionario!!!!
0.562281,0.3,0.090909,0.261274,0.280362,0.358016,0.909449,0.917323,0.5350.682341,0.022222,0.181818,0.440945,0.290698,0.578334,0.811024,0.850394,0.57874,0.49059,1,0,0,0,0,0,0,0,0,0,0,0,0,0,0,0,0,0,0,0,0,0,0,0,0,0,1,0,0,0,0,0,0,0,0,0,0,0,0,0,0,0,0,0,10.682341,0,0.181818,0.456693,0.294574,0.581284,0.795276,0.854331,0.598425,0.487244,1,0,0,0,0,0,0,0,0,0,0,0,0,0,0,0,0,0,0,0,0,0,0,0,0,0,0,0,0,0,0,0,1,0,0,0,0,0,0,0,0,0,0,0,1
java.lang.NumberFormatException: multiple points
thread is open, sizeMB250
print extradionario!!!!
0.6523260.708854,0.208333,0.272727,0.367931,0.211886,0.581003,0.940945,0.799213,0.346457,0.3555,1,0,0,0,0,0,0,0,0,0,0,0,0,0,0,0,0,0,0,0,0,0,0,0,0,0,0,0,0,0,0,0,1,0,0,0,0,0,0,0,0,0,0,0,1
java.lang.NumberFormatException: multiple points
thread is open, sizeMB250
thread is open, sizeMB250
print extradionario!!!!
0.0.657829,0.05,0.090909,0.030064,0.228682,0.534073,0.850394,0.893701,0.586614,0.218319,1,0,0,0,0,0,0,0,0,0,0,0,0,0,0,0,0,0,0,0,0,0,0,0,0,0,1,0,0,0,0,0,0,0,0,0,0,0,0,0,0,0,0,0,1
java.lang.NumberFormatException: multiple points
thread is open, sizeMB250
print extradionario!!!!
0.713357,0.280556,0.121212,0.0214750.687844,0.925,0.166667,0.021475,0.231266,0.635099,0.771654,0.889764,0.669291,0.065523,1,0,0,0,0,0,0,0,0,0,0,0,0,0,0,0,0,0,0,0,0,0,0,0,0,0,0,0,0,0,0,0,0,0,0,0,0,0,0,0,0,1,0,0,10.689345,0.905556,0.181818,0.042949,0.235142,0.632148,0.748031,0.889764,0.692913,0.069288,1,0,0,0,0,0,0,0,0,0,0,0,0,0,0,0,0,0,0,0,0,0,0,0,0,0,0,0,0,0,0,0,0,0,0,0,0,0,0,0,0,1,0,0,1
java.lang.NumberFormatException: multiple points
thread is open, sizeMB250
thread is open, sizeMB250
thread is open, sizeMB250
print extradionario!!!!
0.370685,0.919444,0.181818,0.00.147074,0.197222,0.575758,0.212598,0.476744,0.047632,0.909449,0.551181,0,0.026767,0,0,0,1,1,0,0,0,0,0,0,0,0,0,0,0,0,0,0,0,0,0,0,0,0,0,0,0,0,0,0,0,0,0,0,0,0,0,0,0,0,0,0,0,30.134567,0.175,0.575758,0.198282,0.444444,0.044822,0.877953,0.53937,0,0.024397,0,0,0,1,1,0,0,0,0,0,0,0,0,0,0,0,0,0,0,0,0,0,0,0,0,0,0,0,0,0,0,0,0,0,0,0,0,0,0,0,0,0,0,0,3
java.lang.NumberFormatException: multiple points
thread is open, sizeMB250
print extradionario!!!!
0.111056,0.900.730365,0.280556,0.242424,0.107373,0.319121,0.353239,0.964567,0.854331,0.38189,0.41238,1,0,0,0,0,0,0,0,0,0,0,0,0,0,0,0,0,0,0,0,0,0,0,0,0,0,0,0,0,0,0,0,1,0,0,0,0,0,0,0,0,0,0,0,20.724362,0.266667,0.363636,0.088762,0.299742,0.349304,0.984252,0.775591,0.23622,0.414053,1,0,0,0,0,0,0,0,0,0,0,0,0,0,0,0,0,0,0,0,0,0,0,0,0,0,0,0,0,0,0,0,1,0,0,0,0,0,0,0,0,0,0,0,2
java.lang.NumberFormatException: multiple points
learning evaluation instances,Wall Time (Actual Time),Avg Delay (ms),outRate (inst/s),classified instances,classifications correct (percent),Kappa Statistic (percent),Kappa Temporal Statistic (percent),Kappa M Statistic (percent),F1 Score (percent),F1 Score for class 0 (percent),F1 Score for class 1 (percent),F1 Score for class 2 (percent),F1 Score for class 3 (percent),F1 Score for class 4 (percent),F1 Score for class 5 (percent),F1 Score for class 6 (percent),Precision (percent),Precision for class 0 (percent),Precision for class 1 (percent),Precision for class 2 (percent),Precision for class 3 (percent),Precision for class 4 (percent),Precision for class 5 (percent),Precision for class 6 (percent),Recall (percent),Recall for class 0 (percent),Recall for class 1 (percent),Recall for class 2 (percent),Recall for class 3 (percent),Recall for class 4 (percent),Recall for class 5 (percent),Recall for class 6 (percent),model training instances,model serialized size (bytes),ensemble size,[avg] model training instances,[err] model training instances,[avg] model serialized size (bytes),[err] model serialized size (bytes),[avg] tree size (nodes),[err] tree size (nodes),[avg] tree size (leaves),[err] tree size (leaves),[avg] active learning leaves,[err] active learning leaves,[avg] tree depth,[err] tree depth,[avg] active leaf byte size estimate,[err] active leaf byte size estimate,[avg] inactive leaf byte size estimate,[err] inactive leaf byte size estimate,[avg] byte size estimate overhead,[err] byte size estimate overhead
154501.0,120.08000183105469,198.0,1286.6505126953125,154500.0,84.13203883495146,67.20762122018364,-195.97971749366144,54.353168987860286,63.428798750627,?,74.62114183212717,89.1367355529857,80.50820199421037,77.30769230769229,65.91415830546265,53.300882263462135,63.3695255211955,0.0,81.11233628270983,86.99048014808659,78.1943142767885,87.39130434782608,57.22235664166465,52.67588695129285,63.48818296731885,0.0,69.09190873270411,91.39157612739992,82.96320848525025,69.3103448275862,77.71935589878409,53.94088669950739,0.0,1.0,25.0,3571.24,2660.6406540530797,1.0,0.0,0.9599999999999999,0.19999999999999998,0.9599999999999999,0.19999999999999998,0.9599999999999999,0.19999999999999998,0.0,0.0,0.0,0.0,0.0,0.0,1.0,0.0
