Connected!
[newChuckSize]:0
thread is open, sizeMB500
[newChuckSize]:500
thread is open, sizeMB500
print extradionario!!!!
0.255628,0.952778,0.5,0.090909,0.299742,0.130111,0.53937,0.673228,0.633858,0.0.385193,0.088889,0.136364,0.23622,0.210594,0.125334,0.858268,0.870079,0.543307,0.107208,0,0,1,0,0,0,0,0,0,0,0,0,0,0,1,0,0,0,0,0,0,0,0,0,0,0,0,0,0,0,0,0,0,0,0,0,0,0,0,0,0,0,0,0,30.386193,0.927778,0.151515,0.3801,0.319121,0.098356,0.775591,0.893701,0.665354,0.12798,0,0,1,0,0,0,0,0,0,0,0,0,0,0,1,0,0,0,0,0,0,0,0,0,0,0,0,0,0,0,0,0,0,0,0,0,0,0,0,0,0,0,0,0,3
java.lang.NumberFormatException: multiple points
thread is open, sizeMB500
print extradionario!!!!
0.781891,0.25,0.136364,0.533286,0.483204,0.454686,0.925197,0.885820.682341,0.258333,0.151515,0,0.223514,0.569903,0.933071,0.88189,0.464567,0.46452,0,0,1,0,0,0,0,0,0,0,0,0,0,0,0,0,0,0,0,0,0,0,0,0,0,1,0,0,0,0,0,0,0,0,0,0,0,0,0,0,0,0,0,0,70.597799,0.586111,0.348485,0.346457,0.531008,0.212309,0.76378,1,0.732283,0.04503,0,0,1,0,0,0,0,0,0,0,0,0,0,0,0,0,1,0,0,0,0,0,0,0,0,0,0,0,0,0,0,0,0,0,0,0,0,0,0,0,0,0,0,0,2
java.lang.NumberFormatException: multiple points
thread is open, sizeMB500
thread is open, sizeMB500
thread is open, sizeMB500
print extradionario!!!!
0.458229,0.375,0.015152,0.30995,0.275194,0.390895,0.866142,0.937008,0.60620.471236,0.397222,0.348485,0.04796,0.237726,0.627512,0.964567,0.897638,0.389764,0.69441,1,0,0,0,0,0,0,0,0,0,0,0,0,0,0,0,0,0,0,0,0,0,0,0,0,0,0,0,0,0,0,0,0,1,0,0,0,0,0,0,0,0,0,0,20.467734,0.4,0.272727,0.042949,0.228682,0.623296,0.952756,0.92126,0.448819,0.698592,1,0,0,0,0,0,0,0,0,0,0,0,0,0,0,0,0,0,0,0,0,0,0,0,0,0,0,0,0,0,0,0,0,1,0,0,0,0,0,0,0,0,0,0,2
java.lang.NumberFormatException: multiple points
print extradionario!!!!
0.396198,0.002778,0.136364,0.021475,0.228682,0.2154,0.81490.645323,0.516667,0.151515,0.068003,0.245478,0.927357,0.874016,0.972441,0.622047,0.293183,1,0,0,0,0,0,0,0,0,0,0,0,0,0,0,0,0,0,0,0,0,0,0,0,0,0,0,0,0,0,0,0,1,0,0,0,0,0,0,0,0,0,0,0,20.645323,0.541667,0.121212,0.077309,0.245478,0.928341,0.862205,0.972441,0.641732,0.29625,1,0,0,0,0,0,0,0,0,0,0,0,0,0,0,0,0,0,0,0,0,0,0,0,0,0,0,0,0,0,0,0,1,0,0,0,0,0,0,0,0,0,0,0,2
java.lang.NumberFormatException: multiple points
thread is open, sizeMB500
thread is open, sizeMB500
thread is open, sizeMB500
print extradionario!!!!
0.574787,0.477778,0.212121,0.516822,0.338501,0.807363,0.897638,0.968504,0.574803,0.535340.550275,0.361111,0.181818,0.221188,0.342377,0.82886,0.944882,0.917323,0.480315,0.604071,1,0,0,0,0,0,0,0,0,0,0,0,0,0,0,0,0,0,0,0,0,0,0,0,0,0,0,0,0,0,0,0,1,0,0,0,0,0,0,0,0,0,0,0,20.546773,0.297222,0.227273,0.202577,0.329457,0.831249,0.96063,0.870079,0.401575,0.607138,1,0,0,0,0,0,0,0,0,0,0,0,0,0,0,0,0,0,0,0,0,0,0,0,0,0,0,0,0,0,0,0,1,0,0,0,0,0,0,0,0,0,0,0,2
java.lang.NumberFormatException: multiple points
print extradionario!!!!
0.334167,0.188889,0.19697,0.273443,0.29199,0.0389210.618809,0.088889,0.151515,0.14388,0.211886,0.467753,0.858268,0.858268,0.527559,0.732748,1,0,0,0,0,0,0,0,0,0,0,0,0,0,0,0,0,0,0,0,0,0,0,1,0,0,0,0,0,0,0,0,0,0,0,0,0,0,0,0,0,0,0,0,10.618809,0.102778,0.136364,0.14388,0.24031,0.470142,0.866142,0.866142,0.531496,0.734003,1,0,0,0,0,0,0,0,0,0,0,0,0,0,0,0,0,0,0,0,0,0,0,1,0,0,0,0,0,0,0,0,0,0,0,0,0,0,0,0,0,0,0,0,1
java.lang.NumberFormatException: multiple points
thread is open, sizeMB500
thread is open, sizeMB500
print extradionario!!!!
0.45973,0.261110.544272,0.208333,0.181818,0.107373,0.236434,0.56625,0.92126,0.854331,0.444882,0.259585,1,0,0,0,0,0,0,0,0,0,0,0,0,0,0,1,0,0,0,0,0,0,0,0,0,0,0,0,0,0,0,0,0,0,0,0,0,0,0,0,0,0,0,0,20.541771,0.138889,0.121212,0.090909,0.228682,0.562175,0.88189,0.877953,0.527559,0.259863,1,0,0,0,0,0,0,0,0,0,0,0,0,0,0,1,0,0,0,0,0,0,0,0,0,0,0,0,0,0,0,0,0,0,0,0,0,0,0,0,0,0,0,0,2
java.lang.NumberFormatException: multiple points
thread is open, sizeMB500
thread is open, sizeMB500
thread is open, sizeMB500
thread is open, sizeMB500
thread is open, sizeMB500
print extradionario!!!!
0.545773,0.230556,0.30303,0.198282,0.288114,0.504145,0.96063,0.787400.61981,0.627778,0.227273,0.407301,0.341085,0.852606,0.775591,0.996063,0.748031,0.221665,1,0,0,0,0,0,0,0,0,0,0,0,0,0,0,0,0,0,0,0,0,0,0,0,0,0,0,0,0,0,0,0,0,1,0,0,0,0,0,0,0,0,0,0,20.623312,0.630556,0.257576,0.42806,0.350129,0.855557,0.759843,1,0.76378,0.218179,1,0,0,0,0,0,0,0,0,0,0,0,0,0,0,0,0,0,0,0,0,0,0,0,0,0,0,0,0,0,0,0,0,1,0,0,0,0,0,0,0,0,0,0,2
java.lang.NumberFormatException: multiple points
thread is open, sizeMB500
thread is open, sizeMB500
thread is open, sizeMB500
thread is open, sizeMB500
print extradionario!!!!
0.671336,0.230556,0.30303,0.115963,0.2820.725863,0.975,0.106061,0.259127,0.328165,0.556274,0.814961,0.893701,0.625984,0.188206,1,0,0,0,0,0,0,0,0,0,0,0,0,0,0,0,0,0,0,0,0,0,0,0,0,0,0,0,0,0,0,0,0,0,0,0,0,0,0,0,0,0,0,1,10.725863,0.022222,0.106061,0.269148,0.329457,0.552058,0.834646,0.893701,0.598425,0.192388,1,0,0,0,0,0,0,0,0,0,0,0,0,0,0,0,0,0,0,0,0,0,0,0,0,0,0,0,0,0,0,0,0,0,0,0,0,0,0,0,0,0,0,1,1
java.lang.NumberFormatException: multiple points
thread is open, sizeMB500
print extradionario!!!!
0.586793,0.213889,0.19697,0.327845,0.20155,0.13650.044522,0.358333,0.181818,0,0.223514,0.008431,0.944882,0.917323,0.476378,0.062178,0,0,0,1,1,0,0,0,0,0,0,0,0,0,0,0,0,0,0,0,0,0,0,0,0,0,0,0,0,0,0,0,0,0,0,0,0,0,0,0,0,0,0,0,30.025513,0.972222,0.287879,0.060845,0.264858,0.009414,0.712598,0.80315,0.622047,0.098425,0,0,0,1,1,0,0,0,0,0,0,0,0,0,0,0,0,0,0,0,0,0,0,0,0,0,0,0,0,0,0,0,0,0,0,0,0,0,0,0,0,0,0,0,6
java.lang.NumberFormatException: multiple points
thread is open, sizeMB500
thread is open, sizeMB500
thread is open, sizeMB500
print extradionario!!!!
0.2006,0.502778,0.242424,0.021475,0.231266,0.048050.244622,0.858333,0.424242,0.107373,0.282946,0.189687,0.527559,0.822835,0.826772,0.107208,0,0,0,1,0,0,0,0,0,0,0,0,0,1,0,0,0,0,0,0,0,0,0,0,0,0,0,0,0,0,0,0,0,0,0,0,0,0,0,0,0,0,0,0,30.249625,0.95,0.363636,0.125268,0.295866,0.189687,0.641732,0.771654,0.65748,0.108741,0,0,0,1,0,0,0,0,0,0,0,0,0,1,0,0,0,0,0,0,0,0,0,0,0,0,0,0,0,0,0,0,0,0,0,0,0,0,0,0,0,0,0,0,3
java.lang.NumberFormatException: multiple points
thread is open, sizeMB500
learning evaluation instances,Wall Time (Actual Time),Avg Delay (ms),outRate (inst/s),classified instances,classifications correct (percent),Kappa Statistic (percent),Kappa Temporal Statistic (percent),Kappa M Statistic (percent),F1 Score (percent),F1 Score for class 0 (percent),F1 Score for class 1 (percent),F1 Score for class 2 (percent),F1 Score for class 3 (percent),F1 Score for class 4 (percent),F1 Score for class 5 (percent),F1 Score for class 6 (percent),Precision (percent),Precision for class 0 (percent),Precision for class 1 (percent),Precision for class 2 (percent),Precision for class 3 (percent),Precision for class 4 (percent),Precision for class 5 (percent),Precision for class 6 (percent),Recall (percent),Recall for class 0 (percent),Recall for class 1 (percent),Recall for class 2 (percent),Recall for class 3 (percent),Recall for class 4 (percent),Recall for class 5 (percent),Recall for class 6 (percent),model training instances,model serialized size (bytes),ensemble size,change detections,[avg] model training instances,[err] model training instances,[avg] model serialized size (bytes),[err] model serialized size (bytes),[avg] tree size (nodes),[err] tree size (nodes),[avg] tree size (leaves),[err] tree size (leaves),[avg] active learning leaves,[err] active learning leaves,[avg] tree depth,[err] tree depth,[avg] active leaf byte size estimate,[err] active leaf byte size estimate,[avg] inactive leaf byte size estimate,[err] inactive leaf byte size estimate,[avg] byte size estimate overhead,[err] byte size estimate overhead
94501.0,120.62699890136719,626.0,783.4149780273438,94500.0,90.87724867724867,82.85873290710973,-38.29002245749107,75.71959668788374,72.04404979343178,?,86.49557559324884,94.17143619950275,86.31460988934025,84.1933731667572,80.04545454545455,71.04851330203444,72.1963783740197,0.0,90.32088143628462,92.71410031049268,83.06821245618765,79.5687885010267,77.4065934065934,82.29607250755288,71.89236266166697,0.0,82.98112598806259,95.67531829047078,89.82507288629738,89.38869665513263,82.87058823529412,62.505736576411195,0.0,1.0,25.0,185.0,122584.76,117442.88929492497,1.0,0.0,53.68,60.44054930259982,27.319999999999997,30.238937371100416,27.319999999999997,30.238937371100416,5.640000000000001,4.211887937730538,0.0,0.0,0.0,0.0,1.0,0.0
