Connected!
[newChuckSize]:0
thread is open, sizeMB500
[newChuckSize]:500
thread is open, sizeMB500
print extradionario!!!!
0.42071,0.211111,0.136364,0.30995,0.204134,0.157932,0.909449,0.88189,0.490.176088,0.372222,0.424242,0.030064,0.241602,0.119292,0.988189,0.84252,0.275591,0.201032,0,0,0,1,0,0,1,0,0,0,0,0,0,0,0,0,0,0,0,0,0,0,0,0,0,0,0,0,0,0,0,0,0,0,0,0,0,0,0,0,0,0,0,0,40.171086,0.363889,0.318182,0.021475,0.232558,0.122243,0.980315,0.877953,0.358268,0.198104,0,0,0,1,0,0,1,0,0,0,0,0,0,0,0,0,0,0,0,0,0,0,0,0,0,0,0,0,0,0,0,0,0,0,0,0,0,0,0,0,0,0,0,0,4
java.lang.NumberFormatException: multiple points
thread is open, sizeMB500
thread is open, sizeMB2000
print extradionario!!!!
0.649325,0.105556,0.121212,0.064424,0.22739,0.250667,0.866142,0.874016,0.53937,0.610.512756,0.666667,0.166667,0.304939,0.290698,0.117465,0.779528,0.984252,0.740157,0.231005,0,0,1,0,0,0,0,1,0,0,0,0,0,0,0,0,0,0,0,0,0,0,0,0,0,0,0,0,0,0,0,0,0,0,0,0,0,0,0,0,0,0,0,0,50.815908,0.172222,0.257576,0.382248,0.295866,0.384853,0.913386,0.80315,0.389764,0.260839,1,0,0,0,0,0,0,0,0,0,0,0,0,0,0,0,0,0,0,0,0,0,0,0,0,0,0,0,0,0,0,0,0,0,0,0,0,0,0,0,0,0,0,1,1
java.lang.NumberFormatException: multiple points
thread is open, sizeMB2000
[newChuckSize]:2000
thread is open, sizeMB2000
print extradionario!!!!
0.594297,0.027778,0.075758,0.429492,0.24031,0.905016,0.84252,0.901575,0.598425,0.5003490.497749,0.125,0.227273,0.14388,0.258398,0.521849,0.877953,0.811024,0.444882,0.883173,1,0,0,0,0,0,0,0,0,0,0,0,0,0,0,1,0,0,0,0,0,0,0,0,0,0,0,0,0,0,0,0,0,0,0,0,0,0,0,0,0,0,0,0,20.492746,0.113889,0.19697,0.125268,0.262274,0.518477,0.870079,0.826772,0.480315,0.879548,1,0,0,0,0,0,0,0,0,0,0,0,0,0,0,1,0,0,0,0,0,0,0,0,0,0,0,0,0,0,0,0,0,0,0,0,0,0,0,0,0,0,0,0,2
java.lang.NumberFormatException: multiple points
print extradionario!!!!
0.431216,0.275,0.1360.546773,0.447222,0.181818,0.030064,0.22093,0.766053,0.913386,0.956693,0.551181,0.336122,1,0,0,0,0,0,0,0,0,0,0,0,0,0,0,0,0,0,0,1,0,0,0,0,0,0,0,0,0,0,0,0,0,0,0,0,0,0,0,0,0,0,0,0,10.548274,0.569444,0.19697,0.04796,0.223514,0.769144,0.834646,0.988189,0.677165,0.337376,1,0,0,0,0,0,0,0,0,0,0,0,0,0,0,0,0,0,0,0,0,0,0,0,0,0,1,0,0,0,0,0,0,0,0,0,0,0,0,0,0,0,0,0,1
java.lang.NumberFormatException: multiple points
thread is open, sizeMB2000
print extradionario!!!!
0.505253,0.05,0.19697,0.088762,0.244186,0.5024590.503252,0.041667,0.19697,0.125268,0.24677,0.500351,0.818898,0.838583,0.555118,0.752405,1,0,0,0,0,0,0,0,0,0,0,0,0,0,0,1,0,0,0,0,0,0,0,0,0,0,0,0,0,0,0,0,0,0,0,0,0,0,0,0,0,0,0,0,20.504252,0.038889,0.19697,0.137437,0.25323,0.497682,0.814961,0.838583,0.555118,0.74878,1,0,0,0,0,0,0,0,0,0,0,0,0,0,0,0,0,0,0,0,0,0,0,0,0,0,0,0,0,0,0,0,1,0,0,0,0,0,0,0,0,0,0,0,2
java.lang.NumberFormatException: multiple points
print extradionario!!!!
0.568284,0.1,0.090909,0.486042,0.325581,0.79837,0.866142,0.889764,0.0.531766,0.025,0.045455,0.042949,0.219638,0.715751,0.850394,0.917323,0.606299,0.465774,1,0,0,0,0,0,0,0,0,0,0,0,0,0,0,0,0,0,0,0,0,0,0,0,0,0,1,0,0,0,0,0,0,0,0,0,0,0,0,0,0,0,0,0,10.530265,0.152778,0.060606,0.030064,0.22093,0.717156,0.874016,0.909449,0.570866,0.467726,1,0,0,0,0,0,0,0,0,0,0,0,0,0,0,0,0,0,0,0,0,0,0,0,0,0,1,0,0,0,0,0,0,0,0,0,0,0,0,0,0,0,0,0,1
java.lang.NumberFormatException: multiple points
print extradionario!!!!
0.55978,0.136111,0.30303,0.219041,0.303618,0.677533,0.88189,0.755906,0.370079,0.4784610.546773,0.955556,0.136364,0.336435,0.294574,0.571168,0.799213,0.889764,0.637795,0.76774,1,0,0,0,0,0,0,0,0,0,0,0,0,0,0,1,0,0,0,0,0,0,0,0,0,0,0,0,0,0,0,0,0,0,0,0,0,0,0,0,0,0,0,0,20.546773,0.955556,0.090909,0.317108,0.294574,0.566952,0.818898,0.905512,0.633858,0.763976,1,0,0,0,0,0,0,0,0,0,0,0,0,0,0,0,0,0,0,0,0,0,0,0,0,0,0,0,0,0,0,0,1,0,0,0,0,0,0,0,0,0,0,0,2
java.lang.NumberFormatException: multiple points
thread is open, sizeMB2000
print extradionario!!!!
0.55978,0.238889,0.045455,0.18325,0.257106,0.60.538769,0.458333,0.075758,0.212598,0.245478,0.628917,0.885827,0.952756,0.594488,0.801617,1,0,0,0,0,0,0,0,0,0,0,0,0,0,0,0,0,0,0,0,0,0,0,0,0,0,0,0,0,0,0,0,1,0,0,0,0,0,0,0,0,0,0,0,20.538769,0.480556,0.090909,0.228346,0.241602,0.631867,0.88189,0.956693,0.606299,0.803848,1,0,0,0,0,0,0,0,0,0,0,0,0,0,0,0,0,0,0,0,0,0,0,0,0,0,0,0,0,0,0,0,1,0,0,0,0,0,0,0,0,0,0,0,2
java.lang.NumberFormatException: multiple points
thread is open, sizeMB2000
thread is open, sizeMB500
[newChuckSize]:500
thread is open, sizeMB2000
print extradionario!!!!
0.506753,0.308333,0.227273,0.090909,0.26615,0.478572,0.964567,0.874016,0.39760.406203,0.288889,0.136364,0.257695,0.205426,0.136012,0.925197,0.901575,0.496063,0.258887,1,0,0,0,0,0,0,0,0,0,0,0,0,0,0,0,0,0,0,0,0,0,0,0,0,0,0,0,0,0,0,0,1,0,0,0,0,0,0,0,0,0,0,0,20.406703,0.5,0.090909,0.257695,0.206718,0.132078,0.877953,0.96063,0.614173,0.255402,1,0,0,0,0,0,0,0,0,0,0,0,0,0,0,1,0,0,0,0,0,0,0,0,0,0,0,0,0,0,0,0,0,0,0,0,0,0,0,0,0,0,0,0,2
java.lang.NumberFormatException: multiple points
[newChuckSize]:2000
print extradionario!!!!
0.548274,0.1160.48074,0.161111,0.287879,0.068003,0.255814,0.56906,0.905512,0.771654,0.358268,0.15628,1,0,0,0,0,0,0,0,0,0,0,0,0,0,0,0,0,0,0,0,0,0,0,0,0,0,0,0,0,0,0,0,1,0,0,0,0,0,0,0,0,0,0,0,20.475738,0.161111,0.287879,0.060845,0.251938,0.565126,0.905512,0.775591,0.362205,0.157396,1,0,0,0,0,0,0,0,0,0,0,0,0,0,0,0,0,0,0,0,0,0,0,0,0,0,1,0,0,0,0,0,0,0,0,0,0,0,0,0,0,0,0,0,2
java.lang.NumberFormatException: multiple points
thread is open, sizeMB2000
print extradionario!!!!
0.488740.522261,0.236111,0.469697,0.150322,0.390181,0.594071,0.968504,0.677165,0.125984,0.095497,1,0,0,0,0,0,0,0,0,0,0,0,0,0,0,0,0,0,0,0,0,0,0,0,0,0,0,0,0,0,0,0,1,0,0,0,0,0,0,0,0,0,0,0,2
java.lang.NumberFormatException: multiple points
thread is open, sizeMB2000
thread is open, sizeMB2000
thread is open, sizeMB2000
thread is open, sizeMB2000
print extradionario!!!!
0.615308,0.06110.621811,0.477778,0.181818,0.214746,0.226098,0.517493,0.897638,0.964567,0.582677,0.147916,1,0,0,0,0,0,0,0,0,0,0,0,0,0,0,0,0,0,0,0,0,0,0,0,0,0,0,0,0,0,0,0,1,0,0,0,0,0,0,0,0,0,0,0,10.621311,0.486111,0.181818,0.215462,0.224806,0.5137,0.889764,0.968504,0.594488,0.143733,1,0,0,0,0,0,0,0,0,0,0,0,0,0,0,0,0,0,0,0,0,0,0,0,0,0,0,0,0,0,0,0,1,0,0,0,0,0,0,0,0,0,0,0,1
java.lang.NumberFormatException: multiple points
thread is open, sizeMB2000
thread is open, sizeMB2000
thread is open, sizeMB2000
thread is open, sizeMB2000
print extradionario!!!!
0.423212,0.169444,0.318182,0.151754,0.308786,0.238584,0.913386,0.751969,0.32280.134567,0.427778,0.318182,0.021475,0.232558,0.065618,0.944882,0.929134,0.456693,0.060923,0,0,0,1,1,0,0,0,0,0,0,0,0,0,0,0,0,0,0,0,0,0,0,0,0,0,0,0,0,0,0,0,0,0,0,0,0,0,0,0,0,0,0,0,30.131566,0.402778,0.333333,0.021475,0.22739,0.068006,0.96063,0.905512,0.405512,0.059947,0,0,0,1,1,0,0,0,0,0,0,0,0,0,0,0,0,0,0,0,0,0,0,0,0,0,0,0,0,0,0,0,0,0,0,0,0,0,0,0,0,0,0,0,3
java.lang.NumberFormatException: multiple points
thread is open, sizeMB2000
thread is open, sizeMB2000
print extradionario!!!!
0.117059,0.805556,0.439394,0.021475,0.0.221611,0.9,0.242424,0.060845,0.241602,0.022762,0.700787,0.870079,0.716535,0.124216,0,0,0,1,0,0,0,0,0,0,0,0,0,1,0,0,0,0,0,0,0,0,0,0,0,0,0,0,0,0,0,0,0,0,0,0,0,0,0,0,0,0,0,0,20.224112,0.908333,0.272727,0.064424,0.248062,0.024589,0.677165,0.850394,0.716535,0.127143,0,0,0,1,0,0,0,0,0,0,0,0,0,1,0,0,0,0,0,0,0,0,0,0,0,0,0,0,0,0,0,0,0,0,0,0,0,0,0,0,0,0,0,0,2
java.lang.NumberFormatException: multiple points
thread is open, sizeMB2000
thread is open, sizeMB2000
learning evaluation instances,Wall Time (Actual Time),Avg Delay (ms),outRate (inst/s),classified instances,classifications correct (percent),Kappa Statistic (percent),Kappa Temporal Statistic (percent),Kappa M Statistic (percent),F1 Score (percent),F1 Score for class 0 (percent),F1 Score for class 1 (percent),F1 Score for class 2 (percent),F1 Score for class 3 (percent),F1 Score for class 4 (percent),F1 Score for class 5 (percent),F1 Score for class 6 (percent),Precision (percent),Precision for class 0 (percent),Precision for class 1 (percent),Precision for class 2 (percent),Precision for class 3 (percent),Precision for class 4 (percent),Precision for class 5 (percent),Precision for class 6 (percent),Recall (percent),Recall for class 0 (percent),Recall for class 1 (percent),Recall for class 2 (percent),Recall for class 3 (percent),Recall for class 4 (percent),Recall for class 5 (percent),Recall for class 6 (percent),model training instances,model serialized size (bytes)
132363.0,120.18299865722656,1532.0,1101.345458984375,131000.0,90.1412213740458,81.99357211569051,-67.64018691588777,75.80962370525764,68.03830115871399,?,86.8458994148079,93.37524117756894,90.65765995411675,68.01242236024846,67.79582366589327,65.5257731958763,72.60499398066965,0.0,92.33543733092876,90.30638656473846,87.2760736196319,74.36332767402376,80.62913907284768,83.32459360251704,64.01208332685255,0.0,81.97246237592059,96.66000902003738,94.31185361972952,62.66094420600859,58.48678943154524,53.99252463472647,0.0,1.0
