Connected!
[newChuckSize]:0
thread is open, sizeMB250
[newChuckSize]:250
thread is open, sizeMB250
print extradionario!!!!
0.227614,0.602778,0.363636,0.307802,0.204134,0.089363,0.740157,1,0.759843,0.1080.411206,0.041667,0.212121,0.030064,0.228682,0.213152,0.814961,0.826772,0.543307,0.187927,0,0,1,0,0,0,0,0,0,0,0,0,0,1,0,0,0,0,0,0,0,0,0,0,0,0,0,0,0,0,0,0,0,0,0,0,0,0,0,0,0,0,0,0,50.410205,0.044444,0.212121,0.04796,0.228682,0.214978,0.818898,0.830709,0.543307,0.186672,0,0,1,0,0,0,0,0,0,0,0,0,0,1,0,0,0,0,0,0,0,0,0,0,0,0,0,0,0,0,0,0,0,0,0,0,0,0,0,0,0,0,0,0,5
java.lang.NumberFormatException: multiple points
print extradionario!!!!
0.454727,0.033333,0.257576,0.136006,0.277778,0.40888,0.780.387694,0.025,0.378788,0.064424,0.254522,0.236336,0.720472,0.712598,0.496063,0.947721,1,0,0,0,0,0,0,0,0,0,0,0,0,0,0,0,0,0,0,0,0,0,0,0,0,0,0,0,0,0,0,0,1,0,0,0,0,0,0,0,0,0,0,0,20.387194,0.022222,0.393939,0.064424,0.275194,0.23212,0.712598,0.704724,0.496063,0.945211,1,0,0,0,0,0,0,0,0,0,0,0,0,0,0,0,0,0,0,0,0,0,0,0,0,0,0,0,0,0,0,0,1,0,0,0,0,0,0,0,0,0,0,0,2
java.lang.NumberFormatException: multiple points
thread is open, sizeMB250
print extradionario!!!!
0.45973,0.450.425213,0.091667,0.075758,0.151754,0.257106,0.250808,0.862205,0.901575,0.57874,0.870208,1,0,0,0,0,0,0,0,0,0,0,0,0,0,0,1,0,0,0,0,0,0,0,0,0,0,0,0,0,0,0,0,0,0,0,0,0,0,0,0,0,0,0,0,20.423712,0.15,0.166667,0.167502,0.262274,0.247014,0.889764,0.850394,0.480315,0.867559,1,0,0,0,0,0,0,0,0,0,0,0,0,0,0,1,0,0,0,0,0,0,0,0,0,0,0,0,0,0,0,0,0,0,0,0,0,0,0,0,0,0,0,0,2
java.lang.NumberFormatException: multiple points
thread is open, sizeMB250
print extradionario!!!!
0.591296,0.25,0.166667,0.107373,0.228682,0.921034,0.93300.577789,0.108333,0.151515,0.121689,0.248062,0.846143,0.870079,0.858268,0.515748,0.484874,1,0,0,0,0,0,0,0,0,0,0,0,0,0,0,0,0,0,0,0,0,0,0,0,0,0,0,0,0,0,0,0,1,0,0,0,0,0,0,0,0,0,0,0,20.576288,0.144444,0.121212,0.137437,0.249354,0.841928,0.885827,0.874016,0.515748,0.488917,1,0,0,0,0,0,0,0,0,0,0,0,0,0,0,0,0,0,0,0,0,0,0,0,0,0,0,0,0,0,0,0,1,0,0,0,0,0,0,0,0,0,0,0,2
java.lang.NumberFormatException: multiple points
print extradionario!!!!
0.527264,0.313889,0.3180.625313,0.733333,0.166667,0.367215,0.173127,0.861037,0.759843,0.964567,0.751969,0.202147,1,0,0,0,0,0,0,0,0,0,0,0,0,0,0,0,0,0,0,0,0,0,0,0,0,0,0,0,0,0,0,0,1,0,0,0,0,0,0,0,0,0,0,0,10.628814,0.825,0.090909,0.370795,0.182171,0.863707,0.795276,0.937008,0.688976,0.203959,1,0,0,0,0,0,0,0,0,0,0,0,0,0,0,0,0,0,0,0,0,0,0,0,0,0,0,0,0,0,0,0,1,0,0,0,0,0,0,0,0,0,0,0,1
java.lang.NumberFormatException: multiple points
thread is open, sizeMB250
print extradionario!!!!
0.566283,0.072222,0.10600.545273,0.386111,0.227273,0.182534,0.364341,0.817479,0.952756,0.92126,0.46063,0.598494,1,0,0,0,0,0,0,0,0,0,0,0,0,0,0,0,0,0,0,0,0,0,0,0,0,0,0,0,0,0,0,0,0,1,0,0,0,0,0,0,0,0,0,0,20.543272,0.388889,0.181818,0.167502,0.359173,0.813545,0.937008,0.929134,0.5,0.602258,1,0,0,0,0,0,0,0,0,0,0,0,0,0,0,0,0,0,0,0,0,0,0,0,0,0,0,0,0,0,0,0,0,1,0,0,0,0,0,0,0,0,0,0,2
java.lang.NumberFormatException: multiple points
thread is open, sizeMB250
print extradionario!!!!
0.573787,0.113889,0.30303,0.137437,0.27261,0.721371,0.858268,0.75190.543272,0.533333,0.212121,0.077309,0.235142,0.752424,0.858268,0.984252,0.641732,0.402203,1,0,0,0,0,0,0,0,0,0,0,0,0,0,0,0,0,0,0,0,0,0,0,0,0,0,0,0,0,0,0,0,1,0,0,0,0,0,0,0,0,0,0,0,10.545273,0.616667,0.272727,0.090909,0.249354,0.753548,0.771654,1,0.751969,0.404015,1,0,0,0,0,0,0,0,0,0,0,0,0,0,0,0,0,0,0,0,0,0,0,0,0,0,0,0,0,0,0,0,1,0,0,0,0,0,0,0,0,0,0,0,1
java.lang.NumberFormatException: multiple points
thread is open, sizeMB250
print extradionario!!!!
0.569785,0.7055560.558279,0.5,0.136364,0.303508,0.299742,0.74596,0.88189,0.968504,0.610236,0.611599,1,0,0,0,0,0,0,0,0,0,0,0,0,0,0,0,0,0,0,0,0,0,0,0,0,0,0,0,0,0,0,0,1,0,0,0,0,0,0,0,0,0,0,0,20.556778,0.475,0.151515,0.292054,0.325581,0.748209,0.893701,0.964567,0.590551,0.614248,1,0,0,0,0,0,0,0,0,0,0,0,0,0,0,0,0,0,0,0,0,0,0,0,0,0,0,0,0,0,0,0,1,0,0,0,0,0,0,0,0,0,0,0,2
java.lang.NumberFormatException: multiple points
print extradionario!!!!
0.530265,0.65,0.227273,0.265569,0.0.587794,0.108333,0.287879,0.364352,0.379845,0.620346,0.854331,0.771654,0.42126,0.609787,1,0,0,0,0,0,0,0,0,0,0,0,0,0,0,0,0,0,0,0,0,0,0,0,0,0,0,0,0,0,0,0,1,0,0,0,0,0,0,0,0,0,0,0,10.584292,0.116667,0.272727,0.34932,0.370801,0.622313,0.866142,0.775591,0.417323,0.611599,1,0,0,0,0,0,0,0,0,0,0,0,0,0,0,0,0,0,0,0,0,0,0,0,0,0,0,0,0,0,0,0,1,0,0,0,0,0,0,0,0,0,0,0,1
java.lang.NumberFormatException: multiple points
thread is open, sizeMB250
print extradionario!!!!
0.37969,0.833333,0.20.510755,0.136111,0.151515,0.068003,0.223514,0.458761,0.88189,0.858268,0.496063,0.557228,1,0,0,0,0,0,0,0,0,0,0,0,0,0,0,0,0,0,0,0,0,0,0,0,0,0,1,0,0,0,0,0,0,0,0,0,0,0,0,0,0,0,0,0,20.509755,0.055556,0.090909,0.077309,0.223514,0.454826,0.850394,0.893701,0.582677,0.553186,1,0,0,0,0,0,0,0,0,0,0,0,0,0,0,0,0,0,0,0,0,0,0,0,0,0,1,0,0,0,0,0,0,0,0,0,0,0,0,0,0,0,0,0,2
java.lang.NumberFormatException: multiple points
print extradionario!!!!
0.568284,0.25,0.090909,0.30995,0.262274,0.753829,0.905512,0.9050.531266,0.125,0.121212,0.343593,0.223514,0.554307,0.877953,0.877953,0.531496,0.597518,1,0,0,0,0,0,0,0,0,0,0,0,0,0,0,0,0,0,0,0,0,0,0,0,0,0,1,0,0,0,0,0,0,0,0,0,0,0,0,0,0,0,0,0,20.531266,0.055556,0.075758,0.344309,0.223514,0.550513,0.854331,0.901575,0.590551,0.593336,1,0,0,0,0,0,0,0,0,0,0,0,0,0,0,0,0,0,0,0,0,0,0,0,0,0,1,0,0,0,0,0,0,0,0,0,0,0,0,0,0,0,0,0,2
java.lang.NumberFormatException: multiple points
print extradionario!!!!
0.571286,0.697222,0.136364,0.468862,0.359173,0.814388,0.787402,0.972441,0.70.571286,0.197222,0.151515,0,0.223514,0.468034,0.909449,0.870079,0.476378,0.830336,1,0,0,0,0,0,0,0,0,0,0,0,0,0,0,0,0,0,0,0,0,0,0,0,0,0,0,0,0,0,0,0,1,0,0,0,0,0,0,0,0,0,0,0,20.569785,0.261111,0.151515,0.021475,0.22093,0.470985,0.929134,0.885827,0.468504,0.832009,1,0,0,0,0,0,0,0,0,0,0,0,0,0,0,0,0,0,0,0,0,0,0,0,0,0,0,0,0,0,0,0,1,0,0,0,0,0,0,0,0,0,0,0,2
java.lang.NumberFormatException: multiple points
thread is open, sizeMB250
print extradionario!!!!
0.409205,0.286111,0.181818,0.3170.42071,0.386111,0.151515,0.357194,0.204134,0.155403,0.929134,0.933071,0.515748,0.226405,1,0,0,0,0,0,0,0,0,0,0,0,0,0,0,1,0,0,0,0,0,0,0,0,0,0,0,0,0,0,0,0,0,0,0,0,0,0,0,0,0,0,0,0,20.42021,0.4,0.060606,0.365068,0.202842,0.151328,0.889764,0.940945,0.57874,0.224592,1,0,0,0,0,0,0,0,0,0,0,0,0,0,0,1,0,0,0,0,0,0,0,0,0,0,0,0,0,0,0,0,0,0,0,0,0,0,0,0,0,0,0,0,2
java.lang.NumberFormatException: multiple points
print extradionario!!!!
0.49925,0.05,0.030303,0.423765,0.360465,0.358297,0.80.387194,0.088889,0.136364,0.194703,0.206718,0.051426,0.858268,0.870079,0.547244,0.197686,1,0,0,0,0,0,0,0,0,0,0,0,0,0,0,1,0,0,0,0,0,0,0,0,0,0,0,0,0,0,0,0,0,0,0,0,0,0,0,0,0,0,0,0,20.384192,0.083333,0.151515,0.198282,0.198966,0.049178,0.854331,0.854331,0.531496,0.193503,1,0,0,0,0,0,0,0,0,0,0,0,0,0,0,1,0,0,0,0,0,0,0,0,0,0,0,0,0,0,0,0,0,0,0,0,0,0,0,0,0,0,0,0,2
java.lang.NumberFormatException: multiple points
thread is open, sizeMB250
print extradionario!!!!
0.435218,0.908333,0.409091,0.0.673337,0.102778,0.075758,0.408733,0.30491,0.390614,0.866142,0.901575,0.574803,0.67057,1,0,0,0,0,0,0,0,0,0,0,0,0,0,0,0,0,0,0,0,0,0,0,0,0,0,0,0,0,0,0,0,0,0,0,0,0,0,0,0,0,0,1,0,10.671336,0.1,0.090909,0.387258,0.299742,0.393986,0.866142,0.889764,0.562992,0.666527,1,0,0,0,0,0,0,0,0,0,0,0,0,0,0,0,0,0,0,0,0,0,0,0,0,0,0,0,0,0,0,0,0,0,0,0,0,0,0,0,0,0,1,0,1
java.lang.NumberFormatException: multiple points
thread is open, sizeMB250
print extradionario!!!!
0.444222,0.758333,0.0.434217,0.975,0.212121,0.214746,0.326873,0.16861,0.76378,0.846457,0.625984,0.276453,1,0,0,0,0,0,0,0,0,0,0,0,0,0,0,1,0,0,0,0,0,0,0,0,0,0,0,0,0,0,0,0,0,0,0,0,0,0,0,0,0,0,0,0,20.433717,0.033333,0.257576,0.198282,0.308786,0.16861,0.787402,0.799213,0.535433,0.275199,1,0,0,0,0,0,0,0,0,0,0,0,0,0,0,1,0,0,0,0,0,0,0,0,0,0,0,0,0,0,0,0,0,0,0,0,0,0,0,0,0,0,0,0,2
java.lang.NumberFormatException: multiple points
thread is open, sizeMB250
thread is open, sizeMB250
thread is open, sizeMB250
print extradionario!!!!
0.623312,0.125,0.030303,0.2398,0.313953,0.682169,0.8622050.603302,0.702778,0.121212,0.395132,0.338501,0.852747,0.795276,0.968504,0.716535,0.229332,1,0,0,0,0,0,0,0,0,0,0,0,0,0,0,0,0,0,0,0,0,0,0,0,0,0,0,0,0,0,0,0,1,0,0,0,0,0,0,0,0,0,0,0,10.602801,0.65,0.090909,0.410165,0.337209,0.856962,0.822835,0.968504,0.685039,0.225289,1,0,0,0,0,0,0,0,0,0,0,0,0,0,0,0,0,0,0,0,0,0,0,0,0,0,0,0,0,0,0,0,1,0,0,0,0,0,0,0,0,0,0,0,1
java.lang.NumberFormatException: multiple points
thread is open, sizeMB250
print extradionario!!!!
0.553777,0.297222,0.272727,0.14388,0.319121,0.50520.473737,0.263889,0.242424,0.04796,0.237726,0.214697,0.96063,0.84252,0.370079,0.308797,1,0,0,0,0,0,0,0,0,0,0,0,0,0,0,0,0,0,0,0,0,0,0,0,0,0,0,0,0,0,0,0,1,0,0,0,0,0,0,0,0,0,0,0,20.469235,0.266667,0.227273,0.042949,0.226098,0.211606,0.956693,0.854331,0.389764,0.3081,1,0,0,0,0,0,0,0,0,0,0,0,0,0,0,0,0,0,0,0,0,0,0,0,0,0,0,0,0,0,0,0,1,0,0,0,0,0,0,0,0,0,0,0,2
java.lang.NumberFormatException: multiple points
print extradionario!!!!
0.426213,0.097222,0.363636,0.077309,0.276486,0.017423,0.8267720.69935,0.983333,0.030303,0.519685,0.364341,0.861177,0.846457,0.925197,0.61811,0.330406,1,0,0,0,0,0,0,0,0,0,0,0,0,0,0,0,0,0,0,0,0,0,0,0,0,0,0,0,0,0,0,0,1,0,0,0,0,0,0,0,0,0,0,0,20.685843,0.15,0.106061,0.335719,0.329457,0.81481,0.88189,0.885827,0.535433,0.333612,1,0,0,0,0,0,0,0,0,0,0,0,0,0,0,0,0,0,0,0,0,0,0,0,0,0,0,0,0,0,0,0,1,0,0,0,0,0,0,0,0,0,0,0,2
java.lang.NumberFormatException: multiple points
print extradionario!!!!
0.611806,0.030556,0.075758,0.0.626813,0.147222,0.075758,0.171797,0.257106,0.491921,0.877953,0.901575,0.559055,0.146103,1,0,0,0,0,0,0,0,0,0,0,0,0,0,0,0,0,0,0,0,0,0,0,0,0,0,0,0,0,0,0,0,1,0,0,0,0,0,0,0,0,0,0,0,10.625813,0.147222,0.075758,0.173228,0.254522,0.487987,0.877953,0.901575,0.559055,0.1422,1,0,0,0,0,0,0,0,0,0,0,0,0,0,0,0,0,0,0,0,0,0,0,0,0,0,0,0,0,0,0,0,1,0,0,0,0,0,0,0,0,0,0,0,1
java.lang.NumberFormatException: multiple points
thread is open, sizeMB250
thread is open, sizeMB250
print extradionario!!!!
0.706353,0.813889,0.30303,0.163207,0.321705,0.710552,0.629921,0.90.655328,0.972222,0.075758,0.269148,0.27261,0.43361,0.826772,0.909449,0.625984,0.142061,1,0,0,0,0,0,0,0,0,0,0,0,0,0,0,0,0,0,0,0,0,0,0,0,0,0,0,0,0,0,0,0,1,0,0,0,0,0,0,0,0,0,0,0,20.655328,0.005556,0.090909,0.250537,0.267442,0.429816,0.834646,0.901575,0.606299,0.144988,1,0,0,0,0,0,0,0,0,0,0,0,0,0,0,0,0,0,0,0,0,0,0,0,0,0,0,0,0,0,0,0,1,0,0,0,0,0,0,0,0,0,0,0,2
java.lang.NumberFormatException: multiple points
thread is open, sizeMB250
thread is open, sizeMB250
thread is open, sizeMB250
print extradionario!!!!
0.711356,0.283333,0.227273,0.021475,0.24031,0.800056,0.96063,0.862205,0.393701,0.1035830.554777,0.938889,0.121212,0.287759,0.351421,0.203738,0.795276,0.897638,0.649606,0.347972,0,0,1,0,0,0,0,0,0,0,0,0,0,0,0,0,0,0,0,0,0,0,0,0,0,0,0,0,0,0,0,0,0,0,0,1,0,0,0,0,0,0,0,0,20.555278,0.052778,0.136364,0.269148,0.339793,0.207531,0.84252,0.866142,0.562992,0.349784,0,0,1,0,0,0,0,0,0,0,0,0,0,0,0,0,0,0,0,0,0,0,0,0,0,0,0,0,0,0,0,0,0,0,0,1,0,0,0,0,0,0,0,0,2
java.lang.NumberFormatException: multiple points
thread is open, sizeMB250
print extradionario!!!!
0.484242,0.202778,0.242424,0.107370.127564,0.494444,0.484848,0.09592,0.346253,0.058592,0.84252,0.937008,0.515748,0.03792,0,0,0,1,1,0,0,0,0,0,0,0,0,0,0,0,0,0,0,0,0,0,0,0,0,0,0,0,0,0,0,0,0,0,0,0,0,0,0,0,0,0,0,0,30.127564,0.472222,0.575758,0.088762,0.346253,0.062245,0.850394,0.88189,0.405512,0.038617,0,0,0,1,1,0,0,0,0,0,0,0,0,0,0,0,0,0,0,0,0,0,0,0,0,0,0,0,0,0,0,0,0,0,0,0,0,0,0,0,0,0,0,0,3
java.lang.NumberFormatException: multiple points
print extradionario!!!!
0.550775,0.277778,0.30303,0.440.667334,0.105556,0.121212,0.042949,0.232558,0.239989,0.866142,0.877953,0.543307,0.240485,1,0,0,0,0,0,0,0,0,0,0,0,0,0,0,0,0,0,0,0,0,0,0,0,0,0,0,0,0,0,0,0,1,0,0,0,0,0,0,0,0,0,0,0,10.665833,0.191667,0.121212,0.021475,0.228682,0.238584,0.901575,0.88189,0.503937,0.236303,1,0,0,0,0,0,0,0,0,0,0,0,0,0,0,0,0,0,0,0,0,0,0,0,0,0,0,0,0,0,0,0,1,0,0,0,0,0,0,0,0,0,0,0,1
java.lang.NumberFormatException: multiple points
thread is open, sizeMB250
thread is open, sizeMB250
print extradionario!!!!
0.470.035018,0.95,0.242424,0,0.223514,0.042153,0.732283,0.84252,0.653543,0.0948,0,0,0,1,1,0,0,0,0,0,0,0,0,0,0,0,0,0,0,0,0,0,0,0,0,0,0,0,0,0,0,0,0,0,0,0,0,0,0,0,0,0,0,0,6
java.lang.NumberFormatException: multiple points
thread is open, sizeMB250
thread is open, sizeMB250
learning evaluation instances,Wall Time (Actual Time),Avg Delay (ms),outRate (inst/s),classified instances,classifications correct (percent),Kappa Statistic (percent),Kappa Temporal Statistic (percent),Kappa M Statistic (percent),F1 Score (percent),F1 Score for class 0 (percent),F1 Score for class 1 (percent),F1 Score for class 2 (percent),F1 Score for class 3 (percent),F1 Score for class 4 (percent),F1 Score for class 5 (percent),F1 Score for class 6 (percent),Precision (percent),Precision for class 0 (percent),Precision for class 1 (percent),Precision for class 2 (percent),Precision for class 3 (percent),Precision for class 4 (percent),Precision for class 5 (percent),Precision for class 6 (percent),Recall (percent),Recall for class 0 (percent),Recall for class 1 (percent),Recall for class 2 (percent),Recall for class 3 (percent),Recall for class 4 (percent),Recall for class 5 (percent),Recall for class 6 (percent),model training instances,model serialized size (bytes),ensemble size,[avg] model training instances,[err] model training instances,[avg] model serialized size (bytes),[err] model serialized size (bytes),[avg] tree size (nodes),[err] tree size (nodes),[avg] tree size (leaves),[err] tree size (leaves),[avg] active learning leaves,[err] active learning leaves,[avg] tree depth,[err] tree depth,[avg] active leaf byte size estimate,[err] active leaf byte size estimate,[avg] inactive leaf byte size estimate,[err] inactive leaf byte size estimate,[avg] byte size estimate overhead,[err] byte size estimate overhead
142501.0,120.2509994506836,208.0,1185.0296630859375,142500.0,84.08,66.71555300353397,-267.92085630879046,53.964163233831854,63.124846551574386,?,75.18384312053715,89.10645137721926,79.81951143612882,81.06060606060606,65.06550218340611,47.65360425737784,63.099699160038014,0.0,81.88862126004818,86.760162601626,71.8890134529148,90.67796610169492,57.751937984496124,52.73019271948608,63.150013995296085,0.0,69.49390469154045,91.58317063228132,89.71668415529905,73.28767123287672,74.5,43.46866725507502,0.0,1.0,25.0,3618.88,2901.499214773861,1.0,0.0,0.9599999999999999,0.19999999999999998,0.9599999999999999,0.19999999999999998,0.9599999999999999,0.19999999999999998,0.0,0.0,0.0,0.0,0.0,0.0,1.0,0.0
