Connected!
[newChuckSize]:0
thread is open, sizeMB500
[newChuckSize]:500
print extradionario!!!!
0.468234,0.130556,0.151515,0.322835,0.3460.234617,0.347222,0.666667,0.26199,0.518088,0.104398,0.972441,0.665354,0,0.043636,0,0,0,1,0,0,1,0,0,0,0,0,0,0,0,0,0,0,0,0,0,0,0,0,0,0,0,0,0,0,0,0,0,0,0,0,0,0,0,0,0,0,0,0,40.222611,0.35,0.606061,0.250537,0.498708,0.101447,0.980315,0.704724,0.062992,0.039732,0,0,0,1,0,0,1,0,0,0,0,0,0,0,0,0,0,0,0,0,0,0,0,0,0,0,0,0,0,0,0,0,0,0,0,0,0,0,0,0,0,0,0,0,4
java.lang.NumberFormatException: multiple points
thread is open, sizeMB500
thread is open, sizeMB500
print extradionario!!!!
0.638319,0.961111,0.121212,0.287759,0.169251,0.126458,0.807087,0.80.581791,0.205556,0.106061,0.088762,0.235142,0.176057,0.901575,0.893701,0.519685,0.352014,1,0,0,0,0,0,0,0,0,0,0,0,0,0,0,0,0,0,0,0,0,0,0,0,0,0,0,0,0,0,0,0,1,0,0,0,0,0,0,0,0,0,0,0,2
java.lang.NumberFormatException: multiple points
print extradionario!!!!
0.411206,0.369444,0.136364,0.221188,0.310.377189,0.119444,0.151515,0.021475,0.228682,0.297457,0.874016,0.862205,0.515748,0.29388,0,0,1,0,0,0,0,0,0,0,0,0,0,1,0,0,0,0,0,0,0,0,0,0,0,0,0,0,0,0,0,0,0,0,0,0,0,0,0,0,0,0,0,0,60.384192,0.586111,0.30303,0.021475,0.229974,0.287621,0.787402,1,0.720472,0.295692,0,0,1,0,0,0,0,0,0,0,0,0,0,0,0,0,0,0,0,0,1,0,0,0,0,0,0,0,0,0,0,0,0,0,0,0,0,0,0,0,0,0,0,0,3
java.lang.NumberFormatException: multiple points
thread is open, sizeMB500
print extradionario!!!!
0.450225,0.20.512256,0.291667,0.106061,0.021475,0.223514,0.755796,0.913386,0.913386,0.523622,0.584414,1,0,0,0,0,0,0,0,0,0,0,0,0,0,0,0,0,0,0,0,0,0,0,0,0,0,0,0,0,0,0,0,1,0,0,0,0,0,0,0,0,0,0,0,10.512256,0.2,0.030303,0,0.223514,0.751721,0.874016,0.92126,0.586614,0.588457,1,0,0,0,0,0,0,0,0,0,0,0,0,0,0,0,0,0,0,0,0,0,0,0,0,0,0,0,0,0,0,0,1,0,0,0,0,0,0,0,0,0,0,0,1
java.lang.NumberFormatException: multiple points
print extradionario!!!!
0.453227,0.305556,0.090909,0.042949,0.235142,0.399045,0.909449,0.90.636818,0.425,0.30303,0.364352,0.333333,0.796262,0.944882,0.929134,0.46063,0.204935,1,0,0,0,0,0,0,0,0,0,0,0,0,0,0,0,0,0,0,0,0,0,0,0,0,0,0,0,0,0,0,0,1,0,0,0,0,0,0,0,0,0,0,0,20.635318,0.45,0.287879,0.3801,0.329457,0.798792,0.925197,0.948819,0.507874,0.205075,1,0,0,0,0,0,0,0,0,0,0,0,0,0,0,0,0,0,0,0,0,0,0,0,0,0,0,0,0,0,0,0,1,0,0,0,0,0,0,0,0,0,0,0,2
java.lang.NumberFormatException: multiple points
thread is open, sizeMB500
print extradionario!!!!
0.523762,0.311111,0.348485,0.068003,0.273902,0.885064,0.992126,0.826770.495748,0.133333,0.257576,0.14388,0.244186,0.489111,0.88189,0.795276,0.417323,0.743901,1,0,0,0,0,0,0,0,0,0,0,0,0,0,0,0,0,0,0,0,0,0,0,0,0,0,0,0,0,0,0,0,1,0,0,0,0,0,0,0,0,0,0,0,20.491746,0.15,0.242424,0.154617,0.242894,0.486581,0.897638,0.799213,0.409449,0.740415,1,0,0,0,0,0,0,0,0,0,0,0,0,0,0,0,0,0,0,0,0,0,0,0,0,0,0,0,0,0,0,0,1,0,0,0,0,0,0,0,0,0,0,0,2
java.lang.NumberFormatException: multiple points
thread is open, sizeMB500
print extradionario!!!!
0.469735,0.302778,0.166667,0.021475,0.215762,0.370662,0.940945,0.897638,0.468504,0.50.454727,0.141667,0.227273,0.021475,0.232558,0.294085,0.889764,0.814961,0.433071,0.467726,1,0,0,0,0,0,0,0,0,0,0,0,0,0,0,0,0,0,0,0,0,0,0,0,0,0,0,0,0,0,0,0,1,0,0,0,0,0,0,0,0,0,0,0,20.451226,0.119444,0.181818,0,0.223514,0.290291,0.874016,0.838583,0.484252,0.464101,1,0,0,0,0,0,0,0,0,0,0,0,0,0,0,0,0,0,0,0,0,0,0,1,0,0,0,0,0,0,0,0,0,0,0,0,0,0,0,0,0,0,0,0,2
java.lang.NumberFormatException: multiple points
thread is open, sizeMB500
thread is open, sizeMB500
thread is open, sizeMB500
thread is open, sizeMB500
thread is open, sizeMB500
print extradionario!!!!
0.534767,0.297222,0.181818,0.173228,0.255814,0.429816,0.944882,0.885827,0.444882,0.220.526263,0.577778,0.227273,0.064424,0.23385,0.451314,0.818898,0.996063,0.692913,0.205772,1,0,0,0,0,0,0,0,0,0,0,0,0,0,0,0,0,0,0,0,0,0,0,0,0,0,0,0,0,0,0,0,1,0,0,0,0,0,0,0,0,0,0,0,10.528764,0.563889,0.181818,0.064424,0.245478,0.448504,0.84252,0.988189,0.669291,0.209536,1,0,0,0,0,0,0,0,0,0,0,0,0,0,0,0,0,0,0,0,0,0,0,0,0,0,0,0,0,0,0,0,1,0,0,0,0,0,0,0,0,0,0,0,1
java.lang.NumberFormatException: multiple points
thread is open, sizeMB500
thread is open, sizeMB500
thread is open, sizeMB500
print extradionario!!!!
0.582291,0.216667,0.227273,0.309950.651826,0.15,0.090909,0.021475,0.22093,0.545033,0.88189,0.889764,0.53937,0.458525,1,0,0,0,0,0,0,0,0,0,0,0,0,0,0,0,0,0,0,0,0,0,0,0,0,0,1,0,0,0,0,0,0,0,0,0,0,0,0,0,0,0,0,0,10.650325,0.077778,0.121212,0.021475,0.22093,0.549248,0.854331,0.877953,0.555118,0.456016,1,0,0,0,0,0,0,0,0,0,0,0,0,0,0,0,0,0,0,0,0,0,0,0,0,0,1,0,0,0,0,0,0,0,0,0,0,0,0,0,0,0,0,0,1
java.lang.NumberFormatException: multiple points
print extradionario!!!!
0.622311,0.638889,0.242424,0.41446,0.347545,0.855557,0.763780.48024,0.108333,0.151515,0,0.223514,0.201068,0.870079,0.858268,0.515748,0.347972,1,0,0,0,0,0,0,0,0,0,0,0,0,0,0,0,0,0,0,0,0,0,0,0,0,0,0,0,0,0,0,0,1,0,0,0,0,0,0,0,0,0,0,0,10.477739,0.119444,0.166667,0,0.223514,0.197555,0.874016,0.850394,0.5,0.347275,1,0,0,0,0,0,0,0,0,0,0,0,0,0,0,0,0,0,0,0,0,0,0,0,0,0,0,0,0,0,0,0,1,0,0,0,0,0,0,0,0,0,0,0,1
java.lang.NumberFormatException: multiple points
thread is open, sizeMB500
thread is open, sizeMB500
thread is open, sizeMB500
thread is open, sizeMB500
print extradionario!!!!
0.69935,0.672222,0.060606,0.250537,0.260982,0.49993,0.838583,0.952756,0.65748,0.240.703852,0.080556,0.151515,0.156049,0.30491,0.709428,0.854331,0.862205,0.53937,0.013244,1,0,0,0,0,0,0,0,0,0,0,0,0,0,0,0,0,0,0,0,0,0,0,0,0,0,0,0,0,0,0,0,0,0,0,0,0,0,0,0,0,1,0,0,10.702851,0.036111,0.136364,0.136006,0.302326,0.706477,0.830709,0.870079,0.574803,0.009341,1,0,0,0,0,0,0,0,0,0,0,0,0,0,0,0,0,0,0,0,0,0,0,0,0,0,0,0,0,0,0,0,0,0,0,0,0,0,0,0,0,1,0,0,1
java.lang.NumberFormatException: multiple points
thread is open, sizeMB500
print extradionario!!!!
0.782891,0.80.524762,0.208333,0.19697,0.224052,0.386305,0.218631,0.929134,0.84252,0.42126,0.296389,0,0,1,0,0,0,0,0,0,0,0,0,0,0,0,0,0,0,0,0,0,0,0,0,0,0,0,1,0,0,0,0,0,0,0,0,0,0,0,0,0,0,0,0,20.522261,0.166667,0.212121,0.204009,0.379845,0.217226,0.905512,0.822835,0.425197,0.292207,0,0,1,0,0,0,0,0,0,0,0,0,0,0,0,0,0,0,0,0,0,0,0,0,0,0,0,1,0,0,0,0,0,0,0,0,0,0,0,0,0,0,0,0,2
java.lang.NumberFormatException: multiple points
thread is open, sizeMB500
print extradionario!!!!
0.75988,0.2861110.546773,0.758333,0.060606,0.19184,0.255814,0.275537,0.822835,0.948819,0.669291,0.277011,0,0,1,0,0,0,0,0,0,0,0,0,0,0,0,0,0,0,0,0,0,0,0,0,0,0,0,0,0,0,0,0,0,0,0,1,0,0,0,0,0,0,0,0,20.548274,0.713889,0.075758,0.211167,0.25969,0.271884,0.818898,0.956693,0.681102,0.280217,0,0,1,0,0,0,0,0,0,0,0,0,0,0,0,0,0,0,0,0,0,0,0,0,0,0,0,0,0,0,0,0,0,0,0,1,0,0,0,0,0,0,0,0,2
java.lang.NumberFormatException: multiple points
thread is open, sizeMB500
print extradionario!!!!
0.073537,0.161111,0.30303,0.0.178589,0.122222,0.560606,0.273443,0.547804,0.059576,0.787402,0.527559,0.153543,0.039454,0,0,0,1,0,0,0,0,0,0,0,0,0,1,0,0,0,0,0,0,0,0,0,0,0,0,0,0,0,0,0,0,0,0,0,0,0,0,0,0,0,0,0,0,30.169585,0.116667,0.560606,0.258411,0.524548,0.056765,0.779528,0.527559,0.161417,0.037362,0,0,0,1,0,0,0,0,0,0,0,0,0,1,0,0,0,0,0,0,0,0,0,0,0,0,0,0,0,0,0,0,0,0,0,0,0,0,0,0,0,0,0,0,3
java.lang.NumberFormatException: multiple points
thread is open, sizeMB500
thread is open, sizeMB500
thread is open, sizeMB500
thread is open, sizeMB500
learning evaluation instances,Wall Time (Actual Time),Avg Delay (ms),outRate (inst/s),classified instances,classifications correct (percent),Kappa Statistic (percent),Kappa Temporal Statistic (percent),Kappa M Statistic (percent),F1 Score (percent),F1 Score for class 0 (percent),F1 Score for class 1 (percent),F1 Score for class 2 (percent),F1 Score for class 3 (percent),F1 Score for class 4 (percent),F1 Score for class 5 (percent),F1 Score for class 6 (percent),Precision (percent),Precision for class 0 (percent),Precision for class 1 (percent),Precision for class 2 (percent),Precision for class 3 (percent),Precision for class 4 (percent),Precision for class 5 (percent),Precision for class 6 (percent),Recall (percent),Recall for class 0 (percent),Recall for class 1 (percent),Recall for class 2 (percent),Recall for class 3 (percent),Recall for class 4 (percent),Recall for class 5 (percent),Recall for class 6 (percent),model training instances,model serialized size (bytes),ensemble size,change detections,[avg] model training instances,[err] model training instances,[avg] model serialized size (bytes),[err] model serialized size (bytes),[avg] tree size (nodes),[err] tree size (nodes),[avg] tree size (leaves),[err] tree size (leaves),[avg] active learning leaves,[err] active learning leaves,[avg] tree depth,[err] tree depth,[avg] active leaf byte size estimate,[err] active leaf byte size estimate,[avg] inactive leaf byte size estimate,[err] inactive leaf byte size estimate,[avg] byte size estimate overhead,[err] byte size estimate overhead
202501.0,120.2020034790039,292.0,1684.67236328125,202500.0,90.81037037037038,83.09816899040831,-82.24463813534398,76.46069192334453,71.52302992544007,?,87.61217619587637,93.89385764806701,89.0282131661442,83.19174757281553,75.39886773031395,70.18912529550828,70.86803765777258,0.0,89.63312139150771,93.26757839038933,86.30526418978532,79.2485549132948,70.16283524904215,77.45890947038873,72.1902425680627,0.0,85.68035349389595,94.5286045268223,91.92857888691657,87.5478927203065,81.47942157953281,64.16684676896477,0.0,1.0,10.0,402.0,31538.600000000002,41072.82331880507,1.0,0.0,6.8999999999999995,10.049322807477571,3.9,5.065131346328104,3.9,5.065131346328104,1.4000000000000001,2.118699810942761,0.0,0.0,0.0,0.0,1.0,0.0
