Connected!
[newChuckSize]:0
thread is open, sizeMB500
[newChuckSize]:500
thread is open, sizeMB500
print extradionario!!!!
0.47924,0.088889,0.227273,0.27917,0.31910.724862,0.377778,0.318182,0.56335,0.173127,0.184909,0.972441,0.889764,0.38189,0.363446,1,0,0,0,0,0,0,0,0,0,0,0,0,0,0,0,0,0,0,0,0,0,0,0,0,0,0,0,0,0,0,0,0,0,0,0,0,0,0,0,0,0,1,0,10.462731,0.488889,0.348485,0.173228,0.324289,0.08009,0.885827,0.964567,0.551181,0.084205,1,0,0,0,0,0,0,0,0,0,0,0,0,0,0,0,0,0,0,0,0,0,0,0,0,0,0,0,0,0,0,0,0,1,0,0,0,0,0,0,0,0,0,0,5
java.lang.NumberFormatException: multiple points
print extradionario!!!!
0.16850.704852,0.122222,0.287879,0.193271,0.356589,0.490516,0.870079,0.771654,0.405512,0.297644,0,0,1,0,0,0,0,0,0,0,0,0,0,0,0,0,0,0,0,0,0,0,0,0,0,0,0,0,0,0,0,0,0,0,1,0,0,0,0,0,0,0,0,0,7
java.lang.NumberFormatException: multiple points
thread is open, sizeMB500
thread is open, sizeMB500
thread is open, sizeMB500
thread is open, sizeMB500
print extradionario!!!!
0.436218,0.286111,0.0606060.494247,0.394444,0.439394,0.068003,0.273902,0.729099,0.972441,0.858268,0.30315,0.62331,1,0,0,0,0,0,0,0,0,0,0,0,0,0,0,0,0,0,0,0,0,0,0,0,0,0,0,0,0,0,0,0,0,1,0,0,0,0,0,0,0,0,0,0,20.489245,0.394444,0.469697,0.060845,0.26615,0.725025,0.972441,0.846457,0.283465,0.627353,1,0,0,0,0,0,0,0,0,0,0,0,0,0,0,0,0,0,0,0,0,0,0,0,0,0,0,0,0,0,0,0,0,1,0,0,0,0,0,0,0,0,0,0,2
java.lang.NumberFormatException: multiple points
print extradionario!!!!
0.363682,0.316667,0.166667,0.088762,0.27261,0.206548,0.940945,0.901575,0.4685040.630315,0.491667,0.227273,0.416607,0.324289,0.808627,0.889764,0.972441,0.590551,0.206469,1,0,0,0,0,0,0,0,0,0,0,0,0,0,0,0,0,0,0,0,0,0,0,0,0,0,0,0,0,0,0,0,1,0,0,0,0,0,0,0,0,0,0,0,20.628814,0.419444,0.287879,0.421618,0.329457,0.811016,0.944882,0.929134,0.46063,0.207026,1,0,0,0,0,0,0,0,0,0,0,0,0,0,0,0,0,0,0,0,0,0,0,0,0,0,0,0,0,0,0,0,1,0,0,0,0,0,0,0,0,0,0,0,2
java.lang.NumberFormatException: multiple points
thread is open, sizeMB500
print extradionario!!!!
0.6090.50075,0.127778,0.212121,0.136006,0.26615,0.524378,0.88189,0.822835,0.456693,0.880942,1,0,0,0,0,0,0,0,0,0,0,0,0,0,0,1,0,0,0,0,0,0,0,0,0,0,0,0,0,0,0,0,0,0,0,0,0,0,0,0,0,0,0,0,2
java.lang.NumberFormatException: multiple points
thread is open, sizeMB500
print extradionario!!!!
0.396698,0.319444,0.272727,0.258411,0.30.504252,0.9,0.212121,0,0.223514,0.892089,0.720472,0.88189,0.708661,0.610623,1,0,0,0,0,0,0,0,0,0,0,0,0,0,0,0,0,0,0,0,0,0,0,0,0,0,0,0,0,0,0,0,0,1,0,0,0,0,0,0,0,0,0,0,20.507254,0.95,0.287879,0.021475,0.24031,0.888296,0.700787,0.818898,0.65748,0.614108,1,0,0,0,0,0,0,0,0,0,0,0,0,0,0,0,0,0,0,0,0,0,0,0,0,0,0,1,0,0,0,0,0,0,0,0,0,0,0,0,0,0,0,0,2
java.lang.NumberFormatException: multiple points
thread is open, sizeMB500
thread is open, sizeMB500
print extradionario!!!!
0.453727,0.4,0.19697,0.137430.569785,0.038889,0.090909,0.211167,0.217054,0.718983,0.846457,0.897638,0.590551,0.638924,1,0,0,0,0,0,0,0,0,0,0,0,0,0,0,0,0,0,0,0,0,0,0,0,0,0,0,0,0,0,0,0,1,0,0,0,0,0,0,0,0,0,0,0,20.569785,0.113889,0.151515,0.215462,0.257106,0.715329,0.870079,0.862205,0.519685,0.63753,1,0,0,0,0,0,0,0,0,0,0,0,0,0,0,0,0,0,0,0,0,0,0,0,0,0,0,0,0,0,0,0,1,0,0,0,0,0,0,0,0,0,0,0,2
java.lang.NumberFormatException: multiple points
thread is open, sizeMB500
thread is open, sizeMB500
thread is open, sizeMB500
thread is open, sizeMB500
thread is open, sizeMB500
print extradionario!!!!
0.535768,0.686111,0.030303,0.125268,0.25323,0.70950.382191,0.275,0.121212,0.23121,0.329457,0.137277,0.917323,0.901575,0.503937,0.074446,1,0,0,0,0,0,0,0,0,0,0,0,0,0,0,0,0,0,0,0,0,0,0,0,0,0,0,0,0,0,0,0,0,1,0,0,0,0,0,0,0,0,0,0,20.38019,0.294444,0.136364,0.211167,0.324289,0.133062,0.925197,0.901575,0.492126,0.077095,1,0,0,0,0,0,0,0,0,0,0,0,0,0,0,0,0,0,0,0,0,0,0,0,0,0,0,0,0,0,0,0,0,1,0,0,0,0,0,0,0,0,0,0,2
java.lang.NumberFormatException: multiple points
print extradionario!!!!
0.52026,0.35,0.310.682841,0.088889,0.060606,0.261274,0.26615,0.461009,0.862205,0.905512,0.57874,0.51178,1,0,0,0,0,0,0,0,0,0,0,0,0,0,0,0,0,0,0,0,0,0,0,0,0,0,1,0,0,0,0,0,0,0,0,0,0,0,0,0,0,0,0,0,10.681341,0.125,0.121212,0.2398,0.262274,0.465224,0.877953,0.877953,0.531496,0.508992,1,0,0,0,0,0,0,0,0,0,0,0,0,0,0,0,0,0,0,0,0,0,0,0,0,0,1,0,0,0,0,0,0,0,0,0,0,0,0,0,0,0,0,0,1
java.lang.NumberFormatException: multiple points
thread is open, sizeMB500
thread is open, sizeMB500
print extradionario!!!!
0.649825,0.966667,0.136364,0.3520.556278,0.883333,0.106061,0.021475,0.228682,0.464943,0.795276,0.92126,0.673228,0.288164,1,0,0,0,0,0,0,0,0,0,0,0,0,0,0,0,0,0,0,0,0,0,0,0,0,0,1,0,0,0,0,0,0,0,0,0,0,0,0,0,0,0,0,0,20.557779,0.869444,0.121212,0.030064,0.229974,0.460728,0.783465,0.92126,0.688976,0.286212,1,0,0,0,0,0,0,0,0,0,0,0,0,0,0,0,0,0,0,0,0,0,0,0,0,0,0,0,0,0,0,0,1,0,0,0,0,0,0,0,0,0,0,0,2
java.lang.NumberFormatException: multiple points
thread is open, sizeMB500
print extradionario!!!!
0.584292,0.097222,0.166667,0.107373,0.248062,0.351412,0.862205,0.846457,0.5150.501751,0.158333,0.242424,0.395848,0.44832,0.078404,0.901575,0.807087,0.409449,0.34128,1,0,0,0,0,0,0,0,0,0,0,0,0,0,0,0,0,0,0,0,0,0,0,0,0,0,0,1,0,0,0,0,0,0,0,0,0,0,0,0,0,0,0,0,20.497749,0.194444,0.363636,0.382248,0.437984,0.076015,0.937008,0.728346,0.255906,0.345323,1,0,0,0,0,0,0,0,0,0,0,0,0,0,0,0,0,0,0,0,0,0,0,0,0,0,0,1,0,0,0,0,0,0,0,0,0,0,0,0,0,0,0,0,2
java.lang.NumberFormatException: multiple points
thread is open, sizeMB500
thread is open, sizeMB500
thread is open, sizeMB500
print extradionario!!!!
0.684842,0.852778,0.212121,0.214746,0.333333,0.652380.604802,0.155556,0.242424,0.064424,0.217054,0.245047,0.901575,0.807087,0.413386,0.428273,1,0,0,0,0,0,0,0,0,0,0,0,0,0,0,0,0,0,0,0,0,0,0,0,0,0,0,0,0,0,0,0,1,0,0,0,0,0,0,0,0,0,0,0,10.601801,0.155556,0.212121,0.068003,0.215762,0.240832,0.897638,0.830709,0.444882,0.429667,1,0,0,0,0,0,0,0,0,0,0,0,0,0,0,0,0,0,0,0,0,0,0,0,0,0,1,0,0,0,0,0,0,0,0,0,0,0,0,0,0,0,0,0,1
java.lang.NumberFormatException: multiple points
thread is open, sizeMB500
thread is open, sizeMB500
print extradionario!!!!
0.421711,0.197222,0.400.603802,0.180556,0.242424,0.494631,0.5323,0.156527,0.92126,0.811024,0.389764,0.113202,1,0,0,0,0,0,0,0,0,0,0,0,0,0,0,0,0,0,0,0,0,0,0,0,0,0,0,0,0,0,0,0,1,0,0,0,0,0,0,0,0,0,0,0,10.5993,0.2,0.318182,0.473157,0.520672,0.156246,0.937008,0.767717,0.307087,0.10902,1,0,0,0,0,0,0,0,0,0,0,0,0,0,0,0,0,0,0,0,0,0,0,0,0,0,0,0,0,0,0,0,1,0,0,0,0,0,0,0,0,0,0,0,1
java.lang.NumberFormatException: multiple points
thread is open, sizeMB500
thread is open, sizeMB500
learning evaluation instances,Wall Time (Actual Time),Avg Delay (ms),outRate (inst/s),classified instances,classifications correct (percent),Kappa Statistic (percent),Kappa Temporal Statistic (percent),Kappa M Statistic (percent),F1 Score (percent),F1 Score for class 0 (percent),F1 Score for class 1 (percent),F1 Score for class 2 (percent),F1 Score for class 3 (percent),F1 Score for class 4 (percent),F1 Score for class 5 (percent),F1 Score for class 6 (percent),Precision (percent),Precision for class 0 (percent),Precision for class 1 (percent),Precision for class 2 (percent),Precision for class 3 (percent),Precision for class 4 (percent),Precision for class 5 (percent),Precision for class 6 (percent),Recall (percent),Recall for class 0 (percent),Recall for class 1 (percent),Recall for class 2 (percent),Recall for class 3 (percent),Recall for class 4 (percent),Recall for class 5 (percent),Recall for class 6 (percent),model training instances,model serialized size (bytes),ensemble size,change detections,[avg] model training instances,[err] model training instances,[avg] model serialized size (bytes),[err] model serialized size (bytes),[avg] tree size (nodes),[err] tree size (nodes),[avg] tree size (leaves),[err] tree size (leaves),[avg] active learning leaves,[err] active learning leaves,[avg] tree depth,[err] tree depth,[avg] active leaf byte size estimate,[err] active leaf byte size estimate,[avg] inactive leaf byte size estimate,[err] inactive leaf byte size estimate,[avg] byte size estimate overhead,[err] byte size estimate overhead
96001.0,120.3219985961914,615.0,797.8673706054688,96000.0,91.12916666666668,82.25531148758604,-51.935771632470995,74.21269379844962,69.85910346895231,?,87.20122054585524,94.51488748789875,83.71218595111945,88.2544271774485,73.12290769966523,61.153846153846146,69.54377875516829,0.0,89.969392216878,93.69850187265918,81.9611780455154,86.41188959660298,67.86506879715934,66.90042075736325,70.17730069163457,0.0,84.59830606035688,95.3456243151827,85.53964373035278,90.17725258493353,79.26386728875065,56.31641086186541,0.0,1.0,25.0,188.0,97996.24000000003,105153.49386265459,1.0,0.0,43.75999999999999,61.78948130547788,22.359999999999996,30.909653292566492,22.359999999999996,30.909653292566492,4.92,4.061198509471475,0.0,0.0,0.0,0.0,1.0,0.0
