Connected!
[newChuckSize]:0
thread is open, sizeMB500
[newChuckSize]:500
print extradionario!!!!
0.483742,0.030556,0.106061,0.26199,0.317829,0.372067,0.838583,0.885827,0.0.21911,0.313889,0.272727,0.352183,0.396641,0.199944,0.976378,0.862205,0.370079,0.141503,0,0,0,1,0,1,0,0,0,0,0,0,0,0,0,0,0,0,0,0,0,0,0,0,0,0,0,0,0,0,0,0,0,0,0,0,0,0,0,0,0,0,0,0,4
java.lang.NumberFormatException: multiple points
thread is open, sizeMB500
print extradionario!!!!
0.863432,0.952778,0.19697,0.176807,0.341085,0.264718,0.759843,0.8620.282141,0.386111,0.212121,0.064424,0.260982,0.072081,0.944882,0.925197,0.476378,0.133835,0,0,1,0,0,0,0,1,0,0,0,0,0,0,0,0,0,0,0,0,0,0,0,0,0,0,0,0,0,0,0,0,0,0,0,0,0,0,0,0,0,0,0,0,30.246123,0.294444,0.287879,0.042949,0.236434,0.049178,0.976378,0.84252,0.34252,0.108741,0,0,1,0,0,0,0,1,0,0,0,0,0,0,0,0,0,0,0,0,0,0,0,0,0,0,0,0,0,0,0,0,0,0,0,0,0,0,0,0,0,0,0,0,3
java.lang.NumberFormatException: multiple points
print extradionario!!!!
0.51926,0.2,0.19690.429215,0.319444,0.257576,0.042949,0.196382,0.048054,0.972441,0.874016,0.385827,0.06399,1,0,0,0,0,0,0,0,0,0,0,0,0,0,0,0,0,0,0,0,0,0,0,0,0,0,0,0,0,0,0,0,0,1,0,0,0,0,0,0,0,0,0,0,50.089545,0.305556,0.166667,0,0.223514,0.096248,0.940945,0.897638,0.464567,0.096194,0,0,0,1,1,0,0,0,0,0,0,0,0,0,0,0,0,0,0,0,0,0,0,0,0,0,0,0,0,0,0,0,0,0,0,0,0,0,0,0,0,0,0,0,4
java.lang.NumberFormatException: multiple points
thread is open, sizeMB500
print extradionario!!!!
0.367184,0.863889,0.30303,0.064424,0.0.361681,0.280556,0.090909,0.231926,0.20801,0.008431,0.905512,0.913386,0.531496,0.844695,1,0,0,0,0,0,0,0,0,0,0,0,0,0,0,0,0,0,0,0,0,0,0,0,0,0,0,0,0,0,0,0,1,0,0,0,0,0,0,0,0,0,0,0,20.36018,0.255556,0.075758,0.23121,0.26615,0.004215,0.901575,0.909449,0.53937,0.843022,1,0,0,0,0,0,0,0,0,0,0,0,0,0,0,0,0,0,0,0,0,0,0,0,0,0,0,0,0,0,0,0,1,0,0,0,0,0,0,0,0,0,0,0,2
java.lang.NumberFormatException: multiple points
print extradionario!!!!
0.391196,0,0.045455,0.03000.505753,0.275,0.212121,0.021475,0.211886,0.711395,0.952756,0.870079,0.417323,0.596403,1,0,0,0,0,0,0,0,0,0,0,0,0,0,0,0,0,0,0,0,0,0,0,0,0,0,0,0,0,0,0,0,1,0,0,0,0,0,0,0,0,0,0,0,20.502251,0.25,0.136364,0.021475,0.22739,0.70718,0.925197,0.885827,0.476378,0.600586,1,0,0,0,0,0,0,0,0,0,0,0,0,0,0,0,0,0,0,0,0,0,0,0,0,0,0,0,0,0,0,0,1,0,0,0,0,0,0,0,0,0,0,0,2
java.lang.NumberFormatException: multiple points
print extradionario!!!!
0.404702,0.163889,0.060606,0,0.223514,0.231137,0.877953,0.909449,0.560.368684,0.380556,0.181818,0.021475,0.229974,0.202754,0.937008,0.925197,0.496063,0.710024,1,0,0,0,0,0,0,0,0,0,0,0,0,0,0,0,0,0,0,1,0,0,0,0,0,0,0,0,0,0,0,0,0,0,0,0,0,0,0,0,0,0,0,0,20.366183,0.208333,0.075758,0,0.223514,0.201349,0.893701,0.905512,0.53937,0.707654,1,0,0,0,0,0,0,0,0,0,0,0,0,0,0,0,0,0,0,1,0,0,0,0,0,0,0,0,0,0,0,0,0,0,0,0,0,0,0,0,0,0,0,0,2
java.lang.NumberFormatException: multiple points
thread is open, sizeMB500
print extradionario!!!!
0.648324,0.016667,0.106061,0.182534,0.277778,0.69327,0.830709,0.889764,0.5980.62081,0.527778,0.121212,0.09592,0.213178,0.870873,0.866142,0.972441,0.629921,0.349366,1,0,0,0,0,0,0,0,0,0,0,0,0,0,0,0,0,0,0,0,0,0,0,0,0,0,0,0,0,0,0,0,1,0,0,0,0,0,0,0,0,0,0,0,20.622311,0.438889,0.136364,0.115963,0.211886,0.872137,0.905512,0.952756,0.566929,0.352293,1,0,0,0,0,0,0,0,0,0,0,0,0,0,0,0,0,0,0,0,0,0,0,0,0,0,0,0,0,0,0,0,1,0,0,0,0,0,0,0,0,0,0,0,2
java.lang.NumberFormatException: multiple points
print extradionario!!!!
0.553277,0.6,0.227273,0.121689,0.2700260.646323,0.061111,0.287879,0.322119,0.267442,0.670929,0.807087,0.775591,0.484252,0.352851,1,0,0,0,0,0,0,0,0,0,0,0,0,0,0,0,0,0,0,0,0,0,0,0,0,0,0,0,0,0,0,0,1,0,0,0,0,0,0,0,0,0,0,0,10.644822,0.058333,0.318182,0.30995,0.263566,0.673879,0.795276,0.751969,0.468504,0.355082,1,0,0,0,0,0,0,0,0,0,0,0,0,0,0,0,0,0,0,0,0,0,0,0,0,0,0,0,0,0,0,0,1,0,0,0,0,0,0,0,0,0,0,0,1
java.lang.NumberFormatException: multiple points
print extradionario!!!!
0.669835,0.125,0.136364,0.666428,0.257106,0.581003,0.877953,0.870079,0.50.615308,0.175,0.409091,0.18325,0.277778,0.694534,0.913386,0.681102,0.220472,0.375017,1,0,0,0,0,0,0,0,0,0,0,0,0,0,0,0,0,0,0,0,0,0,0,0,0,0,0,0,0,0,0,0,1,0,0,0,0,0,0,0,0,0,0,0,10.609805,0.141667,0.333333,0.163207,0.263566,0.697625,0.88189,0.732283,0.334646,0.375575,1,0,0,0,0,0,0,0,0,0,0,0,0,0,0,0,0,0,0,0,0,0,0,0,0,0,0,0,0,0,0,0,1,0,0,0,0,0,0,0,0,0,0,0,1
java.lang.NumberFormatException: multiple points
thread is open, sizeMB500
print extradionario!!!!
0.437719,0.008333,0.287879,0.04796,0.248062,0.316004,0.748031,0.0.534767,0.994444,0.121212,0.242663,0.28553,0.530139,0.818898,0.889764,0.610236,0.744458,1,0,0,0,0,0,0,0,0,0,0,0,0,0,0,0,0,0,0,0,0,0,0,0,0,0,0,0,0,0,0,0,1,0,0,0,0,0,0,0,0,0,0,0,20.535268,0.811111,0.060606,0.228346,0.288114,0.526064,0.814961,0.940945,0.669291,0.740694,1,0,0,0,0,0,0,0,0,0,0,0,0,0,0,0,0,0,0,0,0,0,0,0,0,0,0,0,0,0,0,0,1,0,0,0,0,0,0,0,0,0,0,0,2
java.lang.NumberFormatException: multiple points
print extradionario!!!!
0.0.630315,0.105556,0.227273,0.463851,0.156331,0.592103,0.858268,0.807087,0.464567,0.605186,1,0,0,0,0,0,0,0,0,0,0,0,0,0,0,0,0,0,0,0,0,0,0,0,0,0,1,0,0,0,0,0,0,0,0,0,0,0,0,0,0,0,0,0,1
java.lang.NumberFormatException: multiple points
thread is open, sizeMB500
thread is open, sizeMB500
print extradionario!!!!
0.384692,0.080556,0.106061,0.219041,0.2440.502251,0.480556,0.151515,0.176807,0.268734,0.525783,0.889764,0.964567,0.590551,0.474,1,0,0,0,0,0,0,0,0,0,0,0,0,0,0,1,0,0,0,0,0,0,0,0,0,0,0,0,0,0,0,0,0,0,0,0,0,0,0,0,0,0,0,0,2
java.lang.NumberFormatException: multiple points
thread is open, sizeMB500
thread is open, sizeMB500
print extradionario!!!!
0.497749,0.10.536768,0.172222,0.242424,0.085898,0.244186,0.693832,0.913386,0.807087,0.397638,0.261955,1,0,0,0,0,0,0,0,0,0,0,0,0,0,0,0,0,0,0,0,0,0,0,0,0,0,0,0,0,0,0,0,1,0,0,0,0,0,0,0,0,0,0,0,20.531766,0.161111,0.227273,0.064424,0.231266,0.697344,0.905512,0.818898,0.425197,0.258051,1,0,0,0,0,0,0,0,0,0,0,0,0,0,0,0,0,0,0,0,0,0,0,0,0,0,0,0,0,0,0,0,1,0,0,0,0,0,0,0,0,0,0,0,2
java.lang.NumberFormatException: multiple points
thread is open, sizeMB500
thread is open, sizeMB500
print extradionario!!!!
0.596298,0.166667,0.151515,0.021475,0.229974,0.650.570785,0.875,0.19697,0.171797,0.267442,0.574821,0.728346,0.901575,0.724409,0.182629,1,0,0,0,0,0,0,0,0,0,0,0,0,0,0,0,0,0,0,0,0,0,0,0,0,0,0,0,0,0,0,0,1,0,0,0,0,0,0,0,0,0,0,0,2
java.lang.NumberFormatException: multiple points
print extradionario!!!!
0.406200.503252,0.041667,0.075758,0.30136,0.310078,0.297035,0.846457,0.901575,0.590551,0.236582,1,0,0,0,0,0,0,0,0,0,0,0,0,0,0,1,0,0,0,0,0,0,0,0,0,0,0,0,0,0,0,0,0,0,0,0,0,0,0,0,0,0,0,0,2
java.lang.NumberFormatException: multiple points
thread is open, sizeMB500
thread is open, sizeMB500
thread is open, sizeMB500
print extradionario!!!!
0.64032,0.763889,0.227273,0.236936,0.317829,0.0.62031,0.080556,0.106061,0.042949,0.231266,0.678797,0.858268,0.88189,0.559055,0.35076,1,0,0,0,0,0,0,0,0,0,0,0,0,0,0,0,0,0,0,0,0,0,0,0,0,0,0,0,0,0,0,0,1,0,0,0,0,0,0,0,0,0,0,0,2
java.lang.NumberFormatException: multiple points
thread is open, sizeMB500
thread is open, sizeMB500
thread is open, sizeMB500
thread is open, sizeMB500
print extradionario!!!!
0.577789,0.547222,0.136364,0.463851,0.357881,0.254602,0.858268,0.976378,0.640.694847,0.316667,0.333333,0.088762,0.250646,0.348883,0.988189,0.834646,0.30315,0.387146,1,0,0,0,0,0,0,0,0,0,0,0,0,0,0,0,0,0,0,0,0,0,0,0,0,0,0,0,0,0,0,0,0,0,0,0,0,0,0,0,0,1,0,0,10.689845,0.313889,0.272727,0.068003,0.248062,0.347056,0.976378,0.858268,0.358268,0.386589,1,0,0,0,0,0,0,0,0,0,0,0,0,0,0,0,0,0,0,0,0,0,0,0,0,0,0,0,0,0,0,0,0,0,0,0,0,0,0,0,0,1,0,0,1
java.lang.NumberFormatException: multiple points
thread is open, sizeMB500
thread is open, sizeMB500
thread is open, sizeMB500
thread is open, sizeMB500
thread is open, sizeMB500
print extradionario!!!!
0.277639,0.125,0.2727270.635318,0.875,0.272727,0.030064,0.222222,0.328369,0.669291,0.877953,0.755906,0.416004,1,0,0,0,0,0,0,0,0,0,0,0,0,0,0,0,0,0,0,0,0,0,0,0,0,0,0,0,0,0,0,0,1,0,0,0,0,0,0,0,0,0,0,0,10.638319,0.85,0.30303,0.021475,0.228682,0.326261,0.637795,0.885827,0.795276,0.41698,1,0,0,0,0,0,0,0,0,0,0,0,0,0,0,0,0,0,0,0,0,0,0,0,0,0,0,0,0,0,0,0,1,0,0,0,0,0,0,0,0,0,0,0,1
java.lang.NumberFormatException: multiple points
thread is open, sizeMB500
learning evaluation instances,Wall Time (Actual Time),Avg Delay (ms),outRate (inst/s),classified instances,classifications correct (percent),Kappa Statistic (percent),Kappa Temporal Statistic (percent),Kappa M Statistic (percent),F1 Score (percent),F1 Score for class 0 (percent),F1 Score for class 1 (percent),F1 Score for class 2 (percent),F1 Score for class 3 (percent),F1 Score for class 4 (percent),F1 Score for class 5 (percent),F1 Score for class 6 (percent),Precision (percent),Precision for class 0 (percent),Precision for class 1 (percent),Precision for class 2 (percent),Precision for class 3 (percent),Precision for class 4 (percent),Precision for class 5 (percent),Precision for class 6 (percent),Recall (percent),Recall for class 0 (percent),Recall for class 1 (percent),Recall for class 2 (percent),Recall for class 3 (percent),Recall for class 4 (percent),Recall for class 5 (percent),Recall for class 6 (percent),model training instances,model serialized size (bytes),ensemble size,[avg] model training instances,[err] model training instances,[avg] model serialized size (bytes),[err] model serialized size (bytes),[avg] tree size (nodes),[err] tree size (nodes),[avg] tree size (leaves),[err] tree size (leaves),[avg] active learning leaves,[err] active learning leaves,[avg] tree depth,[err] tree depth,[avg] active leaf byte size estimate,[err] active leaf byte size estimate,[avg] inactive leaf byte size estimate,[err] inactive leaf byte size estimate,[avg] byte size estimate overhead,[err] byte size estimate overhead
320501.0,120.01100158691406,165.0,2670.596923828125,320500.0,78.00093603744149,60.74459723580201,-317.7202440902902,50.28766833533101,55.09010325485571,0.09633911368015416,69.62833878420088,85.34611789105881,77.98519218651543,69.03028880018783,23.930366556331983,32.803428255460325,60.90224325065362,0.048947626040137054,84.0959283798005,78.49310305946027,67.95703352894746,70.20057306590259,49.168765743073045,76.35135135135135,50.29066755719881,3.0303030303030303,59.4079829117105,93.51023697849618,91.48533148533149,67.89838337182448,15.813350615683733,20.889084507042256,0.0,1.0,25.0,234468.08,89961.21347184388,1.0,0.0,60.56,51.9190716403905,25.36,28.818223401174475,25.36,28.818223401174475,6.44,4.925105751825708,0.0,0.0,0.0,0.0,1.0,0.0
