Connected!
[newChuckSize]:0
thread is open, sizeMB500
[newChuckSize]:500
thread is open, sizeMB500
print extradionario!!!!
0.0.450725,0.961111,0.121212,0.344309,0.326873,0.22088,0.807087,0.897638,0.633858,0.264185,0,0,1,0,0,0,0,0,0,0,0,0,0,0,1,0,0,0,0,0,0,0,0,0,0,0,0,0,0,0,0,0,0,0,0,0,0,0,0,0,0,0,0,0,3
java.lang.NumberFormatException: multiple points
print extradionario!!!!
0.797899,0.408333,0.257576,0.09592,0.284238,0.57970.756378,0.402778,0.166667,0.538296,0.436693,0.081355,0.929134,0.937008,0.519685,0.026767,0,1,0,0,0,0,0,0,0,0,0,0,0,0,0,0,0,0,0,0,0,0,0,0,0,0,0,0,0,0,0,0,0,0,0,0,0,0,0,0,0,1,0,0,70.652326,0.577778,0.166667,0.14388,0.258398,0.085289,0.834646,0.984252,0.677165,0.351736,0,1,0,0,0,0,0,0,0,0,0,0,0,0,0,0,0,0,0,0,0,0,0,0,0,0,1,0,0,0,0,0,0,0,0,0,0,0,0,0,0,0,0,0,1
java.lang.NumberFormatException: multiple points
print extradionario!!!!
0.390.381191,0.411111,0.136364,0,0.223514,0.106365,0.913386,0.944882,0.547244,0.828524,1,0,0,0,0,0,0,0,0,0,0,0,0,0,0,0,0,0,0,0,0,1,0,0,0,0,0,0,0,0,0,0,0,0,0,0,0,0,0,0,0,0,0,0,2
java.lang.NumberFormatException: multiple points
thread is open, sizeMB500
print extradionario!!!!
0.453227,0.180556,0.287879,0.064424,0.20.365183,0.230556,0.090909,0.137437,0.262274,0.185612,0.897638,0.905512,0.53937,0.68005,1,0,0,0,0,0,0,0,0,0,0,0,0,0,0,0,0,0,0,0,0,1,0,0,0,0,0,0,0,0,0,0,0,0,0,0,0,0,0,0,0,0,0,0,20.364182,0.213889,0.060606,0.151754,0.254522,0.185471,0.889764,0.909449,0.555118,0.677959,1,0,0,0,0,0,0,0,0,0,0,0,0,0,0,0,0,0,0,0,0,1,0,0,0,0,0,0,0,0,0,0,0,0,0,0,0,0,0,0,0,0,0,0,2
java.lang.NumberFormatException: multiple points
print extradionario!!!!
0.550275,0.011111,0.151515,0.211167,0.394057,0.708445,0.810.482741,0.769444,0.181818,0.021475,0.22739,0.74849,0.732283,0.952756,0.767717,0.652447,1,0,0,0,0,0,0,0,0,0,0,0,0,0,0,0,0,0,0,0,0,0,0,0,0,0,0,1,0,0,0,0,0,0,0,0,0,0,0,0,0,0,0,0,20.489245,0.747222,0.454545,0.030064,0.236434,0.744555,0.503937,0.92126,0.933071,0.65635,1,0,0,0,0,0,0,0,0,0,0,0,0,0,0,0,0,0,0,0,0,0,0,0,0,0,0,1,0,0,0,0,0,0,0,0,0,0,0,0,0,0,0,0,2
java.lang.NumberFormatException: multiple points
print extradionario!!!!
0.576288,0.675,0.045455,0.088762,0.244186,0.799494,0.8380.512256,0.180556,0.136364,0.204009,0.270026,0.551356,0.901575,0.874016,0.496063,0.890144,1,0,0,0,0,0,0,0,0,0,0,0,0,0,0,0,0,0,0,0,0,0,0,1,0,0,0,0,0,0,0,0,0,0,0,0,0,0,0,0,0,0,0,0,20.509255,0.141667,0.106061,0.18325,0.262274,0.547984,0.88189,0.885827,0.53937,0.886658,1,0,0,0,0,0,0,0,0,0,0,0,0,0,0,0,0,0,0,0,0,0,0,1,0,0,0,0,0,0,0,0,0,0,0,0,0,0,0,0,0,0,0,0,2
java.lang.NumberFormatException: multiple points
thread is open, sizeMB500
thread is open, sizeMB500
print extradionario!!!!
0.551776,0.280556,0.151515,0.1430.535268,0.605556,0.121212,0.258411,0.270026,0.820008,0.834646,0.976378,0.677165,0.811097,1,0,0,0,0,0,0,0,0,0,0,0,0,0,0,0,0,0,0,0,0,0,0,0,0,0,0,0,0,0,0,0,1,0,0,0,0,0,0,0,0,0,0,0,2
java.lang.NumberFormatException: multiple points
print extradionario!!!!
0.542771,0.45,0.151515,0.387258,0.263566,0.547,0.900.602801,0.222222,0.136364,0,0.223514,0.500351,0.917323,0.877953,0.480315,0.728565,1,0,0,0,0,0,0,0,0,0,0,0,0,0,0,0,0,0,0,0,0,0,0,0,0,0,0,0,0,0,0,0,0,1,0,0,0,0,0,0,0,0,0,0,1
java.lang.NumberFormatException: multiple points
print extradionario!!!!
0.541771,0.686111,0.212121,0.259127,0.277778,0.776029,0.748031,0.984250.38069,0.216667,0.287879,0.2398,0.158915,0.172826,0.948819,0.791339,0.326772,0.059947,1,0,0,0,0,0,0,0,0,0,0,0,0,0,0,0,0,0,0,0,0,0,0,0,0,0,0,0,0,0,0,0,0,1,0,0,0,0,0,0,0,0,0,0,2
java.lang.NumberFormatException: multiple points
thread is open, sizeMB500
print extradionario!!!!
0.408704,0.369444,0.136364,0.085898,0.242894,0.280.597799,0.286111,0.060606,0.493916,0.288114,0.816355,0.893701,0.92126,0.555118,0.542451,1,0,0,0,0,0,0,0,0,0,0,0,0,0,0,0,0,0,0,0,0,0,0,0,0,0,0,0,0,0,0,0,1,0,0,0,0,0,0,0,0,0,0,0,1
java.lang.NumberFormatException: multiple points
thread is open, sizeMB500
print extradionario!!!!
0.591296,0.730556,0.090909,0.56335,0.30.376188,0.191667,0.106061,0.23121,0.313953,0.062667,0.897638,0.889764,0.515748,0.217482,1,0,0,0,0,0,0,0,0,0,0,0,0,0,0,1,0,0,0,0,0,0,0,0,0,0,0,0,0,0,0,0,0,0,0,0,0,0,0,0,0,0,0,0,20.376188,0.022222,0.030303,0.221188,0.313953,0.058733,0.854331,0.925197,0.610236,0.217482,1,0,0,0,0,0,0,0,0,0,0,0,0,0,0,1,0,0,0,0,0,0,0,0,0,0,0,0,0,0,0,0,0,0,0,0,0,0,0,0,0,0,0,0,2
java.lang.NumberFormatException: multiple points
thread is open, sizeMB500
print extradionario!!!!
0.651826,0.038889,0.136364,0.367215,0.249354,0.472109,0.83460.62081,0.133333,0.272727,0.211167,0.241602,0.584235,0.88189,0.775591,0.397638,0.425066,1,0,0,0,0,0,0,0,0,0,0,0,0,0,0,0,0,0,0,0,0,0,0,0,0,0,0,0,0,0,0,0,1,0,0,0,0,0,0,0,0,0,0,0,2
java.lang.NumberFormatException: multiple points
print extradionario!!!!
0.577289,0.0.502751,0.1,0.090909,0.251253,0.280362,0.299002,0.866142,0.889764,0.562992,0.399833,1,0,0,0,0,0,0,0,0,0,0,0,0,0,0,0,0,0,0,0,0,0,0,0,0,0,0,0,0,0,0,0,0,1,0,0,0,0,0,0,0,0,0,0,20.49975,0.180556,0.227273,0.24481,0.27261,0.295771,0.917323,0.822835,0.413386,0.403876,1,0,0,0,0,0,0,0,0,0,0,0,0,0,0,0,0,0,0,0,0,0,0,0,0,0,0,0,0,0,0,0,0,1,0,0,0,0,0,0,0,0,0,0,2
java.lang.NumberFormatException: multiple points
thread is open, sizeMB500
thread is open, sizeMB500
print extradionario!!!!
0.566283,0.347222,0.333333,0.151754,0.307494,0.763102,0.988189,0.858268,0.320.403202,0.413889,0.106061,0.19184,0.222222,0.175355,0.901575,0.944882,0.562992,0.063293,1,0,0,0,0,0,0,0,0,0,0,0,0,0,0,0,0,0,0,0,0,0,0,0,0,0,1,0,0,0,0,0,0,0,0,0,0,0,0,0,0,0,0,0,20.401201,0.391667,0.151515,0.211167,0.224806,0.17114,0.929134,0.933071,0.515748,0.06399,1,0,0,0,0,0,0,0,0,0,0,0,0,0,0,0,0,0,0,0,0,0,0,0,0,0,1,0,0,0,0,0,0,0,0,0,0,0,0,0,0,0,0,0,2
java.lang.NumberFormatException: multiple points
thread is open, sizeMB500
thread is open, sizeMB500
print extradionario!!!!
0.471736,0.069444,0.333333,0.125268,0.0.505253,0.994444,0.348485,0.121689,0.254522,0.167767,0.704724,0.755906,0.574803,0.231423,1,0,0,0,0,0,0,0,0,0,0,0,0,0,0,0,0,0,0,0,0,0,0,0,0,0,0,0,0,0,0,0,0,1,0,0,0,0,0,0,0,0,0,0,20.505253,0.019444,0.348485,0.137437,0.255814,0.163974,0.732283,0.744094,0.527559,0.23449,1,0,0,0,0,0,0,0,0,0,0,0,0,0,0,0,0,0,0,0,0,0,0,0,0,0,0,0,0,0,0,0,0,1,0,0,0,0,0,0,0,0,0,0,2
java.lang.NumberFormatException: multiple points
thread is open, sizeMB500
thread is open, sizeMB500
thread is open, sizeMB500
thread is open, sizeMB500
thread is open, sizeMB500
print extradionario!!!!
0.566283,0.386111,0.075758,0.251253,0.338501,0.244345,0.0.363182,0.188889,0.272727,0.064424,0.27261,0.131235,0.925197,0.795276,0.362205,0.142061,0,0,1,0,0,0,0,0,0,0,0,0,0,0,0,0,1,0,0,0,0,0,0,0,0,0,0,0,0,0,0,0,0,0,0,0,0,0,0,0,0,0,0,0,2
java.lang.NumberFormatException: multiple points
thread is open, sizeMB500
thread is open, sizeMB500
thread is open, sizeMB500
thread is open, sizeMB500
thread is open, sizeMB500
thread is open, sizeMB500
thread is open, sizeMB500
learning evaluation instances,Wall Time (Actual Time),Avg Delay (ms),outRate (inst/s),classified instances,classifications correct (percent),Kappa Statistic (percent),Kappa Temporal Statistic (percent),Kappa M Statistic (percent),F1 Score (percent),F1 Score for class 0 (percent),F1 Score for class 1 (percent),F1 Score for class 2 (percent),F1 Score for class 3 (percent),F1 Score for class 4 (percent),F1 Score for class 5 (percent),F1 Score for class 6 (percent),Precision (percent),Precision for class 0 (percent),Precision for class 1 (percent),Precision for class 2 (percent),Precision for class 3 (percent),Precision for class 4 (percent),Precision for class 5 (percent),Precision for class 6 (percent),Recall (percent),Recall for class 0 (percent),Recall for class 1 (percent),Recall for class 2 (percent),Recall for class 3 (percent),Recall for class 4 (percent),Recall for class 5 (percent),Recall for class 6 (percent),model training instances,model serialized size (bytes),ensemble size,[avg] model training instances,[err] model training instances,[avg] model serialized size (bytes),[err] model serialized size (bytes),[avg] tree size (nodes),[err] tree size (nodes),[avg] tree size (leaves),[err] tree size (leaves),[avg] active learning leaves,[err] active learning leaves,[avg] tree depth,[err] tree depth,[avg] active leaf byte size estimate,[err] active leaf byte size estimate,[avg] inactive leaf byte size estimate,[err] inactive leaf byte size estimate,[avg] byte size estimate overhead,[err] byte size estimate overhead
298501.0,120.05799865722656,165.0,2486.306640625,298500.0,78.71323283082077,60.9665264977179,-345.77662410551466,50.91880952564865,54.09072647569452,0.676818950930626,68.37589390815624,86.23394654633807,80.23719585540337,46.75810473815461,26.067875950848446,28.76082862523541,64.62056641305949,0.34934497816593885,85.10908598143506,78.58352474014093,69.74977986498385,76.37474541751527,66.39344262295081,75.78404128622469,46.5117030273185,10.81081081081081,57.14139495740979,95.53462616988298,94.43644130942329,33.692722371967655,16.217692027666544,17.748233544068427,0.0,1.0,25.0,288883.83999999997,102577.45984201402,1.0,0.0,72.32,52.16777421614484,36.32000000000001,26.294359344417074,36.32000000000001,26.294359344417074,8.399999999999999,3.979112128771107,0.0,0.0,0.0,0.0,1.0,0.0
