Connected!
[newChuckSize]:0
thread is open, sizeMB500
[newChuckSize]:500
thread is open, sizeMB500
print extradionario!!!!
0.483742,0.030556,0.106061,0.26199,0.31780.196098,0.291667,0.333333,0.021475,0.237726,0.211466,0.988189,0.814961,0.283465,0.048934,0,0,0,1,0,0,1,0,0,0,0,0,0,0,0,0,0,0,0,0,0,0,0,0,0,0,0,0,0,0,0,0,0,0,0,0,0,0,0,0,0,0,0,0,30.190595,0.230556,0.242424,0,0.223514,0.211747,0.948819,0.830709,0.377953,0.047679,0,0,0,1,0,0,1,0,0,0,0,0,0,0,0,0,0,0,0,0,0,0,0,0,0,0,0,0,0,0,0,0,0,0,0,0,0,0,0,0,0,0,0,0,4
java.lang.NumberFormatException: multiple points
thread is open, sizeMB2000
[newChuckSize]:2000
print extradionario!!!!
0.6200.473237,0.655556,0.242424,0.269148,0.366925,0.128144,0.751969,0.992126,0.775591,0.264464,0,0,1,0,0,0,0,1,0,0,0,0,0,0,0,0,0,0,0,0,0,0,0,0,0,0,0,0,0,0,0,0,0,0,0,0,0,0,0,0,0,0,0,0,5
java.lang.NumberFormatException: multiple points
thread is open, sizeMB2000
print extradionario!!!!
0.510255,0.811111,0.363636,0.480315,0.453488,0.286638,0.574803,0.80.709855,0.994444,0.287879,0.289191,0.406977,0.53857,0.740157,0.799213,0.586614,0.506064,0,0,1,0,0,0,0,0,0,0,0,0,0,0,0,0,0,0,0,0,0,0,0,0,0,0,0,0,0,0,0,0,0,0,0,0,0,0,0,0,0,0,0,1,70.728864,0.913889,0.166667,0.41446,0.302326,0.484614,0.759843,0.893701,0.681102,0.488638,0,0,1,0,0,0,0,0,0,0,0,0,0,0,0,0,0,0,0,0,0,0,0,0,0,0,0,0,0,0,0,0,0,0,0,0,0,0,0,0,0,0,0,1,7
java.lang.NumberFormatException: multiple points
thread is open, sizeMB2000
print extradionario!!!!
0.368684,0.005556,0.469697,0.0773090.407704,0.930556,0.363636,0.2398,0.302326,0.224673,0.625984,0.787402,0.692913,0.593197,1,0,0,0,0,0,0,0,0,0,0,0,0,0,0,0,0,0,0,0,0,0,0,0,0,0,0,0,0,0,0,0,1,0,0,0,0,0,0,0,0,0,0,0,20.413707,0.938889,0.378788,0.250537,0.322997,0.22088,0.625984,0.771654,0.677165,0.590687,1,0,0,0,0,0,0,0,0,0,0,0,0,0,0,0,0,0,0,0,0,0,0,0,0,0,0,0,0,0,0,0,1,0,0,0,0,0,0,0,0,0,0,0,2
java.lang.NumberFormatException: multiple points
thread is open, sizeMB2000
print extradionario!!!!
0.566283,0.263889,0.409091,0.202577,0.400517,0.874385,0.984252,0.748031,0.19685,0.0.486243,0.091667,0.242424,0.090909,0.245478,0.492904,0.846457,0.807087,0.476378,0.83173,1,0,0,0,0,0,0,0,0,0,0,0,0,0,0,0,0,0,0,0,0,0,0,0,0,0,0,0,0,0,0,0,1,0,0,0,0,0,0,0,0,0,0,0,20.484242,0.008333,0.19697,0.107373,0.248062,0.489673,0.795276,0.846457,0.586614,0.828245,1,0,0,0,0,0,0,0,0,0,0,0,0,0,0,0,0,0,0,0,0,0,0,0,0,0,0,0,0,0,0,0,1,0,0,0,0,0,0,0,0,0,0,0,2
java.lang.NumberFormatException: multiple points
print extradionario!!!!
0.577789,0.127778,0.333333,0.151754,0.282946,0.718420.57979,0.563889,0.090909,0.421618,0.342377,0.801602,0.854331,0.968504,0.645669,0.454621,1,0,0,0,0,0,0,0,0,0,0,0,0,0,0,0,0,0,0,0,0,0,0,0,0,0,0,0,0,0,0,0,1,0,0,0,0,0,0,0,0,0,0,0,20.577789,0.458333,0.075758,0.42806,0.346253,0.803147,0.885827,0.952756,0.594488,0.45727,1,0,0,0,0,0,0,0,0,0,0,0,0,0,0,0,0,0,0,0,0,0,0,0,0,0,0,0,0,0,0,0,1,0,0,0,0,0,0,0,0,0,0,0,2
java.lang.NumberFormatException: multiple points
print extradionario!!!!
0.687844,0.919444,0.166667,0.713672,0.27907,0.549529,0.767717,0.893701,0.67320.694347,0.083333,0.121212,0.61131,0.282946,0.562878,0.858268,0.877953,0.555118,0.365259,1,0,0,0,0,0,0,0,0,0,0,0,0,0,0,0,0,0,0,0,0,0,0,0,0,0,1,0,0,0,0,0,0,0,0,0,0,0,0,0,0,0,0,0,10.694347,0,0.090909,0.590551,0.316537,0.565547,0.834646,0.901575,0.610236,0.366234,1,0,0,0,0,0,0,0,0,0,0,0,0,0,0,0,0,0,0,0,0,0,0,0,0,0,1,0,0,0,0,0,0,0,0,0,0,0,0,0,0,0,0,0,1
java.lang.NumberFormatException: multiple points
thread is open, sizeMB2000
print extradionario!!!!
0.53870.478739,0.5,0.030303,0.14388,0.250646,0.281158,0.866142,0.944882,0.61811,0.415586,1,0,0,0,0,0,0,0,0,0,0,0,0,0,0,0,0,0,0,0,0,0,0,0,0,0,0,0,0,0,0,0,0,1,0,0,0,0,0,0,0,0,0,0,1
java.lang.NumberFormatException: multiple points
thread is open, sizeMB2000
print extradionario!!!!
0.482741,0.272222,0.19697,0.2398,0.241602,0.26230.627314,0.538889,0.272727,0.042949,0.22093,0.50822,0.846457,0.992126,0.649606,0.696083,1,0,0,0,0,0,0,0,0,0,0,0,0,0,0,0,0,0,0,0,0,0,0,0,0,0,0,0,0,0,0,0,1,0,0,0,0,0,0,0,0,0,0,0,10.630315,0.563889,0.318182,0.04796,0.244186,0.510327,0.807087,0.996063,0.688976,0.697616,1,0,0,0,0,0,0,0,0,0,0,0,0,0,0,0,0,0,0,0,0,0,0,0,0,0,0,0,0,0,0,0,1,0,0,0,0,0,0,0,0,0,0,0,1
java.lang.NumberFormatException: multiple points
print extradionario!!!!
0.574787,0.011111,0.181818,0.042949,0.232558,0.0.554777,0.5,0.075758,0.18325,0.25323,0.618379,0.874016,0.956693,0.614173,0.652168,1,0,0,0,0,0,0,0,0,0,0,0,0,0,0,0,0,0,0,0,0,0,0,0,0,0,0,0,0,0,0,0,1,0,0,0,0,0,0,0,0,0,0,0,20.555778,0.425,0.075758,0.19184,0.250646,0.614585,0.893701,0.944882,0.582677,0.647986,1,0,0,0,0,0,0,0,0,0,0,0,0,0,0,0,0,0,0,0,0,0,0,0,0,0,0,0,0,0,0,0,1,0,0,0,0,0,0,0,0,0,0,0,2
java.lang.NumberFormatException: multiple points
thread is open, sizeMB2000
print extradionario!!!!
0.513757,0.0.521761,0.05,0.121212,0.09592,0.241602,0.555712,0.846457,0.88189,0.574803,0.535341,1,0,0,0,0,0,0,0,0,0,0,0,0,0,0,0,0,0,0,0,0,0,0,0,0,0,0,0,0,0,0,0,1,0,0,0,0,0,0,0,0,0,0,0,20.52026,0.013889,0.090909,0.107373,0.245478,0.552339,0.838583,0.901575,0.606299,0.531159,1,0,0,0,0,0,0,0,0,0,0,0,0,0,0,0,0,0,0,0,0,0,0,0,0,0,0,0,0,0,0,0,1,0,0,0,0,0,0,0,0,0,0,0,2
java.lang.NumberFormatException: multiple points
thread is open, sizeMB2000
print extradionario!!!!
0.604302,0.816667,0.090909,0.451682,0.31137,0.78727,0.80315,0.94090.574787,0.169444,0.181818,0.030064,0.235142,0.703386,0.905512,0.846457,0.456693,0.453924,1,0,0,0,0,0,0,0,0,0,0,0,0,0,0,0,0,0,0,0,0,0,0,0,0,0,0,0,0,0,0,0,1,0,0,0,0,0,0,0,0,0,0,0,20.572286,0.152778,0.166667,0.021475,0.228682,0.699171,0.893701,0.846457,0.472441,0.45267,1,0,0,0,0,0,0,0,0,0,0,0,0,0,0,0,0,0,0,0,0,0,0,0,0,0,0,0,0,0,0,0,1,0,0,0,0,0,0,0,0,0,0,0,2
java.lang.NumberFormatException: multiple points
thread is open, sizeMB2000
thread is open, sizeMB2000
print extradionario!!!!
0.449225,0.902778,0.0.415208,0.058333,0.121212,0.228346,0.22739,0.105381,0.846457,0.877953,0.570866,0.145128,1,0,0,0,0,0,0,0,0,0,0,0,0,0,0,1,0,0,0,0,0,0,0,0,0,0,0,0,0,0,0,0,0,0,0,0,0,0,0,0,0,0,0,0,20.414707,0.125,0.090909,0.2398,0.228682,0.104257,0.874016,0.889764,0.547244,0.142479,1,0,0,0,0,0,0,0,0,0,0,0,0,0,0,1,0,0,0,0,0,0,0,0,0,0,0,0,0,0,0,0,0,0,0,0,0,0,0,0,0,0,0,0,2
java.lang.NumberFormatException: multiple points
thread is open, sizeMB2000
thread is open, sizeMB2000
thread is open, sizeMB2000
thread is open, sizeMB2000
print extradionario!!!!
0.595298,0.238889,0.333333,0.37580.689345,0.536111,0.060606,0.482462,0.29845,0.666573,0.862205,0.956693,0.629921,0.36735,1,0,0,0,0,0,0,0,0,0,0,0,0,0,0,0,0,0,0,0,0,0,0,0,0,0,0,0,0,0,0,0,0,0,0,0,0,0,0,0,0,1,0,0,10.689345,0.469444,0.075758,0.501074,0.29845,0.670648,0.88189,0.952756,0.602362,0.365816,1,0,0,0,0,0,0,0,0,0,0,0,0,0,0,0,0,0,0,0,0,0,0,0,0,0,0,0,0,0,0,0,0,0,0,0,0,0,0,0,0,1,0,0,1
java.lang.NumberFormatException: multiple points
thread is open, sizeMB2000
print extradionario!!!!
0.515258,0.277778,0.378788,0.090.684342,0.594444,0.045455,0.18325,0.24677,0.785162,0.850394,0.956693,0.641732,0.164645,1,0,0,0,0,0,0,0,0,0,0,0,0,0,0,0,0,0,0,0,0,0,0,0,0,0,0,0,0,0,0,0,1,0,0,0,0,0,0,0,0,0,0,0,10.684842,0.625,0.060606,0.19184,0.248062,0.781088,0.84252,0.956693,0.653543,0.166597,1,0,0,0,0,0,0,0,0,0,0,0,0,0,0,0,0,0,0,0,0,0,0,0,0,0,0,0,0,0,0,0,1,0,0,0,0,0,0,0,0,0,0,0,1
java.lang.NumberFormatException: multiple points
thread is open, sizeMB2000
thread is open, sizeMB2000
thread is open, sizeMB2000
print extradionario!!!!
0.49925,0.944444,0.363636,0.286328,0.346253,0.181397,0.6417320.171086,0.897222,0.287879,0.182534,0.421189,0.041731,0.661417,0.850394,0.73622,0.116269,0,0,0,1,0,0,0,0,0,0,0,0,0,1,0,0,0,0,0,0,0,0,0,0,0,0,0,0,0,0,0,0,0,0,0,0,0,0,0,0,0,0,0,0,30.176588,0.913889,0.393939,0.212598,0.44186,0.047632,0.590551,0.787402,0.728346,0.109717,0,0,0,1,0,0,0,0,0,0,0,0,0,1,0,0,0,0,0,0,0,0,0,0,0,0,0,0,0,0,0,0,0,0,0,0,0,0,0,0,0,0,0,0,3
java.lang.NumberFormatException: multiple points
thread is open, sizeMB2000
thread is open, sizeMB2000
thread is open, sizeMB2000
print extradionario!!!!
0.501250.704352,0.188889,0.166667,0.137437,0.284238,0.215821,0.913386,0.858268,0.464567,0.395232,1,0,0,0,0,0,0,0,0,0,0,0,0,0,0,0,0,0,0,0,0,0,0,0,0,0,0,0,0,0,0,0,0,1,0,0,0,0,0,0,0,0,0,0,1
java.lang.NumberFormatException: multiple points
thread is open, sizeMB2000
print extradionario!!!!
0.265133,0.113889,0.30303,0.23121,0.299742,0.073627,0.858268,0.755906,0.0.544772,0.425,0.121212,0.336435,0.263566,0.105662,0.909449,0.948819,0.559055,0.309912,0,0,1,0,0,0,0,0,0,0,0,0,0,0,0,0,0,0,0,0,0,0,0,0,0,0,0,0,0,0,0,0,0,0,0,0,1,0,0,0,0,0,0,0,50.544772,0.408333,0.121212,0.32713,0.263566,0.10777,0.909449,0.940945,0.551181,0.313816,0,0,1,0,0,0,0,0,0,0,0,0,0,0,0,0,0,0,0,0,0,0,0,0,0,0,0,0,0,0,0,0,0,0,0,0,1,0,0,0,0,0,0,0,5
java.lang.NumberFormatException: multiple points
thread is open, sizeMB2000
learning evaluation instances,Wall Time (Actual Time),Avg Delay (ms),outRate (inst/s),classified instances,classifications correct (percent),Kappa Statistic (percent),Kappa Temporal Statistic (percent),Kappa M Statistic (percent),F1 Score (percent),F1 Score for class 0 (percent),F1 Score for class 1 (percent),F1 Score for class 2 (percent),F1 Score for class 3 (percent),F1 Score for class 4 (percent),F1 Score for class 5 (percent),F1 Score for class 6 (percent),Precision (percent),Precision for class 0 (percent),Precision for class 1 (percent),Precision for class 2 (percent),Precision for class 3 (percent),Precision for class 4 (percent),Precision for class 5 (percent),Precision for class 6 (percent),Recall (percent),Recall for class 0 (percent),Recall for class 1 (percent),Recall for class 2 (percent),Recall for class 3 (percent),Recall for class 4 (percent),Recall for class 5 (percent),Recall for class 6 (percent),model training instances,model serialized size (bytes)
125001.0,120.81500244140625,1773.0,1034.64794921875,125000.0,89.8928,82.75355131469851,-63.63165393083794,77.21181075377427,71.04663673392278,2.0202020202020203,87.18081286801666,93.2046944827298,88.533571867837,73.64465915190553,73.82962394474289,76.6551276503678,73.81824904657654,1.7241379310344827,92.27214689609046,90.34452046475852,84.0552016985138,78.6697247706422,81.57150932730356,88.09050223769269,68.47562107140851,2.4390243902439024,82.6219512195122,96.25188699590252,93.51600330695642,69.22300706357215,67.42990654205607,67.84756798161624,0.0,1.0
