Connected!
[newChuckSize]:0
thread is open, sizeMB500
[newChuckSize]:500
thread is open, sizeMB500
print extradionario!!!!
0.530265,0.655556,0.106061,0.250537,0.244186,0.76850.233117,0.077778,0.181818,0,0.223514,0.177041,0.846457,0.838583,0.523622,0.022585,0,0,0,1,0,0,0,0,0,1,0,0,0,0,0,0,0,0,0,0,0,0,0,0,0,0,0,0,0,0,0,0,0,0,0,0,0,0,0,0,0,0,0,0,40.247124,0.963889,0.19697,0.125268,0.289406,0.180273,0.767717,0.858268,0.637795,0.054371,0,0,0,1,0,0,0,0,0,1,0,0,0,0,0,0,0,0,0,0,0,0,0,0,0,0,0,0,0,0,0,0,0,0,0,0,0,0,0,0,0,0,0,0,6
java.lang.NumberFormatException: multiple points
print extradionario!!!!
0.286643,0.972222,0.212121,0.030064,0.22739,0.088661,0.759843,0.846457,0.6299210.54027,0.222222,0.227273,0.125268,0.276486,0.325137,0.940945,0.830709,0.385827,0.079465,0,0,1,0,0,0,0,0,0,0,0,0,0,0,0,0,0,0,0,0,0,0,0,0,0,0,0,0,0,0,0,0,0,0,0,1,0,0,0,0,0,0,0,0,50.51976,0.297222,0.257576,0.09592,0.24677,0.341436,0.972441,0.854331,0.362205,0.074446,0,0,1,0,0,0,0,0,0,0,0,0,0,0,0,0,1,0,0,0,0,0,0,0,0,0,0,0,0,0,0,0,0,0,0,0,0,0,0,0,0,0,0,0,5
java.lang.NumberFormatException: multiple points
thread is open, sizeMB500
thread is open, sizeMB500
thread is open, sizeMB500
print extradionario!!!!
0.134567,0.202778,0.090909,0.021475,0.223514,0.189687,0.893701,0.90150.291646,0.1,0.166667,0.085898,0.290698,0.050724,0.862205,0.850394,0.515748,0.066081,0,0,0,1,0,0,0,0,0,0,0,0,0,1,0,0,0,0,0,0,0,0,0,0,0,0,0,0,0,0,0,0,0,0,0,0,0,0,0,0,0,0,0,0,6
java.lang.NumberFormatException: multiple points
print extradionario!!!!
0.438719,0.394444,0.515152,0.088762,0.312661,0.4344530.389195,0.483333,0.878788,0.064424,0.186047,0.401012,0.669291,0.708661,0.26378,0.899205,1,0,0,0,0,0,0,0,0,0,0,0,0,0,0,0,0,0,0,0,0,0,0,0,0,0,0,0,0,0,0,0,0,1,0,0,0,0,0,0,0,0,0,0,20.389195,0.497222,0.848485,0.068003,0.191214,0.396796,0.65748,0.751969,0.346457,0.903388,1,0,0,0,0,0,0,0,0,0,0,0,0,0,0,0,0,0,0,0,0,0,0,0,0,0,0,0,0,0,0,0,0,1,0,0,0,0,0,0,0,0,0,0,2
java.lang.NumberFormatException: multiple points
thread is open, sizeMB500
thread is open, sizeMB500
print extradionario!!!!
0.651826,0.536111,0.287879,0.19184,0.29199,0.769847,0.846457,0.988189,0.6410.630315,0.522222,0.287879,0.182534,0.277778,0.872137,0.858268,0.984252,0.625984,0.299456,1,0,0,0,0,0,0,0,0,0,0,0,0,0,0,0,0,0,0,0,0,0,0,0,0,0,0,0,0,0,0,0,1,0,0,0,0,0,0,0,0,0,0,0,20.632316,0.555556,0.287879,0.167502,0.27907,0.873121,0.822835,0.996063,0.673228,0.301966,1,0,0,0,0,0,0,0,0,0,0,0,0,0,0,0,0,0,0,0,0,0,0,0,0,0,0,0,0,0,0,0,1,0,0,0,0,0,0,0,0,0,0,0,2
java.lang.NumberFormatException: multiple points
thread is open, sizeMB500
thread is open, sizeMB500
print extradionario!!!!
0.465733,0.130556,0.136364,0.182534,0.25969,0.452719,0.877953,0.860.528764,0.197222,0.257576,0.085898,0.286822,0.865112,0.933071,0.80315,0.362205,0.600864,1,0,0,0,0,0,0,0,0,0,0,0,0,0,0,0,0,0,0,0,0,0,0,0,0,0,0,0,0,0,0,0,1,0,0,0,0,0,0,0,0,0,0,0,20.522261,0.216667,0.378788,0.064424,0.270026,0.8675,0.956693,0.73622,0.23622,0.60421,1,0,0,0,0,0,0,0,0,0,0,0,0,0,0,0,0,0,0,0,0,0,0,0,0,0,0,0,0,0,0,0,1,0,0,0,0,0,0,0,0,0,0,0,2
java.lang.NumberFormatException: multiple points
thread is open, sizeMB500
print extradionario!!!!
0.541771,0.922222,0.060606,0.077300.584292,0.769444,0.181818,0.489621,0.294574,0.790642,0.732283,0.952756,0.767717,0.877457,1,0,0,0,0,0,0,0,0,0,0,0,0,0,0,0,0,0,0,0,0,0,0,0,0,0,0,0,0,0,0,0,1,0,0,0,0,0,0,0,0,0,0,0,20.587794,0.758333,0.212121,0.473157,0.303618,0.786567,0.716535,0.956693,0.787402,0.875784,1,0,0,0,0,0,0,0,0,0,0,0,0,0,0,1,0,0,0,0,0,0,0,0,0,0,0,0,0,0,0,0,0,0,0,0,0,0,0,0,0,0,0,0,2
java.lang.NumberFormatException: multiple points
thread is open, sizeMB500
thread is open, sizeMB500
print extradionario!!!!
0.550275,0.036111,0.060606,0.151754,0.282946,0.0.555278,0.730556,0.121212,0.2398,0.344961,0.588029,0.787402,0.96063,0.720472,0.234212,1,0,0,0,0,0,0,0,0,0,0,0,0,0,0,1,0,0,0,0,0,0,0,0,0,0,0,0,0,0,0,0,0,0,0,0,0,0,0,0,0,0,0,0,20.556778,0.625,0.060606,0.24481,0.267442,0.583813,0.84252,0.956693,0.653543,0.234212,1,0,0,0,0,0,0,0,0,0,0,0,0,0,0,1,0,0,0,0,0,0,0,0,0,0,0,0,0,0,0,0,0,0,0,0,0,0,0,0,0,0,0,0,2
java.lang.NumberFormatException: multiple points
thread is open, sizeMB500
thread is open, sizeMB500
thread is open, sizeMB500
thread is open, sizeMB500
print extradionario!!!!
0.570285,0.477778,0.106061,0.154617,0.264858,0.60.433217,0.252778,0.151515,0.173228,0.264858,0.202051,0.929134,0.88189,0.468504,0.255123,1,0,0,0,0,0,0,0,0,0,0,0,0,0,0,0,0,0,0,0,0,0,0,0,0,0,0,0,0,0,0,0,1,0,0,0,0,0,0,0,0,0,0,0,20.430215,0.263889,0.151515,0.163207,0.257106,0.198117,0.933071,0.885827,0.464567,0.255263,1,0,0,0,0,0,0,0,0,0,0,0,0,0,0,0,0,0,0,0,0,0,0,0,0,0,0,0,0,0,0,0,1,0,0,0,0,0,0,0,0,0,0,0,2
java.lang.NumberFormatException: multiple points
thread is open, sizeMB500
thread is open, sizeMB500
print extradionario!!!!
0.697849,0.766667,0.287879,0.23622,0.352713,0.659267,0.649606,0.0.69935,0.038889,0.181818,0.137437,0.24031,0.609667,0.822835,0.850394,0.562992,0.223338,1,0,0,0,0,0,0,0,0,0,0,0,0,0,0,0,0,0,0,0,0,0,0,0,0,0,1,0,0,0,0,0,0,0,0,0,0,0,0,0,0,0,0,0,10.698849,0.041667,0.166667,0.151754,0.242894,0.613742,0.826772,0.854331,0.562992,0.220828,1,0,0,0,0,0,0,0,0,0,0,0,0,0,0,0,0,0,0,0,0,0,0,0,0,0,1,0,0,0,0,0,0,0,0,0,0,0,0,0,0,0,0,0,1
java.lang.NumberFormatException: multiple points
thread is open, sizeMB500
thread is open, sizeMB500
thread is open, sizeMB500
thread is open, sizeMB500
thread is open, sizeMB500
thread is open, sizeMB500
print extradionario!!!!
0.186593,0.027778,0.363630.578789,0.705556,0.060606,0.287759,0.264858,0.170718,0.826772,0.952756,0.669291,0.22975,0,0,1,0,0,0,0,0,0,0,0,0,0,0,0,0,0,0,0,0,0,0,0,0,0,0,0,0,0,0,0,0,0,0,0,1,0,0,0,0,0,0,0,0,20.57929,0.705556,0.090909,0.27917,0.263566,0.166784,0.811024,0.96063,0.692913,0.233793,0,0,1,0,0,0,0,0,0,0,0,0,0,0,0,0,0,0,0,0,0,0,0,0,0,0,0,0,0,0,0,0,0,0,0,1,0,0,0,0,0,0,0,0,2
java.lang.NumberFormatException: multiple points
learning evaluation instances,Wall Time (Actual Time),Avg Delay (ms),outRate (inst/s),classified instances,classifications correct (percent),Kappa Statistic (percent),Kappa Temporal Statistic (percent),Kappa M Statistic (percent),F1 Score (percent),F1 Score for class 0 (percent),F1 Score for class 1 (percent),F1 Score for class 2 (percent),F1 Score for class 3 (percent),F1 Score for class 4 (percent),F1 Score for class 5 (percent),F1 Score for class 6 (percent),Precision (percent),Precision for class 0 (percent),Precision for class 1 (percent),Precision for class 2 (percent),Precision for class 3 (percent),Precision for class 4 (percent),Precision for class 5 (percent),Precision for class 6 (percent),Recall (percent),Recall for class 0 (percent),Recall for class 1 (percent),Recall for class 2 (percent),Recall for class 3 (percent),Recall for class 4 (percent),Recall for class 5 (percent),Recall for class 6 (percent),model training instances,model serialized size (bytes),ensemble size,change detections,[avg] model training instances,[err] model training instances,[avg] model serialized size (bytes),[err] model serialized size (bytes),[avg] tree size (nodes),[err] tree size (nodes),[avg] tree size (leaves),[err] tree size (leaves),[avg] active learning leaves,[err] active learning leaves,[avg] tree depth,[err] tree depth,[avg] active leaf byte size estimate,[err] active leaf byte size estimate,[avg] inactive leaf byte size estimate,[err] inactive leaf byte size estimate,[avg] byte size estimate overhead,[err] byte size estimate overhead
93501.0,120.18900299072266,630.0,777.94970703125,93500.0,91.09732620320855,83.32667954247111,-25.342568890227383,75.99976933944582,70.7453641257345,3.4482758620689653,88.443673880006,94.62334723652882,80.49738219895288,84.03083700440529,75.74702108157653,67.57928359571069,70.12208544138005,3.7037037037037033,90.85312225153915,93.98061183416074,76.04327666151468,80.99787685774947,72.92622661489587,72.34978016609672,71.37982217665648,3.225806451612903,86.1587222152717,95.27493453939539,85.50573514077163,87.29977116704805,78.79481311975591,63.398972602739725,0.0,1.0,25.0,184.0,144924.68000000002,161872.94317785167,1.0,0.0,70.11999999999999,89.2810730222257,35.72000000000001,44.97547479830906,35.72000000000001,44.97547479830906,6.040000000000001,5.1678493270089305,0.0,0.0,0.0,0.0,1.0,0.0
