Connected!
[newChuckSize]:0
thread is open, sizeMB500
[newChuckSize]:500
print extradionario!!!!
0.462731,0.9660.228114,0.330556,0.318182,0.212598,0.394057,0.187158,0.984252,0.854331,0.330709,0.140527,0,0,0,1,0,0,0,0,0,1,0,0,0,0,0,0,0,0,0,0,0,0,0,0,0,0,0,0,0,0,0,0,0,0,0,0,0,0,0,0,0,0,0,0,40.213107,0.394444,0.318182,0.163207,0.381137,0.197555,0.964567,0.901575,0.397638,0.126446,0,0,0,1,0,0,1,0,0,0,0,0,0,0,0,0,0,0,0,0,0,0,0,0,0,0,0,0,0,0,0,0,0,0,0,0,0,0,0,0,0,0,0,0,4
java.lang.NumberFormatException: multiple points
thread is open, sizeMB500
print extradionario!!!!
0.302151,0.880556,0.363636,0.3035080.247624,0.344444,0.5,0.136006,0.369509,0.041731,0.996063,0.771654,0.165354,0.255681,0,0,0,1,0,0,1,0,0,0,0,0,0,0,0,0,0,0,0,0,0,0,0,0,0,0,0,0,0,0,0,0,0,0,0,0,0,0,0,0,0,0,0,0,40.23912,0.333333,0.530303,0.115963,0.347545,0.044822,0.996063,0.740157,0.11811,0.256796,0,0,0,1,0,0,1,0,0,0,0,0,0,0,0,0,0,0,0,0,0,0,0,0,0,0,0,0,0,0,0,0,0,0,0,0,0,0,0,0,0,0,0,0,4
java.lang.NumberFormatException: multiple points
print extradionario!!!!
0.182091,0.1,0.090909,0,0.223514,0.075453,0.866142,0.889760.224612,0.030556,0.484848,0.10952,0.27261,0.093298,0.661417,0.61811,0.433071,0.087829,0,0,0,1,0,0,0,0,0,0,0,0,0,1,0,0,0,0,0,0,0,0,0,0,0,0,0,0,0,0,0,0,0,0,0,0,0,0,0,0,0,0,0,0,60.22011,0.077778,0.530303,0.154617,0.315245,0.081073,0.720472,0.559055,0.283465,0.062735,0,0,0,1,0,0,0,0,0,0,0,0,0,1,0,0,0,0,0,0,0,0,0,0,0,0,0,0,0,0,0,0,0,0,0,0,0,0,0,0,0,0,0,0,6
java.lang.NumberFormatException: multiple points
print extradionario!!!!
0.307154,0.394444,0.287879,0.3543310.198099,0.361111,0.348485,0,0.223514,0.198258,0.984252,0.866142,0.334646,0.063711,0,0,0,1,0,0,1,0,0,0,0,0,0,0,0,0,0,0,0,0,0,0,0,0,0,0,0,0,0,0,0,0,0,0,0,0,0,0,0,0,0,0,0,0,40.192596,0.975,0.151515,0.021475,0.215762,0.19882,0.795276,0.877953,0.625984,0.060923,0,0,0,1,0,0,0,0,0,0,0,0,0,0,0,0,0,1,0,0,0,0,0,0,0,0,0,0,0,0,0,0,0,0,0,0,0,0,0,0,0,0,0,0,6
java.lang.NumberFormatException: multiple points
print extradionario!!!!
0.2006,0.344444,0.287879,0.09592,0.26090.221611,0.305556,0.393939,0.107373,0.302326,0.034003,0.996063,0.791339,0.228346,0.240764,0,0,0,1,0,0,1,0,0,0,0,0,0,0,0,0,0,0,0,0,0,0,0,0,0,0,0,0,0,0,0,0,0,0,0,0,0,0,0,0,0,0,0,0,40.214607,0.286111,0.378788,0.085898,0.284238,0.037656,0.992126,0.783465,0.23622,0.242019,0,0,0,1,0,0,1,0,0,0,0,0,0,0,0,0,0,0,0,0,0,0,0,0,0,0,0,0,0,0,0,0,0,0,0,0,0,0,0,0,0,0,0,0,4
java.lang.NumberFormatException: multiple points
print extradionario!!!!
0.273137,0.155556,0.2420.285643,0.269444,0.227273,0.060845,0.245478,0.092455,0.96063,0.850394,0.385827,0.221246,0,0,0,1,0,0,0,0,0,1,0,0,0,0,0,0,0,0,0,0,0,0,0,0,0,0,0,0,0,0,0,0,0,0,0,0,0,0,0,0,0,0,0,0,30.287644,0.905556,0.348485,0.090909,0.22739,0.118168,0.61811,0.814961,0.73622,0.144431,0,0,0,1,0,0,0,0,0,0,0,0,0,1,0,0,0,0,0,0,0,0,0,0,0,0,0,0,0,0,0,0,0,0,0,0,0,0,0,0,0,0,0,0,6
java.lang.NumberFormatException: multiple points
print extradionario!!!!
0.204102,0.258333,0.24240.264632,0.966667,0.242424,0.14388,0.359173,0.165238,0.740157,0.834646,0.633858,0.155583,0,0,0,1,0,0,0,0,0,0,0,0,0,1,0,0,0,0,0,0,0,0,0,0,0,0,0,0,0,0,0,0,0,0,0,0,0,0,0,0,0,0,0,0,60.264632,0.033333,0.242424,0.125268,0.347545,0.1658,0.795276,0.807087,0.53937,0.159208,0,0,0,1,0,0,0,0,0,0,0,0,0,1,0,0,0,0,0,0,0,0,0,0,0,0,0,0,0,0,0,0,0,0,0,0,0,0,0,0,0,0,0,0,6
java.lang.NumberFormatException: multiple points
print extradionario!!!!
0.283642,0.319444,0.060606,0.2398,0.2700260.273137,0.361111,0.227273,0.287759,0.427649,0.159337,0.956693,0.909449,0.444882,0.159766,0,0,0,1,0,1,0,0,0,0,0,0,0,0,0,0,0,0,0,0,0,0,0,0,0,0,0,0,0,0,0,0,0,0,0,0,0,0,0,0,0,0,0,0,30.25913,0.991667,0.272727,0.211167,0.378553,0.180132,0.744094,0.807087,0.594488,0.156141,0,0,0,1,0,0,0,0,0,0,0,0,0,1,0,0,0,0,0,0,0,0,0,0,0,0,0,0,0,0,0,0,0,0,0,0,0,0,0,0,0,0,0,0,3
java.lang.NumberFormatException: multiple points
print extradionario!!!!
0.292646,0.290.196598,0.911111,0.136364,0,0.223514,0.053253,0.779528,0.905512,0.673228,0.101213,0,0,0,1,0,0,0,0,0,0,0,0,0,0,0,0,0,0,0,1,0,0,0,0,0,0,0,0,0,0,0,0,0,0,0,0,0,0,0,0,0,0,0,0,40.21911,0.269444,0.257576,0.060845,0.254522,0.046368,0.968504,0.834646,0.350394,0.222919,0,0,0,1,0,0,0,1,0,0,0,0,0,0,0,0,0,0,0,0,0,0,0,0,0,0,0,0,0,0,0,0,0,0,0,0,0,0,0,0,0,0,0,0,4
java.lang.NumberFormatException: multiple points
print extradionario!!!!
0.297649,0.961111,0.030303,0.300644,0.40.702851,0.911111,0.272727,0.030064,0.24031,0.546719,0.681102,0.846457,0.712598,0.56866,1,0,0,0,0,0,0,0,0,0,0,0,0,0,0,0,0,0,0,0,0,0,0,0,0,0,0,0,0,0,0,0,0,0,0,0,0,0,0,0,0,1,0,0,70.62081,0.861111,0.242424,0.367215,0.297158,0.217648,0.692913,0.897638,0.751969,0.440402,1,0,0,0,0,0,0,0,0,0,0,0,0,0,0,0,0,0,0,0,0,0,0,0,0,0,0,0,0,0,0,0,1,0,0,0,0,0,0,0,0,0,0,0,1
java.lang.NumberFormatException: multiple points
print extradionario!!!!
0.208104,0.275,0.136364,0,0.223514,0.00.314657,0.066667,0.19697,0.042949,0.250646,0.077701,0.834646,0.834646,0.527559,0.185696,0,0,0,1,0,0,0,0,0,0,0,0,0,1,0,0,0,0,0,0,0,0,0,0,0,0,0,0,0,0,0,0,0,0,0,0,0,0,0,0,0,0,0,0,60.242621,0.275,0.333333,0.030064,0.236434,0.132359,0.984252,0.80315,0.279528,0.135648,0,0,0,1,0,0,0,0,1,0,0,0,0,0,0,0,0,0,0,0,0,0,0,0,0,0,0,0,0,0,0,0,0,0,0,0,0,0,0,0,0,0,0,0,3
java.lang.NumberFormatException: multiple points
print extradionario!!!!
0.705353,0.313889,0.19697,0.412312,0.395349,0.07270.425713,0.363889,0.151515,0.04796,0.219638,0.321905,0.929134,0.925197,0.507874,0.339467,0,0,1,0,0,0,0,0,0,0,0,0,0,0,1,0,0,0,0,0,0,0,0,0,0,0,0,0,0,0,0,0,0,0,0,0,0,0,0,0,0,0,0,0,30.414707,0.247222,0.257576,0.042949,0.222222,0.309962,0.96063,0.826772,0.350394,0.354942,0,0,1,0,0,0,0,0,0,0,0,0,0,0,1,0,0,0,0,0,0,0,0,0,0,0,0,0,0,0,0,0,0,0,0,0,0,0,0,0,0,0,0,0,3
java.lang.NumberFormatException: multiple points
thread is open, sizeMB500
thread is open, sizeMB500
print extradionario!!!!
0.30.331166,0.047222,0.257576,0.09592,0.263566,0.210763,0.80315,0.799213,0.519685,0.134811,0,0,1,0,0,0,0,0,0,0,0,0,0,1,0,0,0,0,0,0,0,0,0,0,0,0,0,0,0,0,0,0,0,0,0,0,0,0,0,0,0,0,0,0,6
java.lang.NumberFormatException: multiple points
thread is open, sizeMB500
thread is open, sizeMB500
print extradionario!!!!
0.436718,0.925,0.045455,0.211167,0.280362,0.310103,0.834646,0.925190.471236,0.125,0.015152,0,0.223514,0.478572,0.862205,0.929134,0.606299,0.905339,1,0,0,0,0,0,0,0,0,0,0,0,0,0,0,0,0,0,0,0,0,0,0,1,0,0,0,0,0,0,0,0,0,0,0,0,0,0,0,0,0,0,0,0,20.469735,0.988889,0.045455,0,0.223514,0.474919,0.84252,0.92126,0.61811,0.901854,1,0,0,0,0,0,0,0,0,0,0,0,0,0,0,0,0,0,0,0,0,0,0,1,0,0,0,0,0,0,0,0,0,0,0,0,0,0,0,0,0,0,0,0,2
java.lang.NumberFormatException: multiple points
thread is open, sizeMB500
print extradionario!!!!
0.533767,0.202778,0.160.577789,0.469444,0.121212,0.407301,0.346253,0.799213,0.889764,0.96063,0.594488,0.460477,1,0,0,0,0,0,0,0,0,0,0,0,0,0,0,0,0,0,0,0,0,0,0,0,0,0,0,0,0,0,0,0,1,0,0,0,0,0,0,0,0,0,0,0,20.576288,0.475,0.151515,0.41446,0.346253,0.800899,0.893701,0.964567,0.590551,0.463265,1,0,0,0,0,0,0,0,0,0,0,0,0,0,0,0,0,0,0,0,0,0,0,0,0,0,0,0,0,0,0,0,1,0,0,0,0,0,0,0,0,0,0,0,2
java.lang.NumberFormatException: multiple points
thread is open, sizeMB250
[newChuckSize]:250
print extradionario!!!!
0.503252,0.338889,0.242424,0.021475,0.231266,0.482366,0.964567,0.889760.343172,0.188889,0.287879,0.211167,0.257106,0.038921,0.929134,0.787402,0.346457,0.338631,1,0,0,0,0,0,0,0,0,0,0,0,0,0,0,0,0,0,0,0,0,0,0,0,0,0,0,0,0,0,0,0,1,0,0,0,0,0,0,0,0,0,0,0,20.338669,0.2,0.227273,0.204009,0.245478,0.034706,0.929134,0.822835,0.393701,0.336819,1,0,0,0,0,0,0,0,0,0,0,0,0,0,0,0,0,0,0,0,0,0,0,0,0,0,0,0,0,0,0,0,1,0,0,0,0,0,0,0,0,0,0,0,2
java.lang.NumberFormatException: multiple points
thread is open, sizeMB250
print extradionario!!!!
0.478239,0.530556,0.090909,0.08580.533767,0.225,0.090909,0,0.223514,0.521428,0.897638,0.905512,0.535433,0.875087,1,0,0,0,0,0,0,0,0,0,0,0,0,0,0,0,0,0,0,1,0,0,0,0,0,0,0,0,0,0,0,0,0,0,0,0,0,0,0,0,0,0,0,0,20.531766,0.133333,0.090909,0.021475,0.219638,0.525081,0.877953,0.893701,0.551181,0.871881,1,0,0,0,0,0,0,0,0,0,0,0,0,0,0,0,0,0,0,1,0,0,0,0,0,0,0,0,0,0,0,0,0,0,0,0,0,0,0,0,0,0,0,0,2
java.lang.NumberFormatException: multiple points
thread is open, sizeMB250
thread is open, sizeMB250
thread is open, sizeMB250
print extradionario!!!!
0.549775,0.647222,0.136364,0.2890.570785,0.188889,0.257576,0.137437,0.286822,0.733736,0.925197,0.80315,0.374016,0.077095,1,0,0,0,0,0,0,0,0,0,0,0,0,0,0,0,0,0,0,0,0,0,0,0,0,0,0,0,0,0,0,0,0,1,0,0,0,0,0,0,0,0,0,0,20.566283,0.197222,0.287879,0.121689,0.29199,0.730083,0.937008,0.783465,0.334646,0.073052,1,0,0,0,0,0,0,0,0,0,0,0,0,0,0,0,0,0,0,0,0,0,0,0,0,0,0,0,0,0,0,0,0,1,0,0,0,0,0,0,0,0,0,0,2
java.lang.NumberFormatException: multiple points
print extradionario!!!!
0.30.457229,0.944444,0.166667,0.128848,0.24677,0.301813,0.775591,0.88189,0.653543,0.380454,1,0,0,0,0,0,0,0,0,0,0,0,0,0,0,0,0,0,0,0,0,0,0,0,0,0,0,0,0,0,0,0,1,0,0,0,0,0,0,0,0,0,0,0,2
java.lang.NumberFormatException: multiple points
thread is open, sizeMB250
print extradionario!!!!
0.461731,0.019444,0.151515,0.173228,0.241602,0.0.382191,0.125,0.227273,0.09592,0.22739,0.171983,0.877953,0.811024,0.444882,0.022585,1,0,0,0,0,0,0,0,0,0,0,0,0,0,0,0,0,0,0,0,0,0,0,0,0,1,0,0,0,0,0,0,0,0,0,0,0,0,0,0,0,0,0,0,20.378689,0.141667,0.257576,0.115963,0.219638,0.167767,0.889764,0.795276,0.409449,0.024397,1,0,0,0,0,0,0,0,0,0,0,0,0,0,0,0,0,0,0,0,0,0,0,0,0,1,0,0,0,0,0,0,0,0,0,0,0,0,0,0,0,0,0,0,2
java.lang.NumberFormatException: multiple points
thread is open, sizeMB250
thread is open, sizeMB250
print extradionario!!!!
0.528764,0.161111,0.151515,0.212598,0.303618,0.47801,0.897638,0.85820.555278,0.125,0.121212,0.088762,0.229974,0.776732,0.877953,0.874016,0.527559,0.301826,1,0,0,0,0,0,0,0,0,0,0,0,0,0,0,0,0,0,0,0,0,0,0,0,0,0,1,0,0,0,0,0,0,0,0,0,0,0,0,0,0,0,0,0,10.552776,0.138889,0.181818,0.09592,0.226098,0.780947,0.885827,0.84252,0.476378,0.297783,1,0,0,0,0,0,0,0,0,0,0,0,0,0,0,0,0,0,0,0,0,0,0,0,0,0,1,0,0,0,0,0,0,0,0,0,0,0,0,0,0,0,0,0,1
java.lang.NumberFormatException: multiple points
thread is open, sizeMB250
print extradionario!!!!
0.462231,0.250.509755,0.838889,0.181818,0.242663,0.255814,0.339328,0.732283,0.92126,0.740157,0.357312,1,0,0,0,0,0,0,0,0,0,0,0,0,0,0,0,0,0,0,0,0,0,0,0,0,0,0,0,0,0,0,0,1,0,0,0,0,0,0,0,0,0,0,0,20.512256,0.875,0.136364,0.258411,0.264858,0.335535,0.767717,0.917323,0.69685,0.355082,1,0,0,0,0,0,0,0,0,0,0,0,0,0,0,0,0,0,0,0,0,0,0,0,0,0,0,0,0,0,0,0,1,0,0,0,0,0,0,0,0,0,0,0,2
java.lang.NumberFormatException: multiple points
thread is open, sizeMB250
print extradionario!!!!
0.590795,0.066667,0.075758,0.224052,0.2640.631816,0.125,0.121212,0.064424,0.241602,0.744555,0.874016,0.877953,0.535433,0.444584,1,0,0,0,0,0,0,0,0,0,0,0,0,0,0,0,0,0,0,0,0,0,0,0,0,1,0,0,0,0,0,0,0,0,0,0,0,0,0,0,0,0,0,0,20.630315,0.161111,0.136364,0.042949,0.236434,0.74849,0.893701,0.870079,0.5,0.443747,1,0,0,0,0,0,0,0,0,0,0,0,0,0,0,0,0,0,0,0,0,0,0,0,0,1,0,0,0,0,0,0,0,0,0,0,0,0,0,0,0,0,0,0,2
java.lang.NumberFormatException: multiple points
thread is open, sizeMB250
print extradionario!!!!
0.655828,0.738889,0.136364,0.136006,0.0.657829,0.875,0.075758,0.289191,0.321705,0.564704,0.811024,0.925197,0.665354,0.134672,1,0,0,0,0,0,0,0,0,0,0,0,0,0,0,0,0,0,0,0,0,0,0,0,0,0,0,0,0,0,0,0,1,0,0,0,0,0,0,0,0,0,0,0,20.657829,0.125,0.045455,0.303508,0.322997,0.561192,0.866142,0.917323,0.590551,0.130908,1,0,0,0,0,0,0,0,0,0,0,0,0,0,0,0,0,0,0,0,0,0,0,0,0,0,0,0,0,0,0,0,1,0,0,0,0,0,0,0,0,0,0,0,2
java.lang.NumberFormatException: multiple points
thread is open, sizeMB250
print extradionario!!!!
0.610805,0.844444,0.287879,0.04290.671836,0.75,0.106061,0.088762,0.202842,0.473655,0.799213,0.952756,0.704724,0.205772,1,0,0,0,0,0,0,0,0,0,0,0,0,0,0,0,0,0,0,0,0,0,0,0,0,1,0,0,0,0,0,0,0,0,0,0,0,0,0,0,0,0,0,0,10.673337,0.75,0.106061,0.068003,0.206718,0.470001,0.799213,0.952756,0.704724,0.207584,1,0,0,0,0,0,0,0,0,0,0,0,0,0,0,0,0,0,0,0,0,0,0,0,0,1,0,0,0,0,0,0,0,0,0,0,0,0,0,0,0,0,0,0,1
java.lang.NumberFormatException: multiple points
thread is open, sizeMB250
thread is open, sizeMB250
thread is open, sizeMB250
print extradionario!!!!
0.097549,0.744444,0.378788,0.19184,0.302326,0.046368,0.582677,0.944882,0.893701,0.037360.166083,0.941667,0.409091,0.128848,0.377261,0.009414,0.594488,0.744094,0.669291,0.067475,0,0,0,1,0,0,0,0,0,0,0,0,0,1,0,0,0,0,0,0,0,0,0,0,0,0,0,0,0,0,0,0,0,0,0,0,0,0,0,0,0,0,0,0,30.169085,0.908333,0.378788,0.128848,0.385013,0.011943,0.594488,0.795276,0.73622,0.069566,0,0,0,1,0,0,0,0,0,0,0,0,0,1,0,0,0,0,0,0,0,0,0,0,0,0,0,0,0,0,0,0,0,0,0,0,0,0,0,0,0,0,0,0,3
java.lang.NumberFormatException: multiple points
thread is open, sizeMB250
thread is open, sizeMB250
learning evaluation instances,Wall Time (Actual Time),Avg Delay (ms),outRate (inst/s),classified instances,classifications correct (percent),Kappa Statistic (percent),Kappa Temporal Statistic (percent),Kappa M Statistic (percent),F1 Score (percent),F1 Score for class 0 (percent),F1 Score for class 1 (percent),F1 Score for class 2 (percent),F1 Score for class 3 (percent),F1 Score for class 4 (percent),F1 Score for class 5 (percent),F1 Score for class 6 (percent),Precision (percent),Precision for class 0 (percent),Precision for class 1 (percent),Precision for class 2 (percent),Precision for class 3 (percent),Precision for class 4 (percent),Precision for class 5 (percent),Precision for class 6 (percent),Recall (percent),Recall for class 0 (percent),Recall for class 1 (percent),Recall for class 2 (percent),Recall for class 3 (percent),Recall for class 4 (percent),Recall for class 5 (percent),Recall for class 6 (percent),model training instances,model serialized size (bytes),ensemble size,[avg] model training instances,[err] model training instances,[avg] model serialized size (bytes),[err] model serialized size (bytes),[avg] tree size (nodes),[err] tree size (nodes),[avg] tree size (leaves),[err] tree size (leaves),[avg] active learning leaves,[err] active learning leaves,[avg] tree depth,[err] tree depth,[avg] active leaf byte size estimate,[err] active leaf byte size estimate,[avg] inactive leaf byte size estimate,[err] inactive leaf byte size estimate,[avg] byte size estimate overhead,[err] byte size estimate overhead
139285.0,120.11100006103516,278.0,1159.6356201171875,139250.0,84.99533213644524,70.51913713002106,-148.0294396961061,59.09553641346908,70.8449465844797,42.10526315789473,77.82219733569465,89.7840554728075,74.81816394731669,84.44077589764754,66.9967507349528,53.29687025220298,70.71584393933925,59.25925925925925,82.58526339063623,88.3415849735984,72.96779141104295,78.33078101071975,57.5951050811386,55.931122448979586,70.97452148524994,32.6530612244898,73.5785870823176,91.27441417326408,76.76482452601856,91.58460161145928,80.06656804733728,50.89959373186302,0.0,1.0,25.0,3879.959999999999,2949.344934048915,1.0,0.0,0.9599999999999999,0.19999999999999998,0.9599999999999999,0.19999999999999998,0.9599999999999999,0.19999999999999998,0.0,0.0,0.0,0.0,0.0,0.0,1.0,0.0
