Connected!
[newChuckSize]:0
thread is open, sizeMB2000
[newChuckSize]:2000
print extradionario!!!!
0.462731,0.9660.593297,0.138889,0.106061,0.021475,0.229974,0.162709,0.88189,0.88189,0.531496,0.288164,1,0,0,0,0,0,0,0,0,0,0,0,0,0,0,0,0,0,0,0,0,0,0,0,0,0,1,0,0,0,0,0,0,0,0,0,0,0,0,0,0,0,0,0,20.541271,0.291667,0.30303,0.322119,0.130491,0.081776,0.980315,0.830709,0.318898,0.259306,1,0,0,0,0,0,0,0,0,0,0,0,0,0,0,0,0,0,0,0,0,0,0,0,0,0,0,0,0,0,0,0,0,1,0,0,0,0,0,0,0,0,0,0,5
java.lang.NumberFormatException: multiple points
thread is open, sizeMB2000
thread is open, sizeMB2000
print extradionario!!!!
0.287644,0.944444,0.30303,0.228346,0.350129,0.115077,0.685039,0.0.511256,0.091667,0.121212,0.319256,0.25323,0.159056,0.862205,0.874016,0.547244,0.377387,0,0,1,0,0,0,0,0,0,0,0,0,0,0,0,0,0,0,0,0,0,0,0,0,0,0,0,0,0,0,0,0,0,0,0,1,0,0,0,0,0,0,0,0,10.425713,0.066667,0.090909,0.194703,0.237726,0.004215,0.854331,0.893701,0.57874,0.099819,0,0,1,0,0,0,0,0,0,0,0,0,0,0,0,0,0,0,0,0,1,0,0,0,0,0,0,0,0,0,0,0,0,0,0,0,0,0,0,0,0,0,0,0,5
java.lang.NumberFormatException: multiple points
thread is open, sizeMB2000
print extradionario!!!!
0.791896,0.20.665833,0.333333,0.136364,0.224052,0.295866,0.143319,0.929134,0.913386,0.5,0.282169,0,1,0,0,0,0,0,0,0,0,0,0,0,0,0,0,0,0,0,0,0,0,0,0,0,0,0,0,0,0,0,0,0,0,0,0,1,0,0,0,0,0,0,0,10.651326,0.188889,0.19697,0.171797,0.258398,0.109597,0.917323,0.84252,0.437008,0.314931,0,1,0,0,0,0,0,0,0,0,0,0,0,0,0,0,0,0,0,0,0,0,0,0,0,0,1,0,0,0,0,0,0,0,0,0,0,0,0,0,0,0,0,0,1
java.lang.NumberFormatException: multiple points
thread is open, sizeMB2000
thread is open, sizeMB2000
thread is open, sizeMB2000
print extradionario!!!!
0.677839,0.158333,0.166667,0.3801,0.299742,0.635661,0.897638,0.80.427214,0.152778,0.090909,0,0.223514,0.296192,0.88189,0.893701,0.547244,0.569776,1,0,0,0,0,0,0,0,0,0,0,0,0,0,0,0,0,0,0,0,0,0,0,0,0,0,1,0,0,0,0,0,0,0,0,0,0,0,0,0,0,0,0,0,20.423712,0.191667,0.121212,0,0.223514,0.291977,0.901575,0.88189,0.503937,0.566569,1,0,0,0,0,0,0,0,0,0,0,0,0,0,0,0,0,0,0,0,0,0,0,0,0,0,1,0,0,0,0,0,0,0,0,0,0,0,0,0,0,0,0,0,2
java.lang.NumberFormatException: multiple points
thread is open, sizeMB2000
print extradionario!!!!
0.680.546773,0.461111,0.151515,0.085898,0.22093,0.606576,0.901575,0.96063,0.570866,0.737627,1,0,0,0,0,0,0,0,0,0,0,0,0,0,0,0,0,0,0,0,0,0,0,0,0,0,0,0,0,0,0,0,0,1,0,0,0,0,0,0,0,0,0,0,2
java.lang.NumberFormatException: multiple points
thread is open, sizeMB2000
print extradionario!!!!
0.55978,0.030556,0.227273,0.259127,0.260982,0.616271,0.79920.395698,0.905556,0.106061,0.202577,0.24031,0.156808,0.795276,0.913386,0.665354,0.202426,1,0,0,0,0,0,0,0,0,0,0,0,0,0,0,1,0,0,0,0,0,0,0,0,0,0,0,0,0,0,0,0,0,0,0,0,0,0,0,0,0,0,0,0,20.396698,0.916667,0.075758,0.18325,0.258398,0.156527,0.814961,0.917323,0.649606,0.199916,1,0,0,0,0,0,0,0,0,0,0,0,0,0,0,1,0,0,0,0,0,0,0,0,0,0,0,0,0,0,0,0,0,0,0,0,0,0,0,0,0,0,0,0,2
java.lang.NumberFormatException: multiple points
print extradionario!!!!
0.466733,0.54440.515758,0.969444,0.151515,0.04796,0.237726,0.544611,0.795276,0.88189,0.629921,0.531577,1,0,0,0,0,0,0,0,0,0,0,0,0,0,0,0,0,0,0,0,0,0,0,0,0,0,0,0,0,0,0,0,1,0,0,0,0,0,0,0,0,0,0,0,20.516758,0.016667,0.181818,0.060845,0.236434,0.541239,0.807087,0.854331,0.582677,0.527394,1,0,0,0,0,0,0,0,0,0,0,0,0,0,0,0,0,0,0,0,0,0,0,0,0,0,0,0,0,0,0,0,1,0,0,0,0,0,0,0,0,0,0,0,2
java.lang.NumberFormatException: multiple points
thread is open, sizeMB2000
thread is open, sizeMB2000
print extradionario!!!!
0.537769,0.50.431716,0.925,0.30303,0.115963,0.312661,0.291274,0.669291,0.826772,0.69685,0.36261,1,0,0,0,0,0,0,0,0,0,0,0,0,0,0,0,0,0,0,0,0,0,0,0,0,0,0,0,0,0,0,0,1,0,0,0,0,0,0,0,0,0,0,0,20.433717,0.95,0.287879,0.125268,0.313953,0.287762,0.69685,0.814961,0.65748,0.365259,1,0,0,0,0,0,0,0,0,0,0,0,0,0,0,0,0,0,0,0,0,0,0,0,0,0,0,0,0,0,0,0,1,0,0,0,0,0,0,0,0,0,0,0,2
java.lang.NumberFormatException: multiple points
thread is open, sizeMB2000
print extradionario!!!!
0.563782,0.225,0.333333,0.27917,0.497416,0.60.669835,0.416667,0.19697,0.403722,0.333333,0.480399,0.929134,0.940945,0.511811,0.485571,1,0,0,0,0,0,0,0,0,0,0,0,0,0,0,0,0,0,0,0,0,0,0,0,0,0,0,0,0,0,0,0,0,0,0,0,0,0,0,0,0,0,1,0,10.668334,0.425,0.181818,0.384395,0.329457,0.483209,0.92126,0.948819,0.535433,0.481389,1,0,0,0,0,0,0,0,0,0,0,0,0,0,0,0,0,0,0,0,0,0,0,0,0,0,0,0,0,0,0,0,1,0,0,0,0,0,0,0,0,0,0,0,2
java.lang.NumberFormatException: multiple points
thread is open, sizeMB500
print extradionario!!!!
0.451726,0.875,0.075758,0.042949,0.224806,0.306871,0.811024,0.929134,0.660.586293,0,0.181818,0.298497,0.236434,0.524519,0.795276,0.854331,0.598425,0.366653,1,0,0,0,0,0,0,0,0,0,0,0,0,0,0,0,0,0,0,0,0,0,0,0,0,0,0,0,0,0,0,0,1,0,0,0,0,0,0,0,0,0,0,0,20.586293,0,0.181818,0.307802,0.232558,0.528594,0.795276,0.854331,0.598425,0.363167,1,0,0,0,0,0,0,0,0,0,0,0,0,0,0,0,0,0,0,0,0,0,0,0,0,0,0,0,0,0,0,0,1,0,0,0,0,0,0,0,0,0,0,0,2
java.lang.NumberFormatException: multiple points
[newChuckSize]:500
thread is open, sizeMB2000
[newChuckSize]:2000
thread is open, sizeMB2000
thread is open, sizeMB2000
thread is open, sizeMB2000
thread is open, sizeMB2000
print extradionario!!!!
0.428214,0.886111,0.318182,0.077309,0.255814,0.12168,0.629921,0.840.463732,0.013889,0.19697,0.021475,0.236434,0.188703,0.799213,0.84252,0.582677,0.347972,0,0,1,0,0,0,0,0,0,0,0,0,0,0,0,0,0,0,0,0,0,0,0,1,0,0,0,0,0,0,0,0,0,0,0,0,0,0,0,0,0,0,0,0,20.463232,0.019444,0.227273,0,0.223514,0.187158,0.795276,0.826772,0.566929,0.34839,0,0,1,0,0,0,0,0,0,0,0,0,0,0,0,0,0,0,0,0,0,0,0,1,0,0,0,0,0,0,0,0,0,0,0,0,0,0,0,0,0,0,0,0,2
java.lang.NumberFormatException: multiple points
thread is open, sizeMB2000
print extradionario!!!!
0.115558,0.105556,0.5,0.251253,0.390181,0.054798,0.787402,0.594488,0.251960.544272,0.705556,0.090909,0.224052,0.257106,0.295771,0.811024,0.96063,0.692913,0.277987,0,0,1,0,0,0,0,0,0,0,0,0,0,0,0,0,0,0,0,0,0,0,0,0,0,0,0,0,0,0,0,0,0,0,0,1,0,0,0,0,0,0,0,0,20.545273,0.7,0.075758,0.23121,0.25969,0.299424,0.818898,0.96063,0.681102,0.280915,0,0,1,0,0,0,0,0,0,0,0,0,0,0,0,0,0,0,0,0,0,0,0,0,0,0,0,0,0,0,0,0,0,0,0,1,0,0,0,0,0,0,0,0,2
java.lang.NumberFormatException: multiple points
thread is open, sizeMB2000
thread is open, sizeMB2000
thread is open, sizeMB2000
print extradionario!!!!
0.708354,0.547222,0.09090.226113,0.661111,0.30303,0.2398,0.44186,0.134186,0.708661,0.996063,0.811024,0.141085,0,0,0,1,1,0,0,0,0,0,0,0,0,0,0,0,0,0,0,0,0,0,0,0,0,0,0,0,0,0,0,0,0,0,0,0,0,0,0,0,0,0,0,0,30.116558,0.766667,0.393939,0.021475,0.242894,0.203738,0.551181,0.92126,0.901575,0.109438,0,0,0,1,0,0,0,0,0,0,0,0,0,0,0,0,0,0,0,0,1,0,0,0,0,0,0,0,0,0,0,0,0,0,0,0,0,0,0,0,0,0,0,0,3
java.lang.NumberFormatException: multiple points
thread is open, sizeMB2000
print extradionario!!!!
0.506253,0.233333,0.136364,0,0.223514,0.022762,0.91730.236618,0.891667,0.5,0.107373,0.282946,0.186174,0.472441,0.744094,0.783465,0.125471,0,0,0,1,0,0,0,0,0,0,0,0,0,1,0,0,0,0,0,0,0,0,0,0,0,0,0,0,0,0,0,0,0,0,0,0,0,0,0,0,0,0,0,0,30.242121,0.911111,0.484848,0.085898,0.284238,0.185893,0.496063,0.720472,0.73622,0.125471,0,0,0,1,0,0,0,0,0,0,0,0,0,1,0,0,0,0,0,0,0,0,0,0,0,0,0,0,0,0,0,0,0,0,0,0,0,0,0,0,0,0,0,0,3
java.lang.NumberFormatException: multiple points
thread is open, sizeMB2000
thread is open, sizeMB2000
learning evaluation instances,Wall Time (Actual Time),Avg Delay (ms),outRate (inst/s),classified instances,classifications correct (percent),Kappa Statistic (percent),Kappa Temporal Statistic (percent),Kappa M Statistic (percent),F1 Score (percent),F1 Score for class 0 (percent),F1 Score for class 1 (percent),F1 Score for class 2 (percent),F1 Score for class 3 (percent),F1 Score for class 4 (percent),F1 Score for class 5 (percent),F1 Score for class 6 (percent),Precision (percent),Precision for class 0 (percent),Precision for class 1 (percent),Precision for class 2 (percent),Precision for class 3 (percent),Precision for class 4 (percent),Precision for class 5 (percent),Precision for class 6 (percent),Recall (percent),Recall for class 0 (percent),Recall for class 1 (percent),Recall for class 2 (percent),Recall for class 3 (percent),Recall for class 4 (percent),Recall for class 5 (percent),Recall for class 6 (percent),model training instances,model serialized size (bytes)
123372.0,121.45500183105469,1868.0,1015.7836303710938,122000.0,88.92213114754098,81.32284703466411,-52.48787092406626,75.29431120210587,69.59911406579144,?,86.04230891889019,92.45411382206977,88.89494630104127,73.20793085917641,71.97403589156166,71.86559679037111,72.53288402674639,0.0,91.36324055858354,89.22538910236916,85.28242677824268,74.22680412371135,83.03964757709251,84.5926800472255,66.89344501375459,0.0,81.30704322369554,95.92528197583701,92.82705226004782,72.21664994984955,63.51078167115903,62.46730601569311,0.0,1.0
